constructTestCases(): generating 37 specified cases ...  DONE
 1.600  -0.100  -0.200   1.000  -0.200   0.200        100    52244.66   2607.84     90.36     47.46           88.68     61.51     59.96     12.19     -3.72     61.34     51.96     62.08     92.15     22.70     98.53     94.62     54.60     99.20      6.00     11.33     62.72      7.00     57.28     14.51     19.20     15.96     76.00     24.55     73.60     37.43     25.81     59.20     32.67     55.65     82.72     25.94      8.40     73.96     69.39     27.91     33.11 
 0.500  -0.100   0.400   0.800   0.100   0.300        100    52339.92   2512.58     90.70     47.78           84.34     65.84     74.68     11.01      7.72     47.82     59.43     56.23     90.63     24.12     99.12     97.15      4.60     99.20     26.40     13.87     64.86      2.80     52.60     21.31     29.76     15.31     75.90     16.59     81.20     37.67     22.61     38.03     42.50     62.24     82.52     22.41     24.36     76.75     71.52     30.45     34.17 
 1.500  -0.100   0.000   1.400  -0.200  -0.500        100    52333.07   2519.43     90.60     48.03           92.12     56.12     54.06     16.08      0.44     67.46     50.17     61.60     87.95     24.75     98.49     93.30     40.80     98.80     12.00      6.67     55.12     25.20     66.22      8.00      9.60     24.09     81.50     16.28     87.80     41.18     25.23     60.43     33.82     52.12     82.58     27.60     16.70     74.24     69.35     29.94     29.29 
 1.500  -0.100   0.000   1.300  -0.200  -0.500        100    52347.50   2505.00     90.52     46.05           87.76     61.47     61.36     10.80     -0.17     62.70     51.01     59.96     89.63     24.95     98.73     95.37    -23.40     98.80     10.80     16.13     59.50      0.20     62.20      3.01     17.04     28.45     83.06     23.13     81.40     41.62     16.16     53.65     40.98     55.97     82.73     29.46     12.74     74.98     69.24     31.12     31.11 
 0.800   0.500   0.300   1.000  -0.200   0.100        100    52224.33   2628.17     90.36     47.80           89.32     67.88     67.22     13.57      6.44     53.80     53.73     58.68     89.73     19.63     98.53     96.33     43.00     99.20     10.80      2.93     61.48     15.00     58.90      8.75     30.24     18.22     78.92     16.12     68.60     42.02     22.72     51.25     43.21     59.07     82.70     24.51     15.74     74.12     70.86     25.61     29.81 
 1.100  -0.400  -0.200   0.900   0.200  -0.400        100    52423.69   2428.81     90.87     49.38           90.10     68.25     64.66     18.13      3.89     43.75     57.75     60.90     87.97     38.68     98.42     96.32     11.20     99.20     19.40     -3.20     59.86     24.80     70.06     24.19     43.52     39.48     88.66     21.35     61.80     40.07     14.83     34.29     38.86     60.52     82.68     14.13     20.98     75.62     71.52     44.08     40.37 
 1.100  -0.300  -0.500   1.200  -0.200  -0.500        100    52608.94   2243.56     91.24     49.48           88.54     64.57     62.82      8.53      2.67     61.19     52.83     58.33     86.05     51.05     98.76     96.62     29.20     99.20      3.80     -3.60     62.34     13.60     61.90     11.12     32.40     35.52     87.43     13.03     79.40     47.05     12.75     50.83     39.53     58.67     82.87     17.84     11.91     77.45     71.21     54.12     49.27 
 0.900  -0.300  -0.200   0.600   0.200   0.100        100    52456.62   2395.88     90.93     49.82           88.32     68.35     75.92     20.08      1.61     26.38     52.40     57.05     83.88     29.54     99.31     96.25     27.60     99.60     26.20      6.80     69.02     13.20     64.42     18.93     33.04     26.83     83.81     24.55     78.80     38.06     28.59     46.56     39.50     62.49     82.80     20.67     20.53     78.01     71.88     40.77     41.66 
 0.800   0.500   0.300   0.900  -0.200   0.100        100    52217.09   2635.41     90.30     45.71           88.48     68.11     69.40     12.93      3.06     47.24     57.08     60.08     88.09     22.15     99.35     96.32    -10.60     99.20      4.80     14.40     64.02     11.20     40.24     12.61     32.08     20.70     80.59     18.88     61.40     40.46      9.17     52.37     45.67     58.48     82.60     23.92     13.19     75.31     70.47     27.50     30.40 
 1.100  -0.400  -0.400   0.300   0.000   0.000        100    52573.27   2279.23     91.29     52.51           92.32     81.43     76.84     28.43     10.11      6.66     42.75     45.45     86.60     59.41     99.68     97.67     26.20     99.60     28.20     27.87     57.96     21.60     84.16     19.20     50.64     65.07     92.34     33.53     49.80     38.94     18.03     44.19     40.27     43.98     82.54     20.72     10.64     80.48     76.44     55.67     47.55 
 0.400  -0.200  -0.200   1.100   0.300  -0.400        100    52414.96   2437.54     90.85     46.12           76.38     57.51     60.14      6.24     -2.56     38.24     63.54     53.51     88.96     39.02     99.11     95.57     -5.80     99.20     13.40      9.20     57.88     15.00     49.06     23.95     13.76     25.16     83.91     15.86     80.60     29.83     21.87     26.11     31.20     67.21     82.30     20.63     30.68     73.69     67.69     50.35     48.12 
 1.200   0.100  -0.500   0.900   0.400   0.200        100    52226.87   2625.63     90.43     46.19           90.14     60.44     66.12      7.33     -3.89     53.39     55.80     60.69     91.31     18.23     98.66     95.80     -4.60     99.20      6.00     11.07     64.64     25.20     60.16     18.96     16.88     14.44     74.61     14.45     75.20     37.71     16.64     57.20     38.34     55.24     82.81     28.31     21.74     75.47     69.21     25.61     30.39 
 0.700   0.500   0.300   0.900  -0.200   0.100        100    52208.02   2644.48     90.35     47.73           84.72     65.29     64.34      7.31      5.33     50.24     53.30     60.70     90.42     25.08     99.08     97.85      6.80     99.20     16.00      5.33     62.98     12.20     74.38     10.77     40.16     21.48     80.78     21.71     57.80     42.17     34.24     44.40     38.70     56.31     82.92     21.67     28.45     74.09     71.73     28.24     30.02 
 0.900   0.000   0.300   0.700   0.400   0.200        100    52127.80   2724.70     90.20     45.95           94.10     63.84     70.72     14.29      7.28     37.85     55.85     59.02     90.84     16.51     99.80     96.95    -25.60     99.60      9.00     17.20     65.60     16.80     74.98     11.23     36.16     17.87     78.41     26.31     52.00     42.45      5.01     41.76     43.66     63.25     82.78     20.65     15.68     74.09     71.62     24.45     28.25 
 1.000  -0.200   0.200   1.200  -0.300  -0.100        100    52386.19   2466.31     90.64     46.52           88.62     60.00     57.24     11.84     -0.17     64.23     58.23     59.69     88.53     29.18     98.30     95.35    -13.40     99.20     15.40     13.07     58.98     -4.40     63.28     -2.80     13.60     19.21     79.31     15.38     86.40     42.10     38.08     47.36     41.30     59.25     82.43     23.42     19.38     76.07     70.98     33.55     32.97 
 1.200   0.000  -0.400   0.800  -0.100  -0.100        100    52376.93   2475.57     90.96     49.88           92.56     68.41     71.30     10.03     -2.39     42.81     53.43     58.78     86.18     36.21     98.56     97.75      2.60     99.20     14.80     20.80     73.40     20.80     80.98      7.09     41.36     31.59     88.11     28.60     60.80     42.78      8.85     52.27     43.80     57.18     82.41     19.64     30.81     77.45     70.06     39.81     36.75 
 0.700  -0.400  -0.300   1.000  -0.200  -0.400        100    52651.15   2201.35     91.58     50.65           90.84     69.28     63.16     14.96     10.94     48.49     58.06     54.00     85.22     58.77     99.44     95.50     12.60     99.20     14.80      6.13     68.44      0.20     65.98      5.55     31.44     43.44     90.55     18.15     88.80     41.16     20.00     31.36     35.36     61.53     82.71     22.46     30.74     75.23     66.31     61.41     51.69 
 0.800  -0.400  -0.100   0.600   0.200  -0.500        100    52549.70   2302.80     91.28     51.30           80.82     74.75     74.64     20.37      1.39     13.67     49.06     52.92     85.26     56.72     98.95     97.02      5.60     99.60     28.00     24.93     65.88     25.40     70.18     12.88     57.36     71.54     91.86     32.46     55.60     37.33      4.59     36.05     35.27     51.47     82.61     28.03     23.66     78.22     71.17     55.22     47.58 
 0.600  -0.200   0.500   0.800   0.100   0.200        100    52323.36   2529.14     90.68     47.68           84.92     63.44     67.74     11.76     -1.00     36.50     57.52     55.41     86.06     22.59     99.01     96.13     23.20     99.20     24.00     13.87     59.52     22.40     63.28     -0.56     34.56     18.55     78.44     26.90     88.00     37.38     22.29     43.44     33.42     60.71     82.75     17.69     25.77     77.25     70.96     29.18     31.86 
 0.900  -0.400  -0.400   0.500  -0.100   0.200        100    52550.42   2302.08     91.35     49.16           86.44     77.56     79.52     22.75      9.56     14.60     47.47     53.20     87.45     56.22     99.55     96.72      4.60     99.60     17.20     12.53     70.34     18.40     60.04     11.87     29.12     32.77     86.97     28.62     63.00     43.52      7.73     30.67     32.11     49.35     82.64     25.22     18.04     78.48     72.84     57.90     54.36 
 0.900  -0.500  -0.200   1.000   0.000  -0.400        100    52534.28   2318.22     91.46     51.06           88.80     65.32     70.50     10.43      5.06     51.99     58.99     56.68     90.30     53.01     98.84     98.52     20.40     99.20     -2.20     22.53     61.12     13.40     72.16      8.40     38.64     37.18     88.95     18.81     60.60     43.27     32.91     52.40     35.93     60.77     82.95     17.49     21.74     75.68     69.81     55.82     52.95 
 1.200  -0.200   0.500   1.000   0.000  -0.400        100    52381.41   2471.09     90.62     47.45           89.78     66.32     65.10     19.41      7.67     49.72     54.66     59.19     90.52     26.42     98.81     96.30     19.60     99.20      9.60      6.80     67.70     -2.00     69.16     -6.35     13.68     32.88     84.17     22.95     84.20     41.39      5.01     55.95     45.89     54.40     82.41     24.96     16.38     76.43     70.10     28.77     28.67 
 1.100  -0.300  -0.400   1.000  -0.400   0.000        100    52509.35   2343.15     91.09     47.92           89.04     65.00     68.20     11.73      0.72     55.18     53.85     58.94     87.00     44.62     98.97     96.50    -29.00     99.20     26.20      0.00     67.48     13.00     63.16      8.13     19.44     22.23     82.47     24.73     73.00     41.56     13.28     52.77     37.65     57.69     82.54     21.87     19.83     77.53     72.17     50.03     46.46 
 1.100  -0.200  -0.100   1.200   0.200  -0.400        100    52416.20   2436.30     90.84     47.00           86.86     58.91     61.18     11.73      5.33     64.99     56.92     59.72     88.79     27.63     98.89     95.43    -17.00     99.20     10.40     13.33     63.60     14.00     62.20      1.52     22.56     22.28     81.20     26.93     86.00     38.09     15.52     45.97     39.40     63.03     82.55     22.68     12.94     75.94     71.20     32.46     36.71 
 1.200   0.400  -0.200   1.000   0.400  -0.300        100    52268.84   2583.66     90.53     47.76           90.22     58.73     70.60     15.57     -9.67     55.47     50.83     61.07     88.55     18.64     98.69     96.88     31.00     99.20     10.80     11.33     65.94     20.00     64.36     -1.55     33.20     24.16     82.49     29.23     79.20     45.26      7.31     59.47     34.42     54.42     82.73     26.54     14.47     73.37     68.93     25.33     30.03 
 1.100  -0.200   0.400   0.500   0.100  -0.400        100    52172.05   2680.45     90.06     47.29           88.52     75.92     72.90     27.23      4.17      8.71     47.04     53.37     89.40     23.33     99.38     98.10    -11.80     99.60     16.40      6.93     68.58     24.20     68.62     21.95     66.96     51.22     87.64     26.49     49.60     40.98     11.73     38.32     38.25     49.07     82.54     20.16      9.94     78.64     71.17     26.03     18.63 
 1.000  -0.100  -0.400   0.800  -0.100  -0.300        100    52694.05   2158.45     91.62     50.70           90.28     75.43     72.90     19.44     -2.33     37.70     51.94     56.88     87.32     48.67     99.40     96.60     17.20     99.60      5.20     22.00     67.22     11.00     58.54     13.17     28.88     49.76     89.94     24.55     97.00     41.77      7.89     41.79     45.64     57.43     82.55     19.30     21.36     76.47     73.76     47.52     42.06 
 0.600   0.500   0.300   1.100  -0.200   0.200        100    52198.89   2653.61     90.18     45.28           84.44     59.97     62.38      4.67      4.11     65.95     56.01     58.01     89.12     21.14     98.90     95.72     -4.80     99.20     21.40      4.40     60.62      2.00     30.88     -6.56     29.44     14.26     75.36     24.89     68.20     38.76     22.29     55.39     42.93     59.23     83.09     26.01     25.83     75.95     68.54     26.31     31.16 
 1.800  -0.200   0.200   1.300  -0.200  -0.400        100    52207.56   2644.94     90.05     45.19           85.60     59.84     54.06     12.16     -2.06     61.22     51.93     62.44     90.07     21.65     97.88     95.35      4.00     98.80     11.40      8.13     58.72     -6.80     60.82     12.37     23.36     23.24     77.27     15.41     74.20     38.82     16.05     62.48     32.89     45.37     82.30     27.45     16.77     74.11     68.86     28.70     27.18 
 1.100  -0.100  -0.500   0.900  -0.200  -0.200        100    52456.46   2396.04     90.80     48.54           86.08     69.77     59.30      9.65      4.61     43.85     53.21     60.86     88.92     42.01     98.92     98.65     32.00     99.20      4.20      0.00     60.64     -9.60     62.26      6.59     32.72     34.41     87.43     29.99     61.80     42.25     22.03     49.73     38.31     62.37     82.50     22.61     18.87     76.73     70.66     49.59     42.93 
 1.400  -0.200   0.100   1.300  -0.200  -0.500        100    52359.56   2492.94     90.67     46.38           86.38     63.49     59.70     13.95      1.83     60.18     55.51     61.90     91.00     27.60     98.52     95.73      9.00     98.80      5.20     18.27     54.94      6.80     57.10     -1.01     12.88     27.02     82.12     21.05     77.20     38.87     -0.27     61.04     38.46     50.44     82.42     22.30     26.53     75.63     73.24     31.65     30.60 
 1.000  -0.100   0.000   1.300  -0.200  -0.200        100    52365.46   2487.04     90.48     44.61           86.20     58.41     57.94     13.01      9.28     66.94     56.61     60.52     85.88     27.33     98.51     94.05    -32.60     98.80      1.80      5.73     58.06     -3.80     37.72      4.24     25.28     18.09     78.44     17.56     89.60     37.98     26.99     48.00     37.30     55.45     82.57     19.80     16.57     76.19     70.99     32.77     32.43 
 1.100  -0.300  -0.400   0.700  -0.200   0.000        100    52455.86   2396.64     90.90     48.70           88.02     73.36     72.92     26.43      6.50     27.41     45.61     57.04     88.87     49.67     99.54     96.45     -9.80     99.60     15.00      6.00     71.58      1.20     57.16     18.24     26.00     34.15     87.01     28.18     49.40     38.40     27.52     42.96     42.72     54.86     82.76     22.68     25.19     78.81     73.11     51.80     45.51 
 1.100  -0.300   0.100   1.100  -0.300   0.000        100    52417.61   2434.89     90.62     47.42           87.96     63.83     62.08      6.21      4.39     64.58     58.37     58.75     88.71     28.46     97.89     93.22     16.40     99.20     14.00     -0.27     61.72    -11.20     52.24     13.28     28.56     18.97     78.48     18.40     85.40     43.63     16.27     54.91     40.88     60.66     82.92     26.27     21.68     75.54     72.31     35.04     34.73 
