constructTestCases(): generating 11 specified cases ...  DONE
Procedure Optimizer.Optimize()
!!! --- WARNING --- !!! Oracle probabilites : ENABLED !!! --- WARNING --- !!!
Optimizer(): Simulated Annealing , Random-normalized optimality [%]
Optimizer(): config:  [[0.0], [0.5], [], 10, 10, 0.75, 0.01, 0.5, 0.01]
Optimizer(): selective:  0.000000  
Optimizer(): evals/step: 10
Optimizer(): numParams: 1 , completeRepeats: 100
MABsolver_config: algorithms: EpsGreedy , CP Disabled , CPT Davor , Reset: TODO
MABsolver_config: params: types:  Direct  Direct  Direct  Direct  
MABsolver_config: params: numInputs:  0  0  0  0  
MABsolver_config: params: weights:  [  0.100000  ]  [  2.500000  ]  [  0.200000  ]  [  5.000000  ]  
BanditTestBatch: casesIDs:  5  6  7  8  9  
BanditTestBatch: numCases: 5
BanditTestBatch: maxim sum reward: 2749.0
BanditTestBatch: random reward: 1865.5

    29.55     0.100000 
    14.29     0.000000 
    25.78     0.140173 
    14.29     0.000000 
    14.29     0.000000 
    14.29     0.000000 
    25.64     0.182877 
    28.45     0.083433 
    14.29     0.000000 
    14.29     0.000000 
    14.29     0.000000 
    30.85     0.049352 
    24.61     0.212889 
    33.02     0.009787 
    26.51     0.133580 
    21.48     0.290619 
    16.69     0.414652 
    14.25     0.487802 
    13.07     0.500000 
    13.42     0.500000 
    19.43     0.362763 
    22.73     0.275757 
    17.42     0.388708 
    24.23     0.214986 
    25.83     0.182626 
    31.35     0.023843 
    14.29     0.000000 
    25.79     0.159420 
    14.29     0.000000 
    14.29     0.000000 
    14.29     0.000000 
    14.29     0.000000 
    30.69     0.034118 
    14.29     0.000000 
    27.42     0.081286 
    30.63     0.042534 
    14.29     0.000000 
    28.35     0.101333 
    31.65     0.028610 
    29.14     0.048095 
    31.48     0.031197 
    26.16     0.126456 
    24.61     0.190441 
    27.86     0.099803 
    14.29     0.000000 
    23.91     0.229878 
    23.71     0.161840 
    31.27     0.031345 
    14.29     0.000000 
    36.70     0.007606 
    28.21     0.137992 
    29.03     0.068471 
    34.65     0.012077 
    14.29     0.000000 
    28.56     0.085009 
    14.29     0.000000 
    14.29     0.000000 
    14.29     0.000000 
    29.32     0.095986 
    38.16     0.007439 
    14.29     0.000000 
    30.18     0.078076 
    14.29     0.000000 
    14.29     0.000000 
    14.29     0.000000 
    14.29     0.000000 
    29.46     0.069585 
    29.17     0.080531 
    14.29     0.000000 
    14.29     0.000000 
    14.29     0.000000 
    14.29     0.000000 
    14.29     0.000000 
    32.87     0.008218 
    34.15     0.004423 
    31.13     0.064887 
    32.75     0.038567 
    29.58     0.081358 
    31.92     0.024584 
    30.36     0.070215 
    33.46     0.045830 
    30.42     0.059546 
    28.52     0.067622 
    28.26     0.067719 
    31.99     0.045188 
    31.10     0.019144 
    28.23     0.047061 
    34.67     0.004873 
    32.35     0.012774 
    34.48     0.021583 
    30.69     0.038279 
    34.18     0.017198 
    31.26     0.012556 
    33.67     0.013026 
    33.57     0.014634 
    33.19     0.012257 
    31.13     0.011549 
    34.80     0.009128 
    32.10     0.012256 
    34.91     0.004130 
    31.64     0.003610 
    33.07     0.004130 
    14.29     0.000000 
    30.00     0.063734 
    24.98     0.206004 
    17.68     0.386998 
    14.29     0.000000 
    14.29     0.000000 
    14.29     0.000000 
    14.29     0.000000 
    14.29     0.000000 
    14.29     0.000000 
    25.97     0.185157 
    19.46     0.346586 
    26.30     0.142499 
    23.15     0.274185 
    21.50     0.303853 
    14.95     0.467411 
    19.73     0.336454 
    24.43     0.219488 
    24.09     0.182613 
    20.64     0.315951 
    22.70     0.270604 
    25.97     0.137890 
    26.71     0.148674 
    14.29     0.000000 
    31.99     0.036956 
    28.08     0.106904 
    14.29     0.000000 
    25.94     0.180163 
    23.56     0.248284 
    27.34     0.108396 
    31.87     0.031026 
    29.04     0.100766 
    14.29     0.000000 
    14.29     0.000000 
    14.29     0.000000 
    14.29     0.000000 
    14.29     0.000000 
    14.29     0.000000 
    14.29     0.000000 
    14.29     0.000000 
    28.16     0.109874 
    29.11     0.096048 
    23.91     0.204681 
    30.97     0.064614 
    31.94     0.004703 
    14.29     0.000000 
    14.29     0.000000 
    14.29     0.000000 
    27.14     0.127735 
    22.99     0.247901 
    30.38     0.071260 
    29.51     0.098458 
    28.62     0.101246 
    27.87     0.109606 
    31.62     0.064326 
    28.08     0.090791 
    34.70     0.012851 
    14.29     0.000000 
    32.32     0.014331 
    14.29     0.000000 
    14.29     0.000000 
    28.49     0.100125 
    37.55     0.017634 
    14.29     0.000000 
    14.29     0.000000 
    28.71     0.095392 
    30.64     0.045012 
    28.52     0.095766 
    25.80     0.148729 
    27.56     0.114586 
    27.91     0.079334 
    31.20     0.050651 
    29.52     0.106564 
    30.55     0.042968 
    31.69     0.013186 
    14.29     0.000000 
    14.29     0.000000 
    31.96     0.029901 
    29.88     0.033152 
    14.29     0.000000 
    29.08     0.036684 
    41.03     0.002736 
    14.29     0.000000 
    32.75     0.002280 
    35.14     0.007931 
    14.29     0.000000 
    14.29     0.000000 
    33.98     0.029389 
    37.25     0.004695 
    31.96     0.019074 
    34.30     0.002822 
    30.04     0.002797 
    32.67     0.004691 
    14.29     0.000000 
    39.45     0.005617 
    33.08     0.004017 
    14.29     0.000000 
    14.29     0.000000 
    14.29     0.000000 
    14.29     0.000000 
    34.22     0.002736 
    14.29     0.000000 
    14.29     0.000000 
    25.82     0.139124 
    19.63     0.350307 
    25.72     0.187846 
    22.41     0.282997 
    25.78     0.149476 
    25.62     0.134676 
    30.39     0.056071 
    14.29     0.000000 
    14.29     0.000000 
    34.76     0.012607 
    14.29     0.000000 
    25.14     0.202991 
    14.29     0.000000 
    14.29     0.000000 
    23.12     0.219361 
    20.38     0.326894 
    17.55     0.409886 
    22.75     0.264863 
    23.64     0.209374 
    25.28     0.179804 
    14.29     0.000000 
    14.29     0.000000 
    14.29     0.000000 
    14.29     0.000000 
    14.29     0.000000 
    27.28     0.074545 
    23.95     0.201405 
    23.25     0.255499 
    23.87     0.195594 
    24.19     0.226005 
    23.96     0.246125 
    28.66     0.101588 
    14.29     0.000000 
    14.29     0.000000 
    14.29     0.000000 
    30.00     0.058166 
    27.96     0.095232 
    33.83     0.005978 
    26.74     0.124974 
    28.17     0.085150 
    14.29     0.000000 
    14.29     0.000000 
    14.29     0.000000 
    14.29     0.000000 
    14.29     0.000000 
    14.29     0.000000 
    14.29     0.000000 
    28.54     0.101572 
    14.29     0.000000 
    34.07     0.002970 
    14.29     0.000000 
    27.30     0.090038 
    14.29     0.000000 
    14.29     0.000000 
    32.89     0.040923 
    32.96     0.031925 
    30.34     0.054890 
    14.29     0.000000 
    14.29     0.000000 
    29.72     0.067590 
    30.81     0.058011 
    27.19     0.139089 
    29.84     0.057063 
    29.74     0.042614 
    28.73     0.068448 
    29.34     0.093405 
    29.71     0.053541 
    14.29     0.000000 
    29.42     0.106021 
    26.57     0.118537 
    27.12     0.154780 
    28.16     0.138779 
    28.74     0.128068 
    28.53     0.095194 
    27.17     0.134453 
    27.55     0.089027 
    26.79     0.117447 
    26.01     0.117234 
    28.28     0.116272 
    26.80     0.120920 
    27.96     0.092906 
    28.54     0.122475 
    25.44     0.135607 
    26.57     0.140821 
    28.60     0.110493 
    28.64     0.082742 
    28.03     0.099074 
    28.85     0.078138 
    29.66     0.078254 
    30.23     0.074433 
    30.26     0.077414 
    30.52     0.074957 
    28.93     0.079141 
    29.58     0.074827 
    31.20     0.073316 
    29.56     0.077496 
    29.72     0.068919 
    28.87     0.077840 
    30.22     0.073316 
    29.14     0.064081 
    22.45     0.253682 
    30.44     0.047005 
    25.98     0.157792 
    26.80     0.109819 
    26.08     0.133782 
    14.29     0.000000 
    23.19     0.252113 
    37.59     0.012349 
    14.29     0.000000 
    26.38     0.131012 
    14.29     0.000000 
    14.29     0.000000 
    27.89     0.089349 
    28.97     0.057051 
    26.10     0.177397 
    28.08     0.133970 
    28.49     0.090510 
    29.43     0.133013 
    31.67     0.030945 
    14.29     0.000000 
    23.98     0.196563 
    24.41     0.231212 
    25.52     0.232008 
    25.46     0.165246 
    14.29     0.000000 
    29.00     0.130817 
    27.74     0.096434 
    22.85     0.276764 
    26.78     0.061588 
    25.62     0.170545 
    22.13     0.277242 
    26.09     0.169692 
    25.77     0.138723 
    23.42     0.234038 
    14.29     0.000000 
    20.76     0.304579 
    24.63     0.259206 
    27.84     0.100764 
    25.30     0.134606 
    33.77     0.007666 
    14.29     0.000000 
    27.40     0.119770 
    27.82     0.111830 
    14.29     0.000000 
    14.29     0.000000 
    30.19     0.047148 
    26.47     0.132815 
    23.91     0.188911 
    26.81     0.133045 
    26.21     0.176014 
    23.05     0.253304 
    25.28     0.211258 
    24.41     0.172853 
    25.89     0.162542 
    23.91     0.192775 
    22.84     0.273582 
    28.60     0.059778 
    36.08     0.017012 
    14.29     0.000000 
    32.84     0.038368 
    32.64     0.010189 
    26.69     0.091119 
    27.75     0.099411 
    31.26     0.061187 
    27.65     0.088937 
    14.29     0.000000 
    14.29     0.000000 
    14.29     0.000000 
    14.29     0.000000 
    14.29     0.000000 
    29.73     0.063256 
    14.29     0.000000 
    14.29     0.000000 
    32.49     0.031110 
    31.13     0.007674 
    34.59     0.019207 
    36.62     0.009599 
    14.29     0.000000 
    32.12     0.023571 
    14.29     0.000000 
    31.07     0.032674 
    31.86     0.025964 
    31.77     0.027016 
    34.56     0.010257 
    31.35     0.039441 
    31.14     0.020979 
    30.22     0.031558 
    14.29     0.000000 
    30.37     0.022701 
    33.31     0.009198 
    31.73     0.005872 
    36.52     0.005523 
    34.28     0.010337 
    34.02     0.002648 
    33.54     0.005076 
    38.43     0.005016 
    31.93     0.009260 
    29.68     0.000624 
    26.52     0.001219 
    34.74     0.005016 
    14.29     0.000000 
    30.99     0.014712 
    14.29     0.000000 
    14.29     0.000000 
    14.29     0.000000 
    35.32     0.014238 
    31.60     0.064773 
    14.29     0.000000 
    27.03     0.122205 
    24.18     0.247140 
    20.44     0.327708 
    19.90     0.335774 
    22.09     0.283383 
    22.71     0.258265 
    19.89     0.343623 
    14.15     0.500000 
    15.78     0.455982 
    20.34     0.329272 
    24.67     0.198789 
    17.18     0.404435 
    21.89     0.281208 
    23.77     0.250998 
    25.51     0.161101 
    23.26     0.247816 
    20.10     0.341085 
    27.09     0.134879 
    14.29     0.000000 
    31.49     0.040107 
    32.80     0.041350 
    14.29     0.000000 
    27.37     0.094705 
    14.29     0.000000 
    34.90     0.058129 
    29.23     0.087943 
    32.59     0.008179 
    14.29     0.000000 
    14.29     0.000000 
    26.62     0.112669 
    24.39     0.217380 
    19.72     0.355409 
    17.81     0.415421 
    13.63     0.500000 
    13.46     0.500000 
    17.96     0.371701 
    17.43     0.383640 
    19.73     0.346952 
    14.07     0.476980 
    19.13     0.355163 
    19.77     0.344430 
    20.83     0.324331 
    25.00     0.226479 
    24.41     0.232467 
    26.72     0.149028 
    26.61     0.137642 
    23.65     0.225371 
    25.22     0.177564 
    28.87     0.154106 
    24.95     0.186144 
    32.58     0.044348 
    14.29     0.000000 
    28.47     0.097864 
    14.29     0.000000 
    31.57     0.053026 
    27.60     0.095449 
    34.36     0.009148 
    35.02     0.007655 
    30.88     0.029275 
    14.29     0.000000 
    34.20     0.028931 
    14.29     0.000000 
    34.46     0.022860 
    28.92     0.070985 
    30.30     0.039605 
    29.65     0.046564 
    36.39     0.010473 
    14.29     0.000000 
    14.29     0.000000 
    14.29     0.000000 
    14.29     0.000000 
    14.29     0.000000 
    35.73     0.006540 
    14.29     0.000000 
    14.29     0.000000 
    35.14     0.010516 
    39.79     0.004225 
    14.29     0.000000 
    34.90     0.003876 
    14.29     0.000000 
    14.29     0.000000 
    34.37     0.014338 
    34.55     0.001714 
    16.87     0.000043 
    26.67     0.000238 
    37.35     0.008062 
    36.12     0.004944 
    14.29     0.000000 
    33.90     0.005868 
    33.13     0.006283 
    26.90     0.001069 
    29.85     0.000710 
    32.92     0.004225 
    14.29     0.000000 
    26.71     0.118502 
    25.15     0.174195 
    14.29     0.000000 
    30.55     0.045043 
    14.29     0.000000 
    25.08     0.184535 
    29.76     0.070506 
    24.65     0.179495 
    21.11     0.307023 
    24.75     0.175879 
    26.68     0.094846 
    24.50     0.211642 
    25.57     0.137783 
    24.76     0.156280 
    27.65     0.051436 
    28.15     0.092239 
    14.29     0.000000 
    28.69     0.065429 
    22.43     0.272390 
    22.44     0.278672 
    26.97     0.121797 
    22.61     0.261955 
    18.44     0.367626 
    14.16     0.500000 
    13.28     0.500000 
    13.53     0.500000 
    20.39     0.342039 
    19.69     0.338956 
    13.84     0.497169 
    13.46     0.500000 
    16.83     0.405309 
    19.25     0.352760 
    13.90     0.497900 
    14.29     0.473503 
    13.66     0.500000 
    16.34     0.427584 
    19.48     0.358524 
    15.64     0.447787 
    24.54     0.232003 
    25.60     0.197102 
    20.69     0.303976 
    19.27     0.376737 
    19.99     0.324985 
    19.11     0.365264 
    16.33     0.423347 
    14.26     0.464138 
    20.79     0.305707 
    18.41     0.369490 
    22.55     0.255380 
    21.90     0.294960 
    20.73     0.310331 
    24.11     0.227233 
    24.96     0.214015 
    27.49     0.116481 
    29.72     0.061933 
    29.90     0.020486 
    29.80     0.041107 
    30.17     0.078816 
    14.29     0.000000 
    29.90     0.086476 
    29.99     0.080959 
    26.77     0.155902 
    29.52     0.084842 
    26.48     0.157194 
    30.17     0.043451 
    30.39     0.036944 
    29.37     0.059577 
    29.64     0.000466 
    29.09     0.078872 
    27.83     0.125892 
    26.67     0.097783 
    30.58     0.026225 
    31.17     0.024502 
    14.29     0.000000 
    14.29     0.000000 
    31.50     0.056179 
    33.90     0.029123 
    31.11     0.039993 
    29.69     0.070093 
    31.31     0.034661 
    25.43     0.001040 
    38.07     0.005472 
    32.43     0.017833 
    32.74     0.023937 
    37.13     0.009394 
    29.73     0.034194 
    14.29     0.000000 
    14.29     0.000000 
    14.29     0.000000 
    33.67     0.011852 
    34.62     0.008877 
    37.71     0.011075 
    33.08     0.013598 
    35.80     0.010727 
    32.46     0.006653 
    33.42     0.010168 
    38.41     0.006790 
    33.10     0.010024 
    32.45     0.008071 
    33.44     0.006790 
    14.29     0.000000 
    14.29     0.000000 
    30.25     0.090768 
    24.00     0.233613 
    27.65     0.074850 
    26.57     0.183993 
    20.46     0.319001 
    24.92     0.209135 
    22.86     0.263358 
    17.84     0.397193 
    14.27     0.500000 
    13.78     0.500000 
    19.37     0.350570 
    21.18     0.298774 
    17.99     0.406751 
    18.60     0.365336 
    20.21     0.321202 
    24.58     0.181608 
    24.11     0.233067 
    24.74     0.184992 
    23.64     0.257291 
    18.80     0.369667 
    26.07     0.170128 
    24.72     0.200420 
    18.17     0.381388 
    17.32     0.395400 
    19.06     0.369107 
    26.01     0.152740 
    21.24     0.292965 
    26.53     0.146246 
    20.33     0.306627 
    26.19     0.144385 
    29.07     0.065513 
    24.55     0.217438 
    26.52     0.149399 
    28.77     0.048000 
    31.69     0.001765 
    14.29     0.000000 
    14.29     0.000000 
    31.56     0.045422 
    14.29     0.000000 
    27.02     0.115720 
    37.71     0.007859 
    14.29     0.000000 
    31.02     0.074616 
    14.29     0.000000 
    14.29     0.000000 
    32.06     0.049460 
    31.09     0.065284 
    14.29     0.000000 
    14.29     0.000000 
    14.29     0.000000 
    38.26     0.006854 
    28.16     0.114459 
    14.29     0.000000 
    26.48     0.120483 
    14.29     0.000000 
    27.10     0.072887 
    28.16     0.064838 
    14.29     0.000000 
    14.29     0.000000 
    29.28     0.063910 
    14.29     0.000000 
    14.29     0.000000 
    31.96     0.052479 
    14.29     0.000000 
    33.95     0.033454 
    32.25     0.035811 
    36.38     0.020815 
    33.32     0.029200 
    14.29     0.000000 
    36.72     0.003586 
    14.29     0.000000 
    32.60     0.017005 
    14.29     0.000000 
    30.61     0.031004 
    14.29     0.000000 
    32.75     0.012007 
    14.29     0.000000 
    29.96     0.052579 
    31.71     0.034015 
    14.29     0.000000 
    14.29     0.000000 
    34.26     0.019070 
    31.52     0.003126 
    36.32     0.010386 
    14.29     0.000000 
    14.29     0.000000 
    31.78     0.026248 
    14.29     0.000000 
    34.15     0.001364 
    14.29     0.000000 
    31.39     0.003221 
    29.47     0.002765 
    34.67     0.008136 
    29.94     0.002578 
    32.95     0.003978 
    31.49     0.000622 
    35.15     0.004029 
    14.29     0.000000 
    31.44     0.003586 
    14.29     0.000000 
    14.29     0.000000 
    14.29     0.000000 
    26.87     0.173291 
    19.33     0.358795 
    25.63     0.140145 
    27.17     0.095896 
    14.29     0.000000 
    23.22     0.246417 
    34.65     0.041302 
    28.31     0.129756 
    27.02     0.169108 
    34.02     0.017157 
    14.29     0.000000 
    25.47     0.204122 
    27.63     0.089911 
    23.51     0.214231 
    14.29     0.000000 
    14.29     0.000000 
    14.29     0.000000 
    14.29     0.000000 
    26.66     0.100306 
    31.05     0.054566 
    14.29     0.000000 
    34.30     0.024302 
    30.29     0.051637 
    14.29     0.000000 
    14.29     0.000000 
    27.92     0.118608 
    22.14     0.278266 
    18.41     0.354335 
    18.61     0.373273 
    20.73     0.311503 
    14.39     0.472940 
    20.74     0.343839 
    25.63     0.211486 
    24.95     0.202306 
    26.47     0.133866 
    23.83     0.200574 
    31.20     0.044221 
    14.29     0.000000 
    14.29     0.000000 
    14.29     0.000000 
    30.57     0.029296 
    14.29     0.000000 
    28.66     0.137307 
    33.82     0.006535 
    27.64     0.142520 
    33.49     0.018880 
    14.29     0.000000 
    32.44     0.035927 
    28.64     0.102995 
    28.75     0.083396 
    26.99     0.130458 
    28.04     0.118046 
    27.92     0.128947 
    32.93     0.036318 
    32.65     0.030441 
    29.85     0.032942 
    28.57     0.068058 
    27.87     0.061410 
    27.62     0.108207 
    14.29     0.000000 
    14.29     0.000000 
    29.87     0.073117 
    14.29     0.000000 
    29.12     0.100191 
    14.29     0.000000 
    26.88     0.109115 
    26.24     0.111020 
    14.29     0.000000 
    33.69     0.004989 
    14.29     0.000000 
    14.29     0.000000 
    30.88     0.001570 
    14.29     0.000000 
    14.29     0.000000 
    14.29     0.000000 
    14.29     0.000000 
    32.44     0.001196 
    34.55     0.026425 
    29.99     0.033264 
    31.07     0.054851 
    30.22     0.048524 
    32.95     0.051561 
    29.83     0.069854 
    30.21     0.045148 
    30.48     0.035568 
    30.02     0.027357 
    32.64     0.028912 
    31.21     0.024701 
    33.50     0.029226 
    31.66     0.029015 
    30.67     0.031066 
    34.09     0.030987 
    31.46     0.031693 
    31.92     0.034195 
    31.42     0.033993 
    32.24     0.032673 
    33.45     0.028747 
    33.26     0.028747 
    26.37     0.211497 
    32.00     0.033205 
    27.08     0.146570 
    14.29     0.000000 
    14.29     0.000000 
    14.29     0.000000 
    14.29     0.000000 
    14.29     0.000000 
    14.29     0.000000 
    27.65     0.104445 
    27.49     0.118867 
    29.72     0.048263 
    27.99     0.066030 
    30.33     0.065179 
    14.29     0.000000 
    14.29     0.000000 
    14.29     0.000000 
    14.29     0.000000 
    23.75     0.219583 
    28.13     0.085322 
    23.74     0.240547 
    23.37     0.259117 
    25.16     0.227863 
    25.01     0.203369 
    17.60     0.397137 
    21.14     0.315147 
    15.59     0.450133 
    26.47     0.165254 
    25.20     0.172246 
    21.06     0.306962 
    27.80     0.110742 
    24.93     0.215172 
    21.75     0.282185 
    26.01     0.140450 
    21.95     0.302348 
    21.59     0.299487 
    31.38     0.067826 
    26.56     0.189209 
    24.92     0.216191 
    22.74     0.284221 
    19.43     0.343907 
    25.76     0.199169 
    29.57     0.165504 
    25.47     0.200115 
    24.46     0.222446 
    28.53     0.076632 
    30.32     0.058089 
    30.70     0.027121 
    14.29     0.000000 
    14.29     0.000000 
    14.29     0.000000 
    26.78     0.139744 
    29.04     0.071004 
    14.29     0.000000 
    26.52     0.143649 
    27.28     0.087063 
    31.21     0.072467 
    28.79     0.051899 
    28.40     0.079997 
    14.29     0.000000 
    28.26     0.078566 
    30.19     0.098396 
    30.30     0.041543 
    14.29     0.000000 
    31.98     0.031960 
    33.00     0.029982 
    31.35     0.059056 
    29.73     0.024864 
    33.72     0.007930 
    14.29     0.000000 
    30.07     0.064335 
    34.18     0.018038 
    29.43     0.043667 
    32.81     0.003656 
    33.17     0.014656 
    30.36     0.060471 
    29.98     0.064401 
    32.88     0.002047 
    31.62     0.009529 
    32.25     0.018872 
    14.29     0.000000 
    36.69     0.007979 
    35.06     0.024859 
    38.23     0.005491 
    36.12     0.031183 
    14.29     0.000000 
    30.27     0.026908 
    14.29     0.000000 
    14.29     0.000000 
    34.68     0.011156 
    34.23     0.001822 
    29.71     0.004246 
    34.86     0.002612 
    34.98     0.005228 
    33.27     0.009203 
    32.30     0.001269 
    33.71     0.010152 
    34.29     0.007636 
    37.20     0.004588 
    32.76     0.007360 
    33.74     0.005491 
    14.29     0.000000 
    27.43     0.113242 
    30.15     0.064103 
    26.37     0.145050 
    22.39     0.272143 
    24.02     0.216455 
    24.74     0.203792 
    22.73     0.274598 
    24.10     0.200211 
    14.29     0.000000 
    26.25     0.215488 
    24.47     0.254001 
    25.91     0.144249 
    24.29     0.237536 
    31.85     0.015832 
    14.29     0.000000 
    14.29     0.000000 
    24.20     0.193076 
    30.35     0.060303 
    22.71     0.273444 
    22.43     0.262785 
    30.40     0.073629 
    14.29     0.000000 
    37.41     0.004916 
    14.29     0.000000 
    14.29     0.000000 
    14.29     0.000000 
    25.88     0.145368 
    14.29     0.000000 
    34.20     0.019073 
    27.80     0.095332 
    25.61     0.140432 
    25.00     0.211133 
    34.35     0.013431 
    29.62     0.091576 
    32.28     0.039965 
    36.25     0.019810 
    25.63     0.179211 
    23.03     0.265658 
    19.79     0.342580 
    24.60     0.163042 
    24.57     0.160800 
    21.96     0.291341 
    26.92     0.155934 
    31.07     0.042129 
    30.88     0.050406 
    27.84     0.114876 
    30.13     0.054169 
    14.29     0.000000 
    26.26     0.151153 
    29.49     0.083591 
    31.12     0.015673 
    14.29     0.000000 
    14.29     0.000000 
    34.21     0.003697 
    14.29     0.000000 
    29.94     0.005789 
    14.29     0.000000 
    33.58     0.003855 
    14.29     0.000000 
    29.47     0.065458 
    30.44     0.071003 
    29.50     0.026486 
    14.29     0.000000 
    14.29     0.000000 
    29.97     0.046020 
    33.45     0.020005 
    31.53     0.045979 
    14.29     0.000000 
    28.65     0.094369 
    30.30     0.069130 
    14.29     0.000000 
    14.29     0.000000 
    14.29     0.000000 
    29.40     0.075723 
    35.71     0.006691 
    34.86     0.015961 
    14.29     0.000000 
    33.25     0.005263 
    33.33     0.015879 
    31.54     0.019283 
    33.45     0.022958 
    32.93     0.047750 
    29.52     0.041105 
    30.20     0.065056 
    30.59     0.067088 
    34.03     0.039665 
    29.55     0.037913 
    32.15     0.017088 
    29.07     0.055883 
    29.43     0.044168 
    30.83     0.037584 
    31.05     0.041723 
    28.09     0.039417 
    31.66     0.039864 
    33.87     0.036225 
    30.18     0.039687 
    34.28     0.033078 
    32.10     0.031754 
    31.15     0.028029 
    30.97     0.031754 
    14.29     0.000000 
    23.88     0.210317 
    21.42     0.303704 
    13.67     0.500000 
    18.36     0.368284 
    13.90     0.500000 
    14.02     0.500000 
    23.24     0.250518 
    30.92     0.034504 
    14.29     0.000000 
    14.29     0.000000 
    30.08     0.043850 
    14.29     0.000000 
    30.54     0.052935 
    24.57     0.213129 
    23.91     0.251833 
    31.07     0.084704 
    26.71     0.136576 
    30.87     0.072279 
    29.35     0.047588 
    14.29     0.000000 
    14.29     0.000000 
    26.82     0.102192 
    30.29     0.028116 
    14.29     0.000000 
    32.98     0.039701 
    25.85     0.140766 
    27.70     0.122158 
    25.26     0.157719 
    19.80     0.337411 
    23.16     0.269436 
    20.97     0.319048 
    18.47     0.387459 
    20.19     0.333307 
    20.52     0.326067 
    22.46     0.270803 
    26.09     0.115451 
    28.22     0.075447 
    14.29     0.000000 
    28.77     0.060140 
    30.74     0.061964 
    14.29     0.000000 
    28.39     0.126590 
    25.18     0.138480 
    25.23     0.148124 
    24.84     0.195954 
    27.23     0.095926 
    14.29     0.000000 
    14.29     0.000000 
    14.29     0.000000 
    33.04     0.014323 
    30.63     0.034877 
    14.29     0.000000 
    14.29     0.000000 
    14.29     0.000000 
    30.15     0.011057 
    28.18     0.101751 
    34.50     0.018121 
    14.29     0.000000 
    35.40     0.007261 
    28.76     0.049862 
    28.70     0.067069 
    31.28     0.027261 
    29.36     0.077810 
    26.71     0.161407 
    30.84     0.061375 
    29.21     0.066588 
    32.22     0.038509 
    14.29     0.000000 
    32.50     0.032399 
    30.10     0.057075 
    29.92     0.089219 
    29.95     0.053849 
    32.77     0.025263 
    29.09     0.029375 
    14.29     0.000000 
    29.74     0.052481 
    14.29     0.000000 
    29.93     0.068840 
    14.29     0.000000 
    32.02     0.036321 
    34.02     0.011222 
    14.29     0.000000 
    35.10     0.004424 
    33.29     0.026739 
    34.29     0.026462 
    33.38     0.051186 
    30.95     0.083016 
    33.85     0.020062 
    14.29     0.000000 
    32.17     0.024941 
    31.93     0.020946 
    33.43     0.023324 
    32.80     0.020589 
    33.60     0.020396 
    34.85     0.017068 
    29.81     0.019446 
    31.27     0.019092 
    32.74     0.018751 
    32.78     0.017061 
    30.87     0.017068 
    27.20     0.154163 
    14.29     0.000000 
    14.29     0.000000 
    24.19     0.203005 
    30.12     0.095865 
    24.29     0.236555 
    24.32     0.246192 
    32.99     0.020859 
    14.29     0.000000 
    14.29     0.000000 
    25.49     0.186104 
    26.16     0.181606 
    27.43     0.119674 
    26.65     0.125338 
    29.31     0.101538 
    21.48     0.274723 
    24.30     0.166381 
    27.88     0.117085 
    14.29     0.000000 
    23.66     0.239444 
    24.87     0.238308 
    22.73     0.263682 
    25.69     0.161896 
    25.01     0.189866 
    19.42     0.352382 
    13.78     0.496404 
    15.10     0.451240 
    26.52     0.166719 
    28.79     0.071175 
    14.29     0.000000 
    14.29     0.000000 
    37.43     0.007264 
    31.04     0.033127 
    25.94     0.128075 
    14.29     0.000000 
    30.81     0.025052 
    29.35     0.061523 
    25.37     0.171563 
    30.15     0.077447 
    14.29     0.000000 
    14.29     0.000000 
    24.13     0.195445 
    30.24     0.068274 
    30.47     0.056700 
    23.61     0.154926 
    28.86     0.074394 
    30.15     0.034707 
    14.29     0.000000 
    14.29     0.000000 
    30.16     0.040580 
    14.29     0.000000 
    25.51     0.144898 
    29.69     0.123546 
    23.93     0.183010 
    29.21     0.097969 
    24.41     0.204660 
    14.29     0.000000 
    27.76     0.109247 
    27.12     0.102227 
    32.63     0.041004 
    29.84     0.065932 
    32.10     0.037287 
    29.62     0.123293 
    26.32     0.154229 
    29.44     0.093282 
    28.75     0.119083 
    29.67     0.065607 
    28.69     0.104095 
    30.03     0.103875 
    27.47     0.112680 
    28.05     0.094079 
    28.39     0.107887 
    27.14     0.140628 
    25.87     0.152329 
    28.86     0.100284 
    29.86     0.080737 
    27.59     0.107045 
    30.30     0.057851 
    31.51     0.076199 
    27.23     0.108219 
    28.01     0.101407 
    29.34     0.063430 
    27.52     0.095364 
    28.19     0.077125 
    28.83     0.084743 
    27.06     0.105399 
    25.80     0.107962 
    28.53     0.092934 
    29.89     0.076245 
    30.55     0.048536 
    30.56     0.071642 
    29.17     0.076278 
    28.80     0.073221 
    27.82     0.074282 
    28.37     0.073295 
    26.43     0.075129 
    28.09     0.072571 
    30.46     0.077929 
    31.90     0.079893 
    29.65     0.083861 
    31.90     0.079893 
    14.29     0.000000 
    14.29     0.000000 
    20.13     0.324684 
    14.30     0.476614 
    13.63     0.500000 
    18.69     0.383262 
    14.67     0.500000 
    13.63     0.500000 
    13.27     0.500000 
    14.09     0.500000 
    21.36     0.292835 
    21.80     0.290318 
    30.08     0.073638 
    24.61     0.226349 
    28.69     0.110500 
    14.29     0.000000 
    14.29     0.000000 
    14.29     0.000000 
    14.29     0.000000 
    24.46     0.188966 
    29.84     0.091821 
    14.29     0.000000 
    26.52     0.184846 
    24.68     0.231505 
    18.55     0.375768 
    31.42     0.036415 
    24.97     0.215065 
    14.29     0.000000 
    14.29     0.000000 
    14.29     0.000000 
    28.46     0.089510 
    23.28     0.249428 
    14.29     0.000000 
    32.44     0.039979 
    30.95     0.044750 
    26.53     0.136159 
    29.14     0.054903 
    34.14     0.008925 
    26.52     0.106576 
    24.18     0.239116 
    26.99     0.152294 
    25.71     0.182663 
    23.42     0.228412 
    21.99     0.247116 
    18.16     0.372037 
    21.17     0.311409 
    23.02     0.236715 
    20.09     0.321559 
    23.03     0.254517 
    22.71     0.262915 
    24.30     0.218547 
    24.84     0.171167 
    28.03     0.096948 
    25.94     0.199121 
    31.93     0.028496 
    37.48     0.017924 
    14.29     0.000000 
    28.36     0.068350 
    14.29     0.000000 
    14.29     0.000000 
    14.29     0.000000 
    30.88     0.016821 
    28.77     0.065098 
    29.11     0.082935 
    32.30     0.009292 
    14.29     0.000000 
    14.29     0.000000 
    32.32     0.020768 
    29.88     0.056548 
    29.89     0.053277 
    30.83     0.056095 
    14.29     0.000000 
    31.30     0.060927 
    14.29     0.000000 
    14.29     0.000000 
    14.29     0.000000 
    14.29     0.000000 
    14.29     0.000000 
    31.08     0.018533 
    34.64     0.025156 
    14.29     0.000000 
    32.08     0.026456 
    29.69     0.053360 
    31.60     0.006847 
    31.65     0.029053 
    29.31     0.049074 
    31.35     0.020494 
    39.73     0.009955 
    32.85     0.020012 
    35.58     0.009061 
    33.84     0.011464 
    38.24     0.009482 
    33.68     0.012377 
    36.49     0.006955 
    35.30     0.012450 
    30.56     0.013792 
    32.04     0.010517 
    30.90     0.013240 
    37.30     0.009562 
    30.49     0.005115 
    32.58     0.009955 
    28.18     0.085761 
    26.22     0.133700 
    23.80     0.220997 
    26.20     0.108804 
    23.61     0.226378 
    26.86     0.138150 
    25.60     0.174253 
    24.91     0.212739 
    19.88     0.332506 
    14.29     0.000000 
    25.46     0.126231 
    26.75     0.126632 
    30.10     0.081251 
    28.53     0.060372 
    29.96     0.033204 
    29.70     0.022308 
    33.01     0.017923 
    14.29     0.000000 
    14.29     0.000000 
    26.89     0.149118 
    25.34     0.167624 
    30.04     0.077824 
    14.29     0.000000 
    25.37     0.191951 
    25.05     0.213394 
    30.09     0.067677 
    23.35     0.208276 
    34.82     0.005018 
    27.80     0.157435 
    26.55     0.170478 
    33.83     0.031970 
    25.82     0.173696 
    14.29     0.000000 
    30.42     0.035199 
    14.29     0.000000 
    29.97     0.052051 
    29.22     0.122216 
    14.29     0.000000 
    25.98     0.174635 
    29.75     0.026078 
    14.29     0.000000 
    14.29     0.000000 
    27.84     0.122756 
    30.00     0.053574 
    28.00     0.057594 
    28.34     0.094768 
    25.55     0.192055 
    20.60     0.318074 
    30.80     0.077199 
    27.21     0.133882 
    26.45     0.140680 
    30.84     0.065460 
    26.29     0.131528 
    32.15     0.056139 
    31.82     0.032722 
    14.29     0.000000 
    27.35     0.142101 
    30.65     0.066309 
    29.20     0.062991 
    30.55     0.069761 
    30.19     0.063827 
    30.34     0.014046 
    14.29     0.000000 
    30.88     0.056286 
    14.29     0.000000 
    29.83     0.080616 
    28.51     0.091542 
    26.96     0.105067 
    31.62     0.032581 
    27.92     0.089495 
    32.40     0.061027 
    31.40     0.049633 
    29.06     0.055001 
    27.73     0.089220 
    29.51     0.075736 
    28.49     0.103721 
    31.90     0.029360 
    30.09     0.079532 
    30.17     0.081261 
    27.58     0.128726 
    29.54     0.072247 
    28.56     0.099646 
    28.33     0.075331 
    29.56     0.057943 
    28.58     0.071543 
    30.55     0.070714 
    27.65     0.056750 
    29.04     0.057660 
    27.49     0.081778 
    30.39     0.055455 
    31.07     0.052080 
    33.52     0.049246 
    30.12     0.050574 
    32.27     0.044802 
    30.35     0.049573 
    33.44     0.045741 
    30.06     0.043920 
    32.77     0.046965 
    29.56     0.042160 
    28.59     0.042627 
    30.14     0.046965 
    14.29     0.000000 
    27.74     0.112851 
    14.29     0.000000 
    14.29     0.000000 
    14.29     0.000000 
    25.04     0.229227 
    24.68     0.221913 
    19.01     0.363249 
    26.95     0.152284 
    24.69     0.187825 
    25.36     0.193868 
    26.26     0.149735 
    18.44     0.362604 
    14.29     0.000000 
    30.66     0.044428 
    28.22     0.035872 
    30.13     0.079596 
    25.11     0.197591 
    27.00     0.113315 
    23.15     0.243422 
    22.09     0.270618 
    29.40     0.103045 
    24.75     0.235402 
    21.46     0.281837 
    19.20     0.356048 
    20.55     0.334101 
    23.13     0.254145 
    29.92     0.065526 
    24.53     0.228456 
    30.49     0.035396 
    25.97     0.143818 
    24.78     0.175050 
    25.54     0.201236 
    26.85     0.192806 
    24.46     0.155788 
    25.77     0.128070 
    24.49     0.209571 
    22.84     0.256125 
    22.07     0.286049 
    17.38     0.402777 
    13.82     0.500000 
    20.22     0.338439 
    20.85     0.305975 
    22.38     0.290155 
    18.39     0.348760 
    19.95     0.347654 
    24.38     0.240844 
    21.57     0.301736 
    18.37     0.366344 
    22.19     0.263563 
    21.43     0.292825 
    23.99     0.211811 
    26.65     0.125085 
    29.37     0.053909 
    29.47     0.042155 
    31.81     0.030136 
    14.29     0.000000 
    14.29     0.000000 
    32.49     0.056759 
    36.84     0.017307 
    28.54     0.081771 
    32.76     0.043122 
    30.18     0.045895 
    31.66     0.047441 
    28.84     0.070882 
    30.91     0.064993 
    14.29     0.000000 
    31.77     0.025302 
    31.69     0.018259 
    14.29     0.000000 
    29.24     0.048866 
    29.32     0.074851 
    28.83     0.132059 
    28.29     0.097813 
    30.75     0.054762 
    28.40     0.068859 
    30.88     0.022804 
    14.29     0.000000 
    33.65     0.033976 
    31.97     0.022624 
    33.83     0.021465 
    32.42     0.011061 
    30.82     0.036904 
    32.66     0.038168 
    32.22     0.021339 
    30.71     0.050538 
    30.97     0.048679 
    28.46     0.001188 
    33.96     0.013274 
    14.29     0.000000 
    34.26     0.012009 
    32.71     0.010578 
    35.38     0.009555 
    33.24     0.006858 
    33.08     0.009236 
    35.06     0.007117 
    32.92     0.003505 
    33.23     0.004749 
    36.55     0.007814 
    32.02     0.009613 
    37.08     0.007814 
    14.29     0.000000 
    14.29     0.000000 
    14.29     0.000000 
    30.61     0.035645 
    27.95     0.067444 
    14.29     0.000000 
    14.29     0.000000 
    14.29     0.000000 
    14.29     0.000000 
    30.47     0.087277 
    14.29     0.000000 
    14.29     0.000000 
    25.97     0.167172 
    33.53     0.011240 
    14.29     0.000000 
    25.75     0.176984 
    35.19     0.006932 
    22.50     0.229101 
    15.97     0.432263 
    15.67     0.456698 
    18.56     0.378411 
    18.23     0.385920 
    25.17     0.224084 
    19.19     0.348926 
    18.98     0.353923 
    14.51     0.479718 
    14.01     0.500000 
    16.17     0.434874 
    18.24     0.366911 
    21.95     0.286574 
    20.08     0.337084 
    17.66     0.405123 
    14.00     0.500000 
    18.74     0.365610 
    19.96     0.343969 
    25.01     0.207677 
    18.67     0.353912 
    13.86     0.495589 
    25.59     0.190151 
    24.12     0.226450 
    21.10     0.320259 
    17.85     0.388857 
    24.33     0.239048 
    18.53     0.371906 
    21.84     0.279237 
    19.31     0.360127 
    20.98     0.307714 
    23.00     0.266430 
    21.85     0.309557 
    24.16     0.275399 
    26.90     0.171000 
    28.77     0.086646 
    28.95     0.064702 
    31.67     0.066109 
    27.36     0.104628 
    28.83     0.068285 
    27.87     0.127322 
    26.59     0.119220 
    23.96     0.236315 
    32.04     0.033302 
    28.82     0.095851 
    34.67     0.008499 
    35.91     0.016056 
    14.29     0.000000 
    31.14     0.035660 
    33.57     0.008470 
    14.29     0.000000 
    33.70     0.047404 
    34.62     0.026995 
    30.13     0.036160 
    29.64     0.073767 
    27.05     0.055457 
    32.24     0.028722 
    30.47     0.029443 
    14.29     0.000000 
    30.47     0.025633 
    31.43     0.051469 
    32.32     0.013513 
    30.01     0.044609 
    33.47     0.013756 
    30.47     0.032577 
    31.65     0.028861 
    35.79     0.012067 
    31.91     0.015769 
    30.87     0.005677 
    32.01     0.004086 
    32.80     0.026007 
    29.04     0.032620 
    34.48     0.010657 
    32.97     0.021170 
    35.57     0.012913 
    35.58     0.017316 
    32.06     0.014132 
    31.06     0.018183 
    31.50     0.014624 
    33.34     0.013667 
    33.93     0.013546 
    32.99     0.018708 
    33.42     0.012896 
    35.17     0.016648 
    30.24     0.016648 
    27.30     0.121619 
    14.29     0.000000 
    23.79     0.233474 
    19.50     0.323867 
    21.25     0.313899 
    26.20     0.154466 
    24.42     0.222927 
    23.79     0.226542 
    27.17     0.115681 
    21.36     0.292029 
    18.85     0.348887 
    24.98     0.204133 
    19.90     0.337282 
    13.04     0.500000 
    18.08     0.380076 
    23.18     0.257306 
    30.86     0.061068 
    14.29     0.000000 
    14.29     0.000000 
    25.85     0.175930 
    20.95     0.299613 
    31.20     0.055917 
    14.29     0.000000 
    27.42     0.142286 
    23.39     0.222803 
    17.75     0.403384 
    17.80     0.372844 
    28.90     0.036998 
    24.45     0.181960 
    14.29     0.000000 
    34.28     0.026034 
    14.29     0.000000 
    25.05     0.163316 
    33.13     0.024689 
    14.29     0.000000 
    31.63     0.035136 
    14.29     0.000000 
    25.45     0.170918 
    14.29     0.000000 
    14.29     0.000000 
    14.29     0.000000 
    26.77     0.125009 
    25.75     0.126974 
    28.62     0.092198 
    28.76     0.047842 
    29.33     0.035146 
    28.44     0.102024 
    23.78     0.239220 
    27.34     0.093452 
    26.33     0.143536 
    24.10     0.225006 
    23.53     0.245218 
    22.50     0.287013 
    24.23     0.171417 
    27.95     0.117583 
    24.33     0.180455 
    28.66     0.102337 
    26.78     0.162089 
    24.24     0.243585 
    25.47     0.161058 
    28.25     0.125481 
    30.77     0.083006 
    30.02     0.091353 
    28.58     0.129998 
    26.04     0.146102 
    29.51     0.037401 
    32.61     0.027257 
    28.67     0.065249 
    27.65     0.105034 
    29.89     0.043749 
    14.29     0.000000 
    29.23     0.081821 
    30.73     0.043355 
    32.01     0.072052 
    28.89     0.017919 
    33.08     0.013438 
    30.21     0.066667 
    32.27     0.035536 
    27.89     0.061686 
    28.29     0.049058 
    30.66     0.043595 
    29.33     0.060956 
    30.84     0.016829 
    14.29     0.000000 
    14.29     0.000000 
    29.00     0.039219 
    31.34     0.001941 
    34.78     0.020507 
    34.45     0.018492 
    29.53     0.045446 
    33.77     0.023113 
    33.31     0.020688 
    36.31     0.021160 
    32.19     0.017495 
    33.04     0.018475 
    31.71     0.020184 
    32.38     0.017408 
    35.20     0.025659 
    32.30     0.025843 
    33.87     0.016247 
    31.04     0.021160 
    36.48     0.004961 
    14.29     0.000000 
    32.92     0.037090 
    14.29     0.000000 
    30.06     0.067680 
    27.92     0.114727 
    24.39     0.196950 
    14.29     0.000000 
    32.17     0.028497 
    29.36     0.054145 
    32.46     0.010866 
    14.29     0.000000 
    14.29     0.000000 
    28.97     0.066782 
    31.43     0.027899 
    14.29     0.000000 
    14.29     0.000000 
    14.29     0.000000 
    26.32     0.194382 
    23.61     0.260485 
    30.11     0.078281 
    23.81     0.225361 
    19.52     0.344548 
    21.90     0.288039 
    21.44     0.298809 
    25.71     0.140220 
    14.29     0.000000 
    26.30     0.192068 
    28.97     0.042208 
    26.11     0.105012 
    37.75     0.005688 
    14.29     0.000000 
    25.33     0.144202 
    28.74     0.113887 
    27.86     0.143585 
    14.29     0.000000 
    30.50     0.034980 
    14.29     0.000000 
    14.29     0.000000 
    31.36     0.036481 
    14.29     0.000000 
    27.23     0.135908 
    14.29     0.000000 
    27.94     0.094402 
    27.98     0.106368 
    24.32     0.163098 
    14.29     0.000000 
    23.81     0.210991 
    35.59     0.012435 
    14.29     0.000000 
    14.29     0.000000 
    26.50     0.119044 
    14.29     0.000000 
    33.35     0.024791 
    29.66     0.052466 
    31.24     0.080881 
    14.29     0.000000 
    33.47     0.031320 
    14.29     0.000000 
    31.38     0.032533 
    14.29     0.000000 
    28.51     0.114503 
    31.87     0.003736 
    32.50     0.022996 
    27.36     0.054462 
    29.68     0.036007 
    14.29     0.000000 
    28.50     0.104978 
    32.99     0.012549 
    29.00     0.082645 
    27.38     0.080901 
    30.01     0.096102 
    29.66     0.062011 
    30.71     0.045433 
    35.52     0.015027 
    32.41     0.037190 
    29.62     0.060392 
    28.66     0.081802 
    29.93     0.040077 
    34.46     0.018084 
    14.29     0.000000 
    31.38     0.032046 
    14.29     0.000000 
    14.29     0.000000 
    30.03     0.046605 
    34.92     0.024556 
    33.18     0.002865 
    33.51     0.055236 
    31.84     0.013634 
    34.29     0.014089 
    35.09     0.021668 
    31.81     0.022730 
    34.83     0.018949 
    30.80     0.024169 
    31.19     0.023845 
    32.85     0.019449 
    36.67     0.020512 
    32.69     0.020406 
    31.08     0.022794 
    33.04     0.017030 
    33.82     0.020512 
    27.01     0.113661 
    22.97     0.255307 
    21.93     0.266629 
    27.45     0.139135 
    24.87     0.207275 
    21.02     0.281620 
    14.73     0.470284 
    13.84     0.500000 
    16.61     0.422368 
    13.50     0.500000 
    13.14     0.500000 
    16.20     0.445242 
    22.48     0.236541 
    22.45     0.231176 
    24.20     0.172465 
    22.32     0.269007 
    20.97     0.324258 
    16.91     0.414638 
    22.91     0.267910 
    18.77     0.350979 
    15.49     0.462755 
    13.76     0.500000 
    13.47     0.500000 
    17.23     0.402294 
    20.23     0.320184 
    25.43     0.216087 
    20.27     0.340256 
    24.65     0.191269 
    24.26     0.195522 
    33.91     0.034327 
    27.43     0.080356 
    24.79     0.163309 
    24.76     0.173273 
    30.47     0.062011 
    14.29     0.000000 
    27.73     0.095585 
    28.91     0.041932 
    25.19     0.191383 
    32.65     0.013444 
    29.58     0.089695 
    34.11     0.014903 
    25.65     0.134223 
    14.29     0.000000 
    31.29     0.032908 
    30.51     0.046550 
    14.29     0.000000 
    28.47     0.083028 
    27.93     0.103242 
    14.29     0.000000 
    25.51     0.200851 
    27.00     0.167828 
    30.03     0.056599 
    25.53     0.167845 
    14.29     0.000000 
    27.77     0.101431 
    39.02     0.011527 
    14.29     0.000000 
    28.51     0.001693 
    27.90     0.090887 
    27.92     0.123208 
    30.37     0.049990 
    29.42     0.050154 
    29.29     0.074291 
    31.72     0.043529 
    31.56     0.023187 
    34.26     0.011421 
    14.29     0.000000 
    30.06     0.049911 
    27.86     0.069511 
    29.31     0.058362 
    32.97     0.034620 
    30.35     0.037312 
    33.18     0.014856 
    30.74     0.036595 
    28.35     0.055266 
    37.00     0.003481 
    35.76     0.024112 
    35.08     0.024249 
    14.29     0.000000 
    14.29     0.000000 
    14.29     0.000000 
    14.29     0.000000 
    23.65     0.000342 
    14.29     0.000000 
    33.11     0.029352 
    32.88     0.028012 
    35.13     0.026591 
    31.47     0.004115 
    27.66     0.002693 
    34.89     0.022050 
    29.44     0.000793 
    36.83     0.002542 
    31.69     0.001243 
    35.40     0.006884 
    14.29     0.000000 
    34.10     0.005670 
    34.68     0.003665 
    14.29     0.000000 
    32.76     0.006236 
    33.48     0.002706 
    34.37     0.002542 
    28.77     0.070906 
    24.35     0.193449 
    25.95     0.233391 
    32.83     0.036343 
    28.86     0.009422 
    14.29     0.000000 
    28.77     0.072442 
    24.91     0.229897 
    18.29     0.383946 
    21.81     0.297771 
    24.36     0.222933 
    21.06     0.313671 
    21.30     0.311273 
    14.27     0.479287 
    18.81     0.350684 
    23.52     0.205393 
    25.93     0.189933 
    23.86     0.235921 
    27.61     0.061233 
    29.97     0.062683 
    23.95     0.237129 
    24.62     0.208450 
    28.54     0.118869 
    26.30     0.155231 
    25.18     0.171878 
    27.56     0.112454 
    22.87     0.243373 
    24.39     0.176469 
    19.86     0.349197 
    24.51     0.177286 
    24.49     0.182042 
    20.74     0.322384 
    30.31     0.059570 
    24.18     0.226333 
    26.74     0.129000 
    27.55     0.104376 
    30.12     0.083899 
    25.11     0.185855 
    27.12     0.135414 
    24.67     0.208288 
    19.34     0.332119 
    23.57     0.231707 
    23.27     0.228859 
    24.90     0.203681 
    30.82     0.080971 
    25.11     0.196343 
    33.80     0.030414 
    26.01     0.171302 
    28.32     0.102585 
    31.34     0.059338 
    32.90     0.028453 
    27.21     0.123197 
    14.29     0.000000 
    26.78     0.120913 
    14.29     0.000000 
    14.29     0.000000 
    32.84     0.026329 
    14.29     0.000000 
    31.68     0.056911 
    29.30     0.084481 
    27.48     0.132060 
    25.57     0.145918 
    27.59     0.125417 
    29.98     0.058435 
    14.29     0.000000 
    34.03     0.009957 
    34.80     0.008669 
    14.29     0.000000 
    14.29     0.000000 
    30.59     0.047000 
    29.38     0.055963 
    28.44     0.029168 
    14.29     0.000000 
    30.14     0.003585 
    32.78     0.016907 
    32.58     0.053241 
    27.99     0.108083 
    29.92     0.055261 
    28.55     0.110239 
    37.87     0.007574 
    31.37     0.034393 
    34.56     0.011754 
    35.92     0.009281 
    33.16     0.027791 
    14.29     0.000000 
    30.64     0.031023 
    33.29     0.023566 
    34.70     0.011270 
    33.89     0.026150 
    32.70     0.008956 
    36.50     0.005090 
    33.14     0.007220 
    29.93     0.005537 
    29.57     0.002074 
    36.85     0.008132 
    33.15     0.004842 
    35.61     0.009618 
    33.56     0.006463 
    34.70     0.007650 
    35.72     0.003145 
    32.72     0.008132 
    31.40     0.058874 
    23.71     0.237724 
    14.29     0.000000 
    23.90     0.228792 
    29.97     0.076516 
    30.11     0.076421 
    23.38     0.223304 
    14.29     0.000000 
    36.11     0.021519 
    14.29     0.000000 
    14.29     0.000000 
    29.58     0.089589 
    28.07     0.064002 
    14.29     0.000000 
    24.25     0.233468 
    14.29     0.000000 
    36.62     0.023558 
    29.47     0.051444 
    14.29     0.000000 
    29.41     0.049603 
    14.29     0.000000 
    14.29     0.000000 
    24.67     0.174407 
    14.29     0.000000 
    25.47     0.182448 
    14.29     0.000000 
    14.29     0.000000 
    28.66     0.113837 
    24.29     0.188319 
    14.29     0.000000 
    14.29     0.000000 
    24.78     0.158152 
    26.46     0.140385 
    14.29     0.000000 
    25.89     0.126954 
    32.20     0.025714 
    30.95     0.090460 
    26.06     0.146175 
    14.29     0.000000 
    25.95     0.189506 
    14.29     0.000000 
    14.29     0.000000 
    14.29     0.000000 
    14.29     0.000000 
    36.97     0.015469 
    27.16     0.090275 
    29.64     0.069043 
    14.29     0.000000 
    14.29     0.000000 
    30.85     0.002016 
    30.13     0.043045 
    29.74     0.099856 
    14.29     0.000000 
    14.29     0.000000 
    27.85     0.056508 
    27.68     0.112803 
    14.29     0.000000 
    14.29     0.000000 
    14.29     0.000000 
    14.29     0.000000 
    32.76     0.030957 
    29.53     0.055943 
    29.12     0.085564 
    28.46     0.100836 
    14.29     0.000000 
    31.34     0.005320 
    14.29     0.000000 
    14.29     0.000000 
    14.29     0.000000 
    34.23     0.022652 
    29.72     0.074655 
    29.63     0.046334 
    30.01     0.043051 
    14.29     0.000000 
    14.29     0.000000 
    30.84     0.059635 
    34.17     0.004740 
    34.52     0.018836 
    29.62     0.066291 
    29.55     0.066705 
    14.29     0.000000 
    14.29     0.000000 
    35.45     0.012341 
    32.56     0.017884 
    14.29     0.000000 
    31.12     0.034101 
    36.82     0.006129 
    29.76     0.028798 
    32.92     0.030791 
    14.29     0.000000 
    33.56     0.006349 
    33.01     0.010824 
    28.51     0.001274 
    35.22     0.004953 
    36.51     0.004913 
    36.80     0.008416 
    32.63     0.008577 
    34.97     0.010612 
    35.78     0.011133 
    37.85     0.005856 
    30.68     0.005856 
    14.29     0.000000 
    14.29     0.000000 
    30.12     0.085788 
    14.29     0.000000 
    31.86     0.043060 
    14.29     0.000000 
    22.21     0.285693 
    22.09     0.282548 
    17.69     0.393034 
    17.28     0.402588 
