constructTestCases(): generating 11 specified cases ...  DONE
Procedure Optimizer.Optimize()
Oracle probabilites : disabled
Optimizer(): Simulated Annealing , Random-normalized optimality [%]
Optimizer(): config:  [[0.0], [0.5], [], 10, 10, 0.75, 0.01, 0.5, 0.01]
Optimizer(): selective:  0.000000  
Optimizer(): evals/step: 10
Optimizer(): numParams: 1 , completeRepeats: 100
MABsolver_config: algorithms: EpsGreedy , CP Disabled , CPT Davor , Reset: TODO
MABsolver_config: params: types:  Direct  Direct  Direct  Direct  
MABsolver_config: params: numInputs:  0  0  0  0  
MABsolver_config: params: weights:  [  0.100000  ]  [  2.500000  ]  [  0.200000  ]  [  5.000000  ]  
BanditTestBatch: casesIDs:  5  6  7  8  9  
BanditTestBatch: numCases: 5
BanditTestBatch: maxim sum reward: 2749.0
BanditTestBatch: random reward: 1865.5

    21.81     0.100000 
    21.73     0.031424 
    22.56     0.221299 
    15.68     0.455443 
    15.04     0.374041 
    15.68     0.000000 
    21.37     0.248692 
    24.63     0.028527 
    22.79     0.074624 
    26.87     0.162741 
    20.26     0.254361 
    24.98     0.093911 
    17.50     0.306452 
    15.50     0.000000 
    20.16     0.298860 
    19.35     0.290747 
    20.80     0.292158 
    24.35     0.251538 
    28.31     0.035805 
    21.48     0.017464 
    21.37     0.108067 
    22.38     0.229749 
    17.01     0.037530 
    23.68     0.106723 
    19.00     0.101765 
    24.04     0.233972 
    27.31     0.067157 
    24.11     0.091550 
    16.79     0.000000 
    25.40     0.147027 
    17.07     0.301551 
    18.75     0.212950 
    20.67     0.086879 
    12.47     0.000000 
    19.35     0.175000 
    27.87     0.153818 
    22.23     0.195975 
    18.70     0.187636 
    19.80     0.311319 
    23.35     0.125102 
    21.33     0.016678 
    24.07     0.017305 
    23.34     0.106600 
    16.01     0.000000 
    21.68     0.169528 
    21.84     0.064253 
    11.46     0.000000 
    15.59     0.000000 
    13.92     0.000000 
    22.43     0.128510 
    22.08     0.225497 
    23.69     0.143945 
    25.95     0.128615 
    25.68     0.105777 
    25.33     0.168810 
    23.16     0.257606 
    20.15     0.222523 
    18.97     0.308085 
    19.75     0.367179 
    21.80     0.295009 
    21.19     0.324637 
    21.47     0.332383 
    22.16     0.279682 
    18.40     0.365962 
    15.47     0.359482 
    18.51     0.288667 
    20.60     0.256622 
    18.72     0.342942 
    20.82     0.258115 
    18.41     0.291516 
    17.85     0.185216 
    19.62     0.203785 
    25.18     0.232253 
    23.95     0.220599 
    25.61     0.216731 
    21.54     0.215148 
    17.36     0.274146 
    19.93     0.211053 
    22.67     0.244124 
    22.05     0.169739 
    19.09     0.252441 
    20.32     0.217928 
    23.14     0.206671 
    21.95     0.191948 
    21.67     0.233983 
    21.63     0.224714 
    22.53     0.208024 
    23.59     0.238756 
    20.87     0.247569 
    19.23     0.205403 
    24.18     0.195396 
    20.80     0.198606 
    30.48     0.198261 
    19.63     0.198638 
    21.82     0.203094 
    23.84     0.203025 
    20.70     0.200171 
    18.62     0.201209 
    24.55     0.201169 
    24.12     0.201890 
    20.69     0.200694 
    18.20     0.198261 
    15.82     0.393970 
    21.16     0.191117 
    24.97     0.204430 
    16.79     0.000000 
    17.60     0.365066 
    18.42     0.358228 
    25.47     0.121392 
    14.14     0.000000 
    26.49     0.025076 
    17.96     0.000000 
    21.44     0.117060 
    19.62     0.253662 
    27.16     0.213595 
    14.72     0.309297 
    28.34     0.105291 
    22.56     0.134504 
    16.30     0.003388 
    14.81     0.000000 
    13.75     0.000000 
    30.35     0.035521 
    27.06     0.015523 
    14.14     0.000000 
    27.39     0.056915 
    29.08     0.183305 
    23.88     0.034799 
    13.72     0.000000 
    25.19     0.036867 
    12.00     0.000000 
    15.00     0.000000 
    22.63     0.056723 
    32.24     0.040895 
    22.48     0.140953 
    17.08     0.000000 
    15.89     0.000000 
    23.13     0.159681 
    29.11     0.054253 
    23.27     0.086496 
    13.56     0.000000 
    26.51     0.034954 
    23.30     0.073417 
    23.29     0.159491 
    24.45     0.288602 
    23.63     0.230092 
    30.89     0.125535 
    20.40     0.233506 
    20.50     0.011197 
    25.50     0.130359 
    16.73     0.223038 
    24.59     0.126177 
    19.60     0.197894 
    23.93     0.026381 
    15.37     0.000000 
    15.96     0.000000 
    29.97     0.092987 
    24.65     0.189526 
    20.78     0.188930 
    24.49     0.111257 
    26.43     0.029868 
    25.77     0.026212 
    11.25     0.000000 
    24.09     0.095361 
    21.67     0.093685 
    17.55     0.019099 
    27.22     0.019579 
    14.54     0.000000 
    23.20     0.070050 
    15.04     0.000569 
    10.76     0.000000 
    26.69     0.066485 
    26.77     0.112200 
    22.84     0.091739 
    22.42     0.106972 
    27.04     0.071085 
    21.15     0.083661 
    23.21     0.053208 
    25.17     0.066310 
    19.22     0.058005 
    24.49     0.114329 
    24.90     0.148146 
    22.89     0.127535 
    27.95     0.132512 
    20.75     0.158285 
    19.74     0.120186 
    25.09     0.152425 
    23.84     0.146284 
    29.53     0.125186 
    22.96     0.108180 
    21.68     0.114709 
    20.86     0.147521 
    24.23     0.137018 
    23.68     0.120358 
    27.37     0.124255 
    24.50     0.126835 
    24.92     0.120120 
    22.98     0.126571 
    26.70     0.120409 
    21.19     0.118953 
    26.36     0.116898 
    20.43     0.119173 
    24.33     0.112356 
    30.52     0.116898 
    13.57     0.000000 
    22.24     0.027299 
    20.55     0.210704 
    19.39     0.019718 
    14.95     0.000000 
    21.75     0.238716 
    21.31     0.085919 
    24.48     0.156719 
    22.15     0.202160 
    24.65     0.161013 
    20.08     0.347596 
    17.43     0.229124 
    25.87     0.070464 
    28.68     0.054965 
    12.86     0.000000 
    22.08     0.166875 
    23.43     0.087230 
    15.43     0.000000 
    23.11     0.045196 
    19.39     0.138857 
    17.86     0.319250 
    21.21     0.205445 
    26.67     0.041402 
    24.63     0.190975 
    21.19     0.098602 
    12.03     0.000000 
    23.97     0.142979 
    26.77     0.142140 
    22.44     0.305722 
    16.95     0.437910 
    16.01     0.411395 
    17.62     0.329197 
    12.70     0.419329 
    18.24     0.475789 
    16.48     0.406743 
    19.52     0.500000 
    15.06     0.496610 
    15.28     0.500000 
    14.07     0.500000 
    13.89     0.500000 
    16.74     0.414239 
    11.05     0.478829 
    18.33     0.445718 
    14.69     0.500000 
    18.84     0.500000 
    10.78     0.500000 
    12.18     0.500000 
    19.68     0.389032 
    19.87     0.260077 
    20.22     0.354583 
    20.99     0.321311 
    20.01     0.338450 
    13.97     0.440171 
    24.20     0.252893 
    21.29     0.294307 
    13.90     0.296216 
    21.52     0.247527 
    25.55     0.164208 
    25.11     0.124071 
    24.29     0.114718 
    26.13     0.061049 
    23.31     0.010496 
    22.95     0.095898 
    26.83     0.074613 
    20.57     0.071489 
    17.10     0.000351 
    29.60     0.066032 
    29.97     0.022673 
    30.11     0.033206 
    15.11     0.000000 
    21.51     0.056615 
    27.66     0.044363 
    20.89     0.029754 
    14.32     0.000000 
    24.22     0.041072 
    15.45     0.000000 
    24.33     0.036729 
    27.39     0.078413 
    14.66     0.000000 
    20.22     0.036823 
    22.27     0.046153 
    18.43     0.004150 
    15.16     0.001250 
    21.41     0.007224 
    22.51     0.043639 
    21.42     0.003491 
    27.81     0.043760 
    17.89     0.030778 
    22.51     0.024177 
    22.16     0.022334 
    22.74     0.043454 
    24.93     0.043376 
    25.64     0.042947 
    31.13     0.046453 
    18.70     0.047708 
    25.59     0.051114 
    27.08     0.049495 
    27.24     0.044145 
    24.75     0.044504 
    21.83     0.051051 
    31.12     0.046453 
    17.54     0.271403 
    21.64     0.249905 
    21.91     0.290069 
    22.69     0.189423 
    18.48     0.365481 
    17.81     0.363407 
    27.55     0.206339 
    14.32     0.438894 
    17.89     0.486640 
    14.55     0.500000 
    17.59     0.322061 
    11.50     0.500000 
    13.69     0.500000 
    12.64     0.500000 
    22.49     0.344456 
    18.08     0.309764 
    14.83     0.449742 
    14.13     0.500000 
    24.35     0.297397 
    22.93     0.085398 
    29.11     0.086884 
    25.51     0.109888 
    23.62     0.060520 
    24.95     0.132859 
    20.38     0.220102 
    21.47     0.197371 
    21.63     0.311626 
    18.56     0.282949 
    19.26     0.367239 
    18.21     0.435579 
    20.54     0.239529 
    16.19     0.353914 
    19.36     0.255571 
    15.86     0.409556 
    19.99     0.322980 
    19.87     0.197709 
    25.58     0.190140 
    22.47     0.095642 
    20.83     0.210581 
    13.78     0.000000 
    19.56     0.180055 
    26.13     0.162348 
    25.74     0.033818 
    11.76     0.000000 
    23.90     0.099699 
    15.60     0.000000 
    23.42     0.009391 
    18.66     0.082091 
    17.05     0.000000 
    15.75     0.000000 
    15.48     0.000000 
    23.97     0.096877 
    22.31     0.102403 
    20.88     0.194953 
    21.98     0.296147 
    20.72     0.308315 
    17.27     0.372041 
    17.69     0.419716 
    19.65     0.340795 
    22.45     0.321368 
    13.36     0.396303 
    16.05     0.372868 
    17.22     0.319057 
    15.92     0.376350 
    17.85     0.276473 
    14.87     0.343571 
    18.59     0.332537 
    20.15     0.337791 
    24.41     0.251176 
    23.09     0.183156 
    23.07     0.232746 
    21.82     0.276884 
    22.66     0.184432 
    26.34     0.202692 
    23.70     0.207700 
    25.40     0.195391 
    21.46     0.235542 
    24.37     0.189397 
    16.69     0.162430 
    21.91     0.210022 
    21.33     0.197873 
    22.41     0.186382 
    20.62     0.186883 
    24.80     0.165862 
    17.98     0.163997 
    23.68     0.155412 
    28.15     0.152323 
    19.94     0.182411 
    25.40     0.169806 
    29.56     0.166101 
    25.90     0.169400 
    17.88     0.164086 
    22.26     0.167556 
    29.03     0.162748 
    20.32     0.165312 
    20.32     0.161298 
    22.94     0.170508 
    22.53     0.170439 
    22.50     0.163415 
    22.87     0.169928 
    17.89     0.166101 
    20.75     0.370435 
    16.02     0.379567 
    26.97     0.159361 
    22.92     0.263319 
    26.02     0.180847 
    19.11     0.297445 
    24.46     0.188810 
    13.67     0.000000 
    18.79     0.115163 
    18.38     0.108860 
    23.43     0.226896 
    21.24     0.262033 
    22.33     0.057512 
    17.92     0.000000 
    11.72     0.000000 
    25.42     0.114247 
    21.29     0.016061 
    12.28     0.000000 
    15.97     0.000000 
    16.82     0.000000 
    22.25     0.131242 
    25.45     0.142941 
    23.96     0.008272 
    17.02     0.000000 
    26.82     0.121027 
    22.06     0.241187 
    18.16     0.391683 
    18.45     0.286426 
    18.53     0.322038 
    19.26     0.232506 
    21.10     0.146327 
    23.11     0.222314 
    24.80     0.113464 
    20.96     0.157636 
    21.72     0.051673 
    14.47     0.000000 
    16.80     0.000000 
    10.71     0.000000 
    21.85     0.136906 
    24.99     0.060547 
    29.75     0.134233 
    24.54     0.265844 
    24.23     0.190107 
    20.69     0.169640 
    25.53     0.126019 
    23.95     0.028035 
    20.10     0.193382 
    22.76     0.059492 
    27.35     0.068337 
    15.85     0.000000 
    23.53     0.181511 
    22.73     0.226490 
    22.09     0.200490 
    18.92     0.248702 
    23.46     0.163262 
    19.07     0.152858 
    19.58     0.116968 
    26.24     0.048725 
    26.31     0.057439 
    15.43     0.000000 
    14.35     0.003372 
    14.53     0.000000 
    20.81     0.053165 
    20.48     0.080991 
    22.95     0.020819 
    27.12     0.082768 
    18.22     0.004143 
    20.64     0.028057 
    19.60     0.031006 
    26.35     0.098651 
    24.60     0.085632 
    26.89     0.120425 
    24.38     0.129522 
    22.93     0.158605 
    22.84     0.082041 
    25.19     0.074396 
    22.47     0.110367 
    23.67     0.156108 
    22.67     0.178125 
    19.99     0.175977 
    24.22     0.151375 
    26.87     0.144304 
    29.03     0.160092 
    20.26     0.138948 
    26.50     0.146283 
    22.57     0.189591 
    20.86     0.167637 
    25.55     0.145358 
    26.63     0.182796 
    23.87     0.136598 
    22.15     0.161814 
    23.35     0.158613 
    23.70     0.161635 
    22.49     0.160749 
    28.90     0.163103 
    26.31     0.163823 
    22.83     0.158373 
    26.73     0.167984 
    26.06     0.165787 
    26.32     0.162114 
    21.50     0.163103 
    18.31     0.319054 
    15.80     0.411388 
    14.41     0.500000 
    14.62     0.500000 
    17.62     0.389813 
    22.58     0.289362 
    13.41     0.404599 
    19.05     0.282626 
    21.50     0.238282 
    16.05     0.426567 
    15.67     0.500000 
    12.56     0.499648 
    15.41     0.500000 
    15.66     0.500000 
    16.25     0.335122 
    15.60     0.429324 
    13.27     0.500000 
    12.19     0.500000 
    23.12     0.337656 
    17.95     0.337135 
    27.56     0.208185 
    25.78     0.096791 
    18.90     0.011261 
    19.42     0.277973 
    16.51     0.286314 
    21.18     0.254222 
    20.34     0.308055 
    22.97     0.207652 
    18.72     0.291941 
    18.46     0.413546 
    22.85     0.262101 
    22.17     0.212218 
    21.22     0.186629 
    23.16     0.143758 
    16.92     0.157159 
    26.36     0.138351 
    18.87     0.252083 
    21.76     0.289437 
    28.53     0.141276 
    14.79     0.000000 
    21.43     0.251177 
    20.96     0.119139 
    27.22     0.012407 
    23.85     0.049490 
    19.43     0.132020 
    20.44     0.080352 
    14.50     0.000000 
    25.64     0.112769 
    22.89     0.189786 
    24.29     0.041067 
    12.61     0.000053 
    24.09     0.026388 
    25.27     0.151927 
    27.26     0.047790 
    25.46     0.151938 
    21.04     0.032656 
    15.49     0.000000 
    24.41     0.044750 
    24.46     0.106075 
    12.81     0.000000 
    25.76     0.071123 
    16.34     0.000000 
    12.40     0.000000 
    12.10     0.000000 
    16.81     0.000000 
    11.50     0.000000 
    31.14     0.020656 
    16.47     0.000000 
    10.47     0.000000 
    19.15     0.047980 
    24.05     0.018805 
    13.05     0.000000 
    13.97     0.000000 
    25.22     0.006144 
    15.40     0.000000 
    24.34     0.050149 
    25.21     0.022764 
    17.54     0.000000 
    14.39     0.000000 
    12.82     0.000000 
    20.51     0.005201 
    15.99     0.000000 
    14.30     0.000000 
    20.40     0.035111 
    13.91     0.000000 
    15.48     0.000000 
    22.03     0.032228 
    16.10     0.001122 
    14.00     0.000000 
    21.26     0.046627 
    22.10     0.025349 
    26.73     0.024623 
    21.47     0.016264 
    27.42     0.019405 
    23.09     0.021279 
    21.07     0.017833 
    19.59     0.023508 
    23.53     0.022338 
    22.51     0.023639 
    24.29     0.024816 
    21.25     0.020656 
    14.25     0.000000 
    14.76     0.000000 
    12.65     0.000000 
    13.85     0.000000 
    14.02     0.000000 
    27.40     0.079524 
    26.03     0.153274 
    13.33     0.000000 
    22.88     0.188749 
    29.65     0.041270 
    22.10     0.130906 
    21.30     0.101721 
    15.58     0.000000 
    20.43     0.244657 
    18.36     0.416440 
    13.30     0.408209 
    16.41     0.410260 
    21.12     0.233894 
    21.29     0.216892 
    28.03     0.095523 
    22.40     0.230287 
    17.49     0.272477 
    26.04     0.048578 
    27.17     0.128879 
    18.75     0.102640 
    22.21     0.187796 
    19.02     0.318926 
    23.00     0.208290 
    24.73     0.146581 
    15.94     0.000000 
    23.82     0.048236 
    25.55     0.116877 
    15.83     0.123094 
    24.59     0.164852 
    25.25     0.165281 
    19.83     0.284548 
    20.75     0.422988 
    10.72     0.500000 
    14.43     0.500000 
    16.68     0.421511 
    22.23     0.328677 
    16.33     0.372792 
    15.61     0.409945 
    20.24     0.265248 
    21.89     0.248915 
    17.08     0.331898 
    17.48     0.360989 
    18.24     0.319368 
    20.03     0.324926 
    20.87     0.343506 
    12.71     0.455412 
    18.01     0.353881 
    12.14     0.456715 
    18.21     0.355852 
    19.16     0.292088 
    23.50     0.211908 
    23.47     0.254158 
    22.96     0.152933 
    21.03     0.183521 
    21.27     0.244552 
    16.22     0.308203 
    22.56     0.250781 
    24.56     0.289779 
    22.80     0.213226 
    17.18     0.364476 
    21.35     0.282323 
    22.70     0.277405 
    19.40     0.240776 
    23.57     0.291558 
    17.34     0.377405 
    19.92     0.336344 
    19.82     0.271813 
    22.49     0.326242 
    21.47     0.277828 
    20.17     0.310875 
    15.99     0.248849 
    22.77     0.242277 
    19.73     0.234450 
    20.15     0.210302 
    21.00     0.185911 
    21.39     0.190798 
    23.28     0.213127 
    21.32     0.220879 
    21.46     0.216139 
    20.44     0.243841 
    19.11     0.230501 
    25.54     0.213017 
    22.66     0.192141 
    19.09     0.217468 
    21.47     0.191211 
    16.80     0.208375 
    23.12     0.210018 
    20.08     0.213126 
    22.22     0.208792 
    25.10     0.215158 
    23.54     0.211746 
    19.48     0.208842 
    22.47     0.211481 
    26.69     0.213287 
    24.13     0.212474 
    21.50     0.213287 
    20.04     0.308785 
    15.25     0.435001 
    16.82     0.478676 
    18.66     0.327642 
    21.14     0.196833 
    18.48     0.313334 
    19.91     0.145582 
    17.62     0.305673 
    20.63     0.001072 
    11.28     0.000000 
    13.00     0.000000 
    20.63     0.007769 
    16.14     0.000000 
    20.66     0.201895 
    30.40     0.129135 
    21.99     0.265240 
    20.06     0.302459 
    21.85     0.093475 
    21.04     0.085631 
    21.88     0.199020 
    20.39     0.121837 
    23.11     0.008767 
    27.25     0.071097 
    14.18     0.000000 
    21.21     0.092698 
    27.36     0.209939 
    18.34     0.365325 
    22.04     0.351024 
    16.71     0.500000 
    13.70     0.489218 
    20.05     0.337771 
    14.43     0.453647 
    12.60     0.500000 
    15.13     0.470426 
    18.92     0.393965 
    17.16     0.350707 
    15.55     0.487338 
    11.17     0.500000 
    11.24     0.500000 
    16.09     0.430585 
    14.23     0.455348 
    11.26     0.489799 
    11.61     0.490494 
     9.10     0.500000 
    14.63     0.452681 
    13.59     0.500000 
    15.53     0.500000 
    18.91     0.390086 
    22.79     0.255150 
    22.03     0.116988 
    31.12     0.059522 
    21.29     0.132073 
    24.38     0.138252 
    19.05     0.142416 
    27.86     0.089329 
    26.81     0.036191 
    26.59     0.132272 
    15.06     0.000000 
    11.97     0.000000 
    22.22     0.134094 
    22.96     0.078017 
    25.70     0.119045 
    22.55     0.122479 
    20.12     0.183573 
    20.64     0.130702 
    21.93     0.077854 
    23.43     0.047421 
    15.02     0.000000 
    32.56     0.108266 
    20.27     0.142110 
    25.47     0.109045 
    22.53     0.128460 
    21.10     0.162846 
    24.89     0.162886 
    20.47     0.065580 
    25.57     0.130266 
    25.55     0.049245 
    22.51     0.108101 
    28.14     0.111276 
    21.32     0.137526 
    28.85     0.119486 
    24.94     0.108769 
    23.02     0.101256 
    27.63     0.133158 
    22.39     0.122777 
    24.84     0.121338 
    24.82     0.108930 
    26.23     0.076332 
    17.45     0.096857 
    26.72     0.087742 
    24.74     0.111093 
    20.80     0.103691 
    27.46     0.105743 
    26.31     0.110017 
    25.25     0.113037 
    18.79     0.106605 
    21.71     0.108033 
    26.30     0.103266 
    24.48     0.103457 
    25.68     0.107825 
    23.10     0.108266 
    20.77     0.224468 
    13.71     0.414814 
    12.48     0.491609 
    15.32     0.500000 
    15.83     0.408635 
    18.98     0.340888 
    23.02     0.201634 
    23.00     0.097998 
    20.54     0.199079 
    24.04     0.227912 
    19.02     0.099025 
    25.36     0.123852 
    12.96     0.000000 
    21.80     0.244240 
    14.30     0.448471 
    15.24     0.500000 
    16.04     0.500000 
    12.64     0.500000 
    17.35     0.331356 
    20.55     0.325466 
    14.59     0.383244 
    11.16     0.500000 
    16.89     0.398744 
    12.33     0.500000 
    15.34     0.500000 
    15.62     0.500000 
    17.80     0.361709 
    16.83     0.457125 
    15.03     0.500000 
    12.31     0.500000 
    16.62     0.337300 
    14.01     0.454624 
    14.10     0.388657 
    16.13     0.437238 
    15.85     0.500000 
    14.26     0.500000 
    18.79     0.334025 
    25.30     0.200025 
    21.98     0.266421 
    14.24     0.353077 
    19.09     0.256584 
    24.94     0.266551 
    19.49     0.182721 
    19.04     0.206412 
    21.08     0.142998 
    23.83     0.107607 
    23.94     0.106207 
    22.64     0.049176 
    23.13     0.032057 
    23.73     0.098237 
    20.21     0.198196 
    22.21     0.060978 
    26.15     0.029787 
    26.61     0.123748 
    23.62     0.067437 
    25.54     0.039449 
    20.75     0.017786 
    21.38     0.028825 
    13.84     0.000000 
    21.91     0.017100 
    12.19     0.000000 
    22.52     0.063708 
    26.85     0.048749 
    22.87     0.081610 
    13.78     0.000000 
    22.97     0.014440 
    14.74     0.000000 
    24.63     0.100842 
    24.86     0.073833 
    23.70     0.156348 
    21.42     0.128627 
    23.73     0.032619 
    23.06     0.072851 
    16.83     0.061080 
    28.21     0.048790 
    19.76     0.043703 
    26.44     0.103158 
    22.76     0.078578 
    22.99     0.099081 
    26.26     0.084637 
    23.56     0.042069 
    29.36     0.064794 
    25.20     0.070526 
    24.32     0.042407 
    20.81     0.046172 
    23.15     0.078361 
    30.76     0.042588 
    25.19     0.020307 
    23.42     0.038269 
    24.96     0.050912 
    24.36     0.037613 
    17.98     0.040184 
    22.73     0.043243 
    25.58     0.038417 
    22.26     0.044885 
    27.34     0.042053 
    23.53     0.039646 
    25.87     0.047048 
    18.01     0.044329 
    20.73     0.043921 
    29.21     0.042588 
    14.66     0.000000 
    23.77     0.191685 
    11.58     0.000000 
    13.04     0.000000 
    24.58     0.125400 
    20.52     0.258863 
    27.49     0.093549 
    23.72     0.105130 
    18.85     0.161464 
    27.02     0.100738 
    25.06     0.141944 
    22.36     0.109722 
    13.56     0.000000 
    25.66     0.034016 
    19.95     0.246330 
    18.96     0.324789 
    10.78     0.484084 
    13.80     0.500000 
    13.64     0.428549 
    17.55     0.356097 
    15.36     0.359431 
    26.81     0.179629 
    20.51     0.034874 
    19.73     0.103390 
    23.34     0.022306 
    26.28     0.042285 
    26.77     0.125669 
    21.70     0.118230 
    21.85     0.073333 
    23.72     0.168455 
    26.14     0.028148 
    21.85     0.048237 
    22.02     0.155132 
    28.77     0.081030 
    20.11     0.127277 
    23.22     0.137722 
    22.86     0.070991 
    22.95     0.150250 
    23.82     0.093085 
    13.34     0.000000 
    25.06     0.190834 
    20.03     0.308739 
    26.27     0.276207 
    15.82     0.402351 
    11.98     0.372712 
    19.09     0.408101 
    18.76     0.378457 
    16.68     0.376555 
    17.13     0.472950 
    14.45     0.436745 
    14.00     0.500000 
    15.86     0.430401 
    17.03     0.435232 
    16.16     0.500000 
    10.09     0.500000 
    11.66     0.500000 
    12.61     0.500000 
    15.41     0.490914 
    16.27     0.500000 
    16.59     0.500000 
    11.23     0.500000 
    14.47     0.500000 
    13.81     0.500000 
    11.95     0.429160 
    17.22     0.406117 
    16.45     0.365026 
    19.26     0.344090 
    20.88     0.293480 
    23.27     0.245152 
    19.82     0.226859 
    17.71     0.188101 
    25.39     0.197630 
    23.30     0.169769 
    25.98     0.158978 
    22.24     0.175390 
    21.43     0.156375 
    25.57     0.160400 
    19.49     0.212765 
    25.10     0.111703 
    21.22     0.130151 
    23.29     0.138029 
    20.64     0.117990 
    24.20     0.110588 
    26.97     0.120335 
    22.16     0.091379 
    21.78     0.108316 
    26.23     0.145550 
    25.33     0.150223 
    26.76     0.123103 
    22.83     0.094980 
    22.03     0.123933 
    22.92     0.119783 
    19.72     0.126682 
    21.93     0.123612 
    24.67     0.120151 
    22.13     0.118109 
    24.18     0.127931 
    26.22     0.126289 
    26.20     0.121565 
    24.95     0.123625 
    23.63     0.121565 
    22.00     0.079414 
    19.92     0.178882 
    21.39     0.130472 
    27.69     0.149904 
    15.36     0.163799 
    17.02     0.239035 
    26.10     0.113217 
    25.85     0.063165 
    13.25     0.000000 
    13.83     0.000000 
    15.30     0.000000 
    14.10     0.000000 
    13.78     0.000000 
    13.84     0.000000 
    21.68     0.215456 
    24.00     0.167018 
    17.50     0.235817 
    22.85     0.226765 
    18.65     0.324960 
    18.76     0.290138 
    23.53     0.302076 
    20.44     0.367977 
    21.88     0.249326 
    15.18     0.427863 
    19.82     0.336655 
    15.76     0.430431 
    15.18     0.497105 
    17.90     0.500000 
    14.96     0.473594 
    13.43     0.500000 
    14.57     0.414104 
    13.43     0.454845 
    18.33     0.333584 
    14.59     0.409026 
    21.84     0.247699 
    19.49     0.376986 
    18.75     0.395618 
    17.15     0.398119 
    17.98     0.279090 
    12.17     0.416142 
    23.00     0.294410 
    24.75     0.277236 
    15.82     0.344093 
    19.43     0.227712 
    21.74     0.143434 
    19.79     0.245266 
    24.05     0.219518 
    23.46     0.110067 
    13.18     0.000000 
    23.90     0.154061 
    19.20     0.227385 
    23.95     0.133015 
    22.97     0.151000 
    29.40     0.095291 
    22.75     0.171064 
    25.63     0.087242 
    13.54     0.000000 
    26.76     0.029048 
    15.82     0.000000 
    26.27     0.038983 
    12.16     0.000000 
    12.65     0.000000 
    23.14     0.091407 
    26.57     0.015418 
    26.87     0.077086 
    21.35     0.005635 
    22.49     0.143018 
    23.29     0.114607 
    23.84     0.098112 
    23.39     0.165581 
    25.84     0.136581 
    24.38     0.165154 
    25.78     0.099585 
    24.56     0.064522 
    22.66     0.151561 
    22.83     0.149855 
    25.89     0.131463 
    26.81     0.099480 
    28.48     0.132513 
    20.97     0.182815 
    23.20     0.158410 
    29.16     0.123933 
    21.37     0.138549 
    26.85     0.128090 
    27.13     0.110333 
    21.77     0.094962 
    24.26     0.127179 
    24.47     0.092798 
    27.33     0.148266 
    23.05     0.136620 
    22.21     0.124742 
    27.42     0.128271 
    29.05     0.123267 
    29.80     0.119560 
    29.01     0.118389 
    27.55     0.114738 
    22.43     0.120804 
    19.85     0.115563 
    28.68     0.122199 
    19.78     0.115899 
    25.48     0.119560 
    25.25     0.168881 
    19.45     0.011908 
    16.13     0.320695 
    15.32     0.181575 
    21.27     0.328135 
    17.23     0.339480 
    21.23     0.222507 
    26.86     0.190343 
    24.50     0.101144 
    17.67     0.275851 
    14.56     0.000000 
    18.85     0.008899 
    21.03     0.352655 
    18.04     0.275571 
    14.70     0.000000 
    22.67     0.091651 
    22.23     0.236912 
    19.10     0.430460 
    22.24     0.051840 
    23.57     0.032667 
    18.80     0.209393 
    30.74     0.135385 
    14.18     0.000000 
    20.73     0.318441 
    28.78     0.138355 
    25.30     0.156777 
    23.45     0.154852 
    23.44     0.028275 
    25.36     0.059644 
    25.71     0.127657 
    21.64     0.292354 
    23.08     0.128068 
    21.86     0.227695 
    19.48     0.278007 
    13.64     0.000000 
    14.60     0.246368 
    20.88     0.253405 
    20.83     0.173684 
    22.86     0.254577 
    23.83     0.284779 
    15.26     0.355252 
    19.43     0.335540 
    23.55     0.344986 
     9.44     0.462895 
    20.64     0.224218 
    19.93     0.390186 
    22.30     0.284062 
    20.99     0.261419 
    16.10     0.372467 
    17.34     0.478866 
    15.46     0.427107 
    14.93     0.333134 
    17.81     0.334715 
    22.03     0.261726 
    21.08     0.363112 
    15.49     0.316167 
    20.42     0.300707 
    18.12     0.290476 
    21.56     0.262234 
    15.67     0.452171 
    17.03     0.370965 
    17.70     0.385086 
    13.55     0.425466 
    23.39     0.270600 
    21.90     0.344627 
    21.39     0.336369 
    19.44     0.292421 
    17.80     0.294565 
    17.96     0.411298 
    16.47     0.390631 
    19.34     0.298679 
    16.49     0.332571 
    17.20     0.382152 
    22.22     0.300571 
    21.78     0.276114 
    18.48     0.316427 
    21.79     0.261917 
    19.01     0.302256 
    15.77     0.337555 
    15.82     0.359634 
    20.75     0.330233 
    20.12     0.289028 
    20.37     0.271348 
    18.48     0.296395 
    18.34     0.324499 
    22.86     0.279705 
    20.39     0.254963 
    21.69     0.306709 
    19.65     0.299566 
    23.97     0.256975 
    19.68     0.261717 
    22.06     0.261688 
    22.09     0.254176 
    19.52     0.259768 
    23.30     0.258452 
    25.16     0.257301 
    21.23     0.254636 
    21.52     0.254316 
    24.46     0.255509 
    19.68     0.252828 
    21.09     0.257301 
    20.21     0.233786 
    16.31     0.201083 
    27.93     0.209219 
    19.37     0.352484 
    20.29     0.198492 
    16.31     0.430606 
    15.72     0.500000 
    14.78     0.386281 
    17.86     0.393925 
    18.84     0.355097 
    19.55     0.448666 
    17.28     0.383265 
    21.93     0.238679 
    13.44     0.442617 
    19.76     0.253089 
    21.46     0.148825 
    22.61     0.076625 
    21.66     0.187836 
    22.71     0.239613 
    17.37     0.432461 
    19.90     0.418708 
    16.19     0.392496 
    15.64     0.500000 
    13.68     0.455003 
    15.14     0.500000 
    12.20     0.500000 
    13.38     0.500000 
    13.47     0.500000 
    16.83     0.412201 
    19.64     0.262790 
    21.86     0.270978 
    18.73     0.308208 
    17.21     0.372161 
    19.70     0.203289 
    19.13     0.314446 
    20.46     0.321543 
    15.40     0.392274 
    23.47     0.237832 
    23.47     0.265813 
    19.75     0.257828 
    23.79     0.286762 
    16.10     0.316195 
    25.51     0.267130 
    21.62     0.229304 
    22.73     0.168988 
    25.25     0.295935 
    19.26     0.208914 
    20.27     0.355371 
    19.35     0.383070 
    20.98     0.178061 
    19.61     0.300238 
    20.96     0.224991 
    15.17     0.409778 
    15.33     0.328587 
    25.24     0.236309 
    18.08     0.199873 
    26.65     0.136165 
    20.62     0.163162 
    26.59     0.155079 
    26.50     0.065016 
    26.00     0.075544 
    18.99     0.155762 
    23.34     0.056905 
    20.94     0.161738 
    21.61     0.108867 
    16.94     0.002248 
    19.90     0.027775 
    28.12     0.092555 
    22.09     0.093484 
    24.06     0.103409 
    22.69     0.046917 
    23.99     0.063339 
    23.04     0.082808 
    29.11     0.114469 
    24.92     0.138598 
    25.33     0.162539 
    19.33     0.137807 
    21.50     0.074011 
    21.56     0.150299 
    26.16     0.064715 
    28.12     0.093762 
    26.82     0.103850 
    23.89     0.104129 
    23.62     0.111065 
    23.77     0.135698 
    24.91     0.131933 
    28.50     0.132085 
    27.92     0.150240 
    23.75     0.104931 
    26.89     0.160251 
    25.10     0.127586 
    24.95     0.129480 
    24.74     0.127962 
    29.34     0.133350 
    22.36     0.137096 
    23.32     0.136608 
    24.79     0.131887 
    25.22     0.129459 
    25.49     0.128809 
    29.02     0.137772 
    18.79     0.133350 
    22.28     0.129286 
    16.18     0.000000 
    14.35     0.000000 
    10.91     0.000000 
    27.53     0.120282 
    18.68     0.012218 
    23.59     0.009952 
    14.43     0.000000 
    13.68     0.000000 
    14.34     0.000000 
    23.00     0.045567 
    19.66     0.140525 
    19.34     0.255023 
    13.13     0.463144 
    24.18     0.381612 
    21.52     0.289321 
    21.90     0.087646 
    26.06     0.204370 
    16.38     0.376690 
    21.45     0.210742 
    20.31     0.326815 
    16.79     0.375025 
    17.92     0.308821 
    14.43     0.456764 
    14.23     0.500000 
    17.00     0.432813 
    17.27     0.418221 
    13.62     0.500000 
    12.71     0.500000 
    18.07     0.380782 
    17.69     0.427163 
    14.83     0.389708 
    20.45     0.250044 
    25.27     0.129263 
    21.30     0.184884 
    20.46     0.059665 
    14.04     0.000000 
    11.35     0.000000 
    26.84     0.132474 
    22.87     0.132078 
    17.25     0.000590 
    22.44     0.110416 
    21.98     0.050985 
    13.46     0.000000 
    29.10     0.062243 
    26.30     0.145011 
    23.65     0.200925 
    18.91     0.199811 
    22.41     0.283444 
    18.24     0.422017 
    19.95     0.319365 
    21.90     0.330602 
    16.26     0.348020 
    23.54     0.321041 
    20.57     0.291548 
    18.93     0.182375 
    22.60     0.096455 
    23.91     0.096538 
    26.60     0.063629 
    24.03     0.022198 
    24.79     0.100999 
    15.63     0.000000 
    22.66     0.102242 
    24.94     0.065812 
    24.31     0.113764 
    23.92     0.066025 
    30.29     0.037097 
    10.36     0.000000 
    16.64     0.000000 
    24.99     0.026312 
    23.92     0.022917 
    25.46     0.064400 
    17.33     0.079432 
    22.04     0.009972 
    13.41     0.000087 
    26.08     0.060571 
    22.67     0.044489 
    21.57     0.016264 
    17.87     0.000000 
    17.49     0.000000 
    25.23     0.006376 
    24.45     0.052589 
    26.42     0.043257 
    22.41     0.051614 
    21.20     0.061130 
    25.10     0.064996 
    25.45     0.044733 
    26.04     0.042129 
    25.19     0.052932 
    24.94     0.034715 
    25.79     0.041055 
    18.43     0.032300 
    23.73     0.037737 
    26.39     0.040114 
    31.28     0.038506 
    24.78     0.040757 
    19.51     0.042097 
    26.14     0.035305 
    26.03     0.034570 
    26.85     0.034678 
    28.38     0.038506 
    23.55     0.063636 
    25.49     0.114563 
    28.51     0.113754 
    20.76     0.334132 
    22.01     0.088485 
    14.01     0.000000 
    20.12     0.144685 
    18.96     0.253956 
    18.51     0.180554 
    24.33     0.175338 
    25.53     0.085789 
    20.46     0.197525 
    22.33     0.041452 
    22.47     0.209009 
    17.97     0.268406 
    19.78     0.309850 
    15.50     0.395972 
    18.84     0.412262 
    17.25     0.442130 
    24.47     0.249749 
    19.47     0.126494 
    21.38     0.192662 
    28.59     0.144564 
    13.77     0.000000 
    20.76     0.325323 
    21.34     0.248460 
    27.79     0.064927 
    16.38     0.000000 
    15.66     0.000000 
    13.36     0.000000 
    14.59     0.000000 
    13.39     0.000000 
    12.87     0.000000 
    18.52     0.164231 
    18.88     0.005686 
    14.73     0.000000 
    15.45     0.000000 
    25.13     0.026784 
    14.28     0.000000 
    23.24     0.016619 
    22.85     0.036242 
    33.06     0.090285 
    20.40     0.099131 
    23.18     0.123391 
    22.50     0.218985 
    20.84     0.231352 
    15.90     0.275024 
    17.28     0.378896 
    15.60     0.455479 
    18.39     0.352364 
    13.46     0.461302 
    15.79     0.431110 
    13.26     0.437328 
    19.78     0.364959 
    19.35     0.267233 
    21.93     0.328717 
    22.59     0.238505 
    18.79     0.311802 
    16.91     0.326086 
    14.66     0.248253 
    26.40     0.153487 
    23.88     0.227564 
    24.77     0.140322 
    27.42     0.226644 
    19.57     0.190148 
    18.49     0.290188 
    22.85     0.205175 
    23.16     0.251443 
    20.04     0.299819 
    20.06     0.312468 
    19.39     0.211419 
    21.53     0.238736 
    24.34     0.171785 
    25.89     0.266268 
    20.92     0.181165 
    19.00     0.276711 
    18.80     0.258910 
    24.32     0.168750 
    25.25     0.171208 
    22.90     0.193444 
    21.39     0.222753 
    20.11     0.255389 
    24.87     0.233047 
    20.75     0.225425 
    26.89     0.204735 
    15.89     0.215941 
    20.53     0.194668 
    23.98     0.258527 
    22.89     0.215653 
    21.60     0.194739 
    21.99     0.227444 
    22.02     0.227573 
    23.44     0.223873 
    17.99     0.226633 
    23.35     0.222889 
    21.60     0.227750 
    29.09     0.223812 
    23.22     0.224200 
    23.21     0.220153 
    21.79     0.227356 
    20.37     0.223812 
    21.76     0.281756 
    15.67     0.243716 
    21.23     0.289702 
    15.42     0.465089 
    25.01     0.133832 
    28.75     0.077642 
    17.17     0.010231 
    13.62     0.000000 
    26.87     0.173696 
    13.64     0.420414 
    13.52     0.000000 
    14.33     0.000000 
    16.54     0.330468 
    19.55     0.236606 
    13.19     0.000000 
    22.25     0.097846 
    17.45     0.035251 
    20.74     0.336451 
    17.66     0.262397 
    23.21     0.181501 
    19.92     0.259921 
    20.53     0.089960 
    21.74     0.236013 
    22.21     0.238691 
    17.06     0.061569 
    16.68     0.379949 
    19.09     0.417658 
    15.30     0.449387 
    21.79     0.297330 
    22.23     0.117697 
    14.02     0.000000 
    21.60     0.102868 
    24.38     0.158447 
    25.26     0.243928 
    19.71     0.326660 
    22.11     0.191493 
    16.98     0.251208 
    24.11     0.218419 
    25.46     0.099218 
    31.30     0.115120 
    21.28     0.167402 
    21.26     0.223426 
    23.88     0.039993 
    23.08     0.208481 
    26.46     0.032779 
    19.28     0.230880 
    16.62     0.233880 
    26.44     0.031635 
    23.70     0.235717 
    26.11     0.061993 
    22.73     0.047128 
    23.57     0.216239 
    25.94     0.047474 
    25.89     0.100588 
    22.99     0.087723 
    25.60     0.094039 
    30.24     0.062215 
    14.53     0.000000 
    17.42     0.011732 
    21.32     0.057709 
    25.46     0.028332 
    26.75     0.025133 
    14.15     0.000000 
    22.13     0.083616 
    27.05     0.032211 
    27.11     0.041664 
    12.80     0.000000 
    24.16     0.118586 
    20.92     0.081711 
    26.05     0.019323 
    25.60     0.028589 
    27.74     0.082076 
    21.24     0.025351 
    30.09     0.068997 
    21.27     0.113515 
    23.58     0.040707 
    20.63     0.067579 
    25.36     0.016599 
    19.80     0.075603 
    21.24     0.009791 
    27.90     0.038658 
    26.67     0.095768 
    20.34     0.117543 
    23.40     0.122784 
    20.81     0.123284 
    21.28     0.100677 
    24.05     0.106767 
    22.96     0.070311 
    20.95     0.065998 
    25.13     0.076134 
    20.07     0.077289 
    26.54     0.074054 
    20.56     0.073663 
    29.59     0.078925 
    20.57     0.083291 
    24.41     0.074270 
    25.04     0.077742 
    21.57     0.075587 
    20.64     0.082472 
    27.78     0.076046 
    19.43     0.078925 
    20.68     0.251482 
    20.28     0.326780 
    27.11     0.116149 
    21.72     0.189558 
    20.67     0.236145 
    25.37     0.155304 
    17.94     0.302041 
    19.50     0.288837 
    19.91     0.380505 
    18.29     0.268224 
    16.83     0.359783 
    20.46     0.315428 
    17.51     0.324527 
    15.33     0.413942 
    11.05     0.495506 
     9.64     0.414755 
    21.62     0.218485 
    11.68     0.000000 
    16.49     0.439810 
    15.96     0.500000 
    19.54     0.321537 
    22.91     0.128909 
    23.40     0.165069 
    14.82     0.000000 
    15.83     0.340534 
    18.26     0.346335 
    21.62     0.249401 
    14.86     0.390534 
    24.90     0.260135 
    23.52     0.135798 
    18.95     0.210065 
    24.31     0.115497 
    20.00     0.149769 
    24.39     0.115436 
    25.23     0.081940 
    12.51     0.000000 
    21.61     0.235350 
    26.52     0.025333 
    27.34     0.112685 
    24.24     0.058863 
    13.47     0.000000 
    14.67     0.000000 
    13.03     0.000000 
    20.38     0.191139 
    14.83     0.000000 
    21.56     0.057257 
    22.73     0.107842 
    26.40     0.237359 
    23.45     0.170019 
    17.61     0.369348 
    19.27     0.332555 
    20.84     0.334409 
    17.45     0.246806 
    24.01     0.244464 
    22.49     0.200177 
    18.69     0.311313 
    22.04     0.169575 
    22.77     0.249493 
    19.28     0.329183 
    22.37     0.329801 
    18.36     0.301368 
    24.31     0.188728 
    27.61     0.105947 
    25.76     0.143347 
    25.18     0.078348 
    29.70     0.050816 
    20.59     0.118260 
    20.17     0.014644 
    14.51     0.000000 
    23.98     0.013073 
    21.40     0.077180 
    26.18     0.103072 
    26.29     0.049395 
    26.70     0.084951 
    25.78     0.059426 
    23.10     0.112677 
    26.52     0.048347 
    27.37     0.066207 
    22.57     0.029382 
    23.87     0.063184 
    22.10     0.062792 
    30.32     0.055100 
    29.03     0.055731 
    25.13     0.024382 
    23.61     0.050497 
    26.36     0.073687 
    25.72     0.061322 
    27.64     0.067697 
    24.04     0.045407 
    28.30     0.030299 
    25.62     0.056749 
    17.98     0.051573 
    25.35     0.058735 
    25.89     0.050460 
    23.34     0.057576 
    22.02     0.052379 
    25.05     0.058899 
    28.97     0.054360 
    20.74     0.057488 
    24.92     0.054846 
    20.59     0.054360 
    12.80     0.000000 
    23.87     0.145613 
    18.70     0.255248 
    18.25     0.337764 
    12.62     0.500000 
    11.61     0.500000 
    12.75     0.500000 
    18.62     0.374854 
    13.99     0.500000 
    15.40     0.500000 
    15.33     0.410234 
    19.26     0.377584 
    12.14     0.500000 
    20.72     0.317559 
    28.20     0.114757 
    19.68     0.277768 
    25.93     0.090647 
    22.31     0.275265 
    13.63     0.000000 
    21.22     0.168790 
    23.34     0.016084 
    21.62     0.181697 
    22.47     0.167505 
    27.72     0.142351 
    16.10     0.295354 
    20.58     0.264957 
    28.02     0.105388 
    16.50     0.000000 
    21.63     0.102632 
    15.82     0.000000 
    21.21     0.231754 
    18.10     0.349330 
    19.37     0.242795 
    28.60     0.079684 
    22.64     0.030543 
    24.92     0.245765 
    28.62     0.134355 
    27.53     0.069121 
    17.39     0.096245 
    22.51     0.030976 
    24.42     0.018338 
    28.01     0.034192 
    24.49     0.123994 
    21.88     0.256696 
    24.34     0.056024 
    11.86     0.000000 
    15.00     0.000000 
    13.82     0.000000 
    15.68     0.000000 
    19.52     0.001415 
    12.32     0.000000 
    25.68     0.089996 
    22.36     0.139808 
    25.02     0.108734 
    24.97     0.084721 
    23.63     0.124654 
    22.50     0.044573 
    28.96     0.014302 
    13.31     0.000000 
    13.79     0.000000 
    14.40     0.000000 
    15.54     0.000000 
    14.76     0.000000 
    14.40     0.000000 
    25.94     0.047006 
    22.05     0.096154 
    18.98     0.086706 
    12.56     0.000000 
    14.28     0.000000 
    18.60     0.035778 
    12.72     0.000000 
    10.73     0.000000 
    27.74     0.059919 
    12.87     0.000000 
    14.48     0.000000 
    25.50     0.021877 
    19.76     0.050879 
    22.00     0.034608 
    22.84     0.038257 
    16.47     0.009690 
    17.76     0.000582 
    13.41     0.000000 
    13.55     0.000000 
    21.37     0.022985 
    12.50     0.000000 
    22.46     0.007903 
    24.39     0.041760 
    15.30     0.000000 
    24.94     0.042387 
    25.49     0.039951 
    24.11     0.018741 
    20.87     0.010427 
    22.28     0.009516 
    25.79     0.018326 
    21.66     0.011587 
    22.16     0.018893 
    24.06     0.015180 
    26.61     0.009500 
    15.54     0.012845 
    24.27     0.018705 
    21.09     0.014302 
    21.62     0.142788 
    20.59     0.354608 
    14.66     0.000000 
    17.97     0.348706 
    16.45     0.000000 
    17.90     0.371347 
    21.37     0.285028 
    18.12     0.339166 
    18.61     0.306792 
    23.89     0.084906 
    16.18     0.000000 
    25.49     0.268419 
    19.69     0.268390 
    18.21     0.361760 
    25.80     0.052020 
    23.21     0.155376 
    20.95     0.240611 
    21.89     0.210707 
    22.68     0.284921 
    19.67     0.226665 
    24.58     0.100844 
    19.21     0.263357 
    24.21     0.144954 
    23.44     0.104813 
    25.40     0.129136 
    18.32     0.204822 
    21.97     0.299880 
    17.96     0.321017 
    22.74     0.118998 
    19.95     0.002861 
    13.43     0.000000 
    12.87     0.000000 
    27.69     0.122191 
    28.89     0.062613 
    15.35     0.000000 
    14.69     0.000000 
    22.23     0.110579 
    25.15     0.090716 
    23.53     0.030039 
    21.17     0.162977 
    21.67     0.245318 
    29.26     0.123094 
    21.49     0.128766 
    23.31     0.180478 
    23.66     0.009432 
    20.74     0.115845 
    23.61     0.249828 
    21.35     0.327020 
    26.31     0.189209 
    24.50     0.176481 
    23.26     0.085101 
    19.75     0.159066 
    15.42     0.297437 
    23.27     0.153642 
    23.83     0.059223 
    23.76     0.014925 
    16.02     0.000000 
    18.13     0.061473 
    24.60     0.099492 
    19.34     0.001504 
    20.16     0.070035 
    26.46     0.123139 
    22.22     0.163920 
    22.78     0.191027 
    21.36     0.164872 
    24.37     0.096403 
    25.42     0.125155 
    18.62     0.153492 
    28.02     0.150027 
    24.74     0.187338 
    25.68     0.157059 
    25.26     0.138857 
    22.06     0.119027 
    26.29     0.137395 
    20.31     0.140246 
    28.20     0.181716 
    25.36     0.142871 
    23.28     0.171767 
    18.28     0.202784 
    24.33     0.192381 
    22.80     0.213476 
    22.24     0.168785 
    29.00     0.167138 
    20.11     0.160730 
    21.32     0.166336 
    21.12     0.171629 
    25.49     0.144003 
    25.14     0.168004 
    26.93     0.164779 
    21.52     0.189871 
    25.14     0.167294 
    19.69     0.167947 
    24.03     0.166845 
    23.72     0.164462 
    23.89     0.168120 
    25.04     0.168185 
    21.86     0.169190 
    24.57     0.163644 
    22.36     0.171759 
    23.61     0.165310 
    24.28     0.167138 
    15.57     0.365341 
    11.31     0.500000 
    18.85     0.339482 
    20.53     0.145930 
    21.12     0.205717 
    23.05     0.317540 
    13.20     0.456127 
    20.50     0.304307 
    13.82     0.410058 
    16.56     0.379158 
    14.41     0.473685 
    12.19     0.500000 
    19.29     0.312498 
    21.25     0.309316 
    15.97     0.451991 
    21.54     0.106425 
    26.34     0.019426 
    14.99     0.000000 
    23.83     0.016914 
    18.59     0.152651 
    13.32     0.000000 
    22.94     0.087960 
    25.76     0.119507 
    25.92     0.089297 
    26.79     0.082510 
    16.11     0.000000 
    23.05     0.082238 
    15.73     0.000000 
    23.12     0.145625 
    24.00     0.150837 
    28.42     0.162008 
    28.16     0.047250 
    25.94     0.100195 
    22.46     0.238302 
    18.43     0.209635 
    15.27     0.384419 
    21.40     0.279759 
    24.18     0.194712 
    24.05     0.096266 
    23.49     0.203977 
    22.87     0.186997 
    22.70     0.080107 
    22.08     0.007374 
    24.06     0.058521 
    27.47     0.044271 
    16.82     0.000000 
    13.92     0.000000 
    25.55     0.136310 
    22.44     0.015893 
    27.95     0.034479 
    20.27     0.045761 
    24.57     0.086395 
    23.48     0.026401 
    23.96     0.194069 
    18.19     0.173699 
    27.18     0.082854 
    16.12     0.000299 
    19.85     0.010691 
    29.82     0.180896 
    23.84     0.115487 
    25.36     0.143971 
    24.24     0.118199 
    24.27     0.259558 
    18.55     0.245014 
    17.80     0.262148 
    22.49     0.207890 
    23.66     0.145896 
    22.51     0.233685 
    20.24     0.264623 
    27.36     0.137200 
    28.99     0.086850 
    22.67     0.101435 
    26.22     0.033928 
    23.59     0.113791 
    24.53     0.041594 
    26.21     0.044028 
    23.95     0.100953 
    32.15     0.085001 
    25.52     0.041312 
    28.09     0.062036 
    20.78     0.074135 
    29.91     0.087803 
    31.23     0.056575 
    26.92     0.077021 
    23.48     0.057233 
    20.91     0.066010 
    25.13     0.075948 
    23.82     0.030613 
    27.23     0.050620 
    29.65     0.065751 
    25.03     0.053802 
    22.55     0.059388 
    28.22     0.058766 
    24.76     0.055422 
    25.30     0.053388 
    25.59     0.059829 
    23.64     0.053929 
    21.15     0.061163 
    20.19     0.053747 
    24.40     0.053526 
    23.81     0.056575 
    26.53     0.207047 
    18.93     0.313731 
    21.47     0.267039 
    26.39     0.086657 
    20.16     0.237960 
    22.02     0.238037 
    15.24     0.455246 
    27.61     0.039176 
    15.27     0.000000 
    16.90     0.229434 
    24.90     0.018864 
    23.16     0.164296 
    15.12     0.330915 
    25.10     0.110327 
    27.45     0.059484 
    21.14     0.243463 
    16.58     0.000000 
    22.86     0.188354 
    15.20     0.000000 
    19.62     0.107931 
    26.27     0.041703 
    15.28     0.000000 
    21.64     0.125653 
    24.36     0.134484 
    11.33     0.000000 
    16.31     0.000000 
    25.15     0.182346 
    21.54     0.021713 
    15.40     0.000000 
    26.49     0.039023 
    25.82     0.045361 
    26.83     0.053770 
    25.09     0.051697 
    28.07     0.107254 
    25.82     0.191517 
    24.94     0.156765 
    24.60     0.281487 
    22.86     0.185181 
    27.04     0.018952 
    11.03     0.000000 
    14.30     0.000000 
    15.33     0.000000 
    24.49     0.149314 
    15.38     0.000000 
    15.00     0.000000 
    14.58     0.000000 
    11.29     0.000000 
    27.95     0.112271 
    24.85     0.192159 
    13.41     0.000000 
    22.89     0.209587 
    24.57     0.121028 
    25.78     0.086681 
    24.40     0.100609 
    14.46     0.000000 
    21.90     0.116114 
    22.74     0.141711 
    20.59     0.121973 
    20.28     0.019826 
    23.16     0.076462 
    19.52     0.049883 
    15.35     0.000000 
    12.95     0.000000 
    27.55     0.073226 
    20.79     0.075603 
    24.73     0.030568 
    27.60     0.028511 
    14.86     0.000000 
    22.17     0.096271 
    20.42     0.112203 
    24.03     0.041139 
    23.66     0.078882 
    24.75     0.020294 
    23.29     0.085281 
    24.61     0.052020 
    22.23     0.081235 
    21.70     0.095832 
    22.26     0.030483 
    25.43     0.007955 
    23.93     0.018763 
    13.51     0.000000 
    28.30     0.028208 
    26.15     0.017877 
    26.15     0.055131 
    25.50     0.015325 
    20.11     0.026580 
    25.36     0.044453 
    24.50     0.048902 
    20.00     0.042559 
    24.51     0.023319 
    23.74     0.030927 
    25.39     0.032830 
    23.32     0.031263 
    23.01     0.025960 
    19.54     0.026610 
    19.79     0.032802 
    27.49     0.024799 
    27.08     0.031986 
    22.87     0.028433 
    24.90     0.027878 
    20.81     0.028208 
    23.31     0.034172 
    24.82     0.168775 
    22.29     0.210062 
    21.31     0.195124 
    16.38     0.255891 
    17.02     0.328270 
    21.55     0.167623 
    16.56     0.347104 
    23.98     0.188410 
    17.54     0.126876 
    16.84     0.351608 
    27.76     0.126111 
    25.07     0.224139 
    18.88     0.241394 
    26.21     0.126295 
    18.92     0.285699 
    19.88     0.079576 
    23.52     0.207894 
    12.77     0.382585 
    18.43     0.330026 
    17.14     0.472755 
    13.86     0.500000 
    18.04     0.376665 
    20.23     0.385289 
    15.72     0.372680 
    10.41     0.500000 
    12.82     0.359143 
    10.86     0.500000 
    16.23     0.460483 
    14.02     0.500000 
    13.33     0.489537 
    16.52     0.360773 
    19.89     0.294931 
    25.02     0.144888 
    23.34     0.102167 
    21.17     0.114495 
    20.38     0.266147 
    17.02     0.425915 
    18.85     0.198518 
    20.12     0.322002 
    20.49     0.203046 
    20.07     0.333490 
    20.20     0.288086 
    17.81     0.417640 
    19.41     0.387287 
    15.09     0.500000 
    13.99     0.397984 
    18.40     0.350001 
    11.57     0.460340 
    13.27     0.500000 
    14.57     0.500000 
    15.27     0.500000 
    14.08     0.500000 
    16.16     0.500000 
    15.36     0.396349 
    18.19     0.344654 
    17.50     0.426868 
    20.35     0.382703 
    19.35     0.354728 
    16.92     0.354512 
    16.63     0.411457 
    21.59     0.375254 
    14.01     0.413246 
    14.39     0.460494 
    18.48     0.361110 
    14.69     0.441862 
    24.09     0.301549 
    17.57     0.363249 
    18.59     0.320710 
    21.51     0.269380 
    23.99     0.260920 
    23.74     0.262586 
    24.64     0.214257 
    22.46     0.225563 
    19.26     0.268275 
    22.99     0.230805 
    23.15     0.254139 
    22.55     0.160070 
    21.19     0.268356 
    24.33     0.222918 
    15.82     0.240031 
    19.17     0.243631 
    23.93     0.220146 
    19.50     0.244408 
    16.97     0.207506 
    23.50     0.192747 
    16.46     0.217789 
    24.90     0.222311 
    23.02     0.248532 
    23.94     0.238168 
    22.80     0.221244 
    21.84     0.226688 
    19.32     0.226288 
    21.90     0.226102 
    21.10     0.219063 
    22.44     0.223960 
    22.16     0.219338 
    16.72     0.221425 
    24.08     0.226430 
    19.07     0.229986 
    21.68     0.226430 
    20.27     0.132089 
    19.62     0.388884 
    15.31     0.500000 
    12.37     0.390656 
    13.57     0.425769 
    11.05     0.463911 
    21.57     0.300681 
    18.21     0.424023 
    22.16     0.216155 
    24.36     0.084243 
    13.99     0.000000 
    24.23     0.072573 
    12.62     0.000000 
    22.29     0.067060 
    25.03     0.030541 
    14.86     0.000000 
    24.56     0.063229 
    23.93     0.159915 
    16.05     0.354878 
    23.20     0.157066 
    24.97     0.109160 
    22.64     0.278445 
    20.14     0.258324 
    24.59     0.112923 
    14.00     0.000000 
    22.44     0.130979 
    22.65     0.125579 
    17.63     0.200924 
    21.16     0.186405 
    14.96     0.296906 
    16.29     0.353755 
    13.84     0.366504 
    18.47     0.344363 
    15.47     0.458134 
    16.95     0.301950 
    21.84     0.282757 
    16.49     0.377370 
    20.50     0.245087 
    28.31     0.133381 
    21.94     0.040851 
    20.65     0.105289 
    26.31     0.182202 
    22.00     0.197796 
    26.09     0.267476 
    19.20     0.282506 
    17.01     0.282371 
    20.28     0.298638 
    19.20     0.248030 
    25.47     0.269069 
    21.38     0.216344 
    21.01     0.379942 
    18.38     0.222212 
    23.64     0.232235 
    20.07     0.178004 
    20.46     0.103134 
    25.77     0.205398 
    21.38     0.251675 
    17.74     0.302680 
    20.83     0.133263 
    22.36     0.259988 
    19.77     0.260740 
    28.55     0.167878 
    25.26     0.107175 
    23.01     0.187933 
    21.73     0.195181 
    18.73     0.150531 
    28.07     0.117363 
    24.67     0.138890 
    21.78     0.188460 
    22.75     0.273094 
    17.02     0.232543 
    20.48     0.325328 
    24.88     0.214257 
    26.91     0.262464 
    19.44     0.269402 
    19.19     0.205727 
    20.05     0.224484 
    21.50     0.226988 
    18.11     0.243382 
    22.17     0.299661 
    22.43     0.262172 
    19.59     0.268748 
    18.38     0.232847 
    23.73     0.255312 
    21.49     0.288625 
    19.58     0.261988 
    19.69     0.232482 
    23.20     0.251954 
    21.86     0.262912 
    22.32     0.237716 
    18.77     0.258516 
    19.39     0.260065 
    19.14     0.266410 
    15.34     0.261533 
    18.69     0.262290 
    20.33     0.258481 
    20.09     0.262914 
