constructTestCases(): generating 11 specified cases ...  DONE
Procedure Optimizer.Optimize()
Oracle probabilites : disabled
Optimizer(): Simulated Annealing , Random-normalized optimality [%]
Optimizer(): config:  [[0.2], [9.9], [], 10, 10, 0.75, 0.01, 0.5, 0.01]
Optimizer(): selective: [  1  ]
Optimizer(): evals/step: 10
Optimizer(): numParams: 1 , completeRepeats: 100
MABsolver_config: algorithms: EpsGreedy , CP DavorTom , CPT Davor , Reset SingleMovingAvg
MABsolver_config: params: types:  Direct  Direct  Direct  Direct  Direct  
MABsolver_config: params: numInputs:  0  0  0  0  0  
MABsolver_config: params: weights:  [  0.140000  ]  [  2.000000  ]  [  1.000000  ]  [  50.000000  ]  [  1.000000  ]  
BanditTestBatch: casesIDs:  0  1  2  3  4  5  6  7  8  9  
BanditTestBatch: numCases: 10
BanditTestBatch: maxim sum reward: 3919.0
BanditTestBatch: random reward: 2805.0
 Evals       Score          p01       case01    case02    case03    case04    case05    case06    case07    case08    case09    case10 
     1       38.83      2.00000        68.60     17.20     68.20     -6.93     10.00     62.90     12.46     62.65     70.34     22.84 
     2       48.55      4.27769        69.00     82.53     66.80     -0.27     43.89     44.60      7.54     53.05     71.79     46.60 
     3       45.98      4.63859        78.20     61.60     66.40     18.13     14.44     58.20     18.73     50.11     74.74     19.26 
     4       44.20      5.81310        80.80     80.13     58.20     42.67     10.00     21.60     14.68     47.45     68.71     17.78 
     5       39.44      5.89476        56.80     85.60     81.60     -1.60     28.33     18.70      3.89     45.05     73.38      2.65 
     6       43.84      5.71347        79.80     85.20     84.60     44.53     -8.89     23.80      2.94     42.11     67.30     17.04 
     7       46.32      7.60235        79.00     96.80     78.60     37.07     17.22     28.90      9.68     44.07     67.80      4.07 
     8       36.46      6.39183        72.20     75.60     78.00      9.87     -5.00     20.70     -7.86     38.65     62.18     20.25 
     9       42.24      6.00987        68.40     95.20     93.60     33.33    -15.56     27.20      2.06     38.07     66.98     13.09 
    10       46.10      5.76463        51.20     78.53     76.40     38.67     61.67     19.40      2.38     44.18     71.93     16.60 
    11       46.52      4.88460        74.00     92.40     66.40     10.93      9.44     37.20     15.24     55.20     71.02     33.33 
    12       52.50      3.38724        55.60     85.33     65.80     32.27     10.00     63.20     44.84     54.25     77.14     36.54 
    13       58.62      3.61101        71.60     75.73     97.80     52.27      3.89     66.80     47.86     56.58     75.69     38.02 
    14       41.43      5.07928        71.60     84.27     83.20     -6.13      7.78     28.50     23.81     45.13     69.07      7.10 
    15       51.15      3.42706        66.80     86.93     64.40     -5.33     32.22     59.70     33.25     48.65     75.06     49.81 
    16       40.77      2.15042        55.20     42.13     55.80      2.67     21.11     57.30     18.41     46.80     71.02     37.28 
    17       47.60      3.70908        77.60     69.07     75.00     -5.87     -6.11     71.70     43.57     48.73     75.56     26.79 
    18       47.14      3.62514        61.80     81.47     84.00     48.53    -20.00     54.20     21.75     41.27     74.74     23.64 
    19       54.11      2.66894        68.80     86.93     71.40     30.67    -12.78     64.50     54.05     58.33     72.52     46.73 
    20       55.72      4.30816        88.60     77.87     83.20     39.73     46.67     49.00     21.51     52.84     76.46     21.30 
    21       48.97      4.45549        44.00    100.00     62.20     52.53     -4.44     47.80     37.38     48.22     74.20     27.78 
    22       44.38      3.00534        32.80     77.73     70.40      0.27    -29.44     80.90     41.67     54.73     73.74     40.99 
    23       49.31      4.15896        66.20     80.67     66.00     29.60      8.33     53.70     32.78     53.35     78.78     23.70 
    24       42.19      4.75104        71.40     86.67     76.20     10.40      2.78     30.50      6.03     54.33     68.93     14.63 
    25       54.89      4.13358        70.40     88.93     89.60     43.73     16.11     49.40     44.37     54.04     79.68     12.65 
    26       41.86      4.00457        73.20     74.40     66.40     10.13    -70.00     56.90     41.59     56.58     73.97     35.43 
    27       60.93      2.99267        82.80     89.60     73.60     48.27      9.44     68.30     40.08     62.00     79.00     56.17 
    28       54.85      2.87616        68.60     74.80     89.00     23.20     17.78     56.30     46.19     48.84     72.65     51.17 
    29       47.37      3.92558        69.00     78.67     79.00     13.33     -3.33     68.20     20.00     52.47     70.39     25.99 
    30       41.19      5.81425        50.20     88.27     85.00     19.20      6.67     22.20      3.41     47.75     70.11     19.14 
    31       36.64      6.63741        71.00     79.20     68.80     21.87    -10.56     15.30      0.87     42.76     67.30      9.81 
    32       38.23      6.96941        72.20     78.13     69.20     21.33      9.44     10.40      1.98     38.51     68.34     12.72 
    33       37.69      7.77261        74.20     79.73     79.00     49.33    -28.89     15.00      4.29     32.33     68.66      3.27 
    34       37.63      7.93214        70.80     83.20     83.20     28.53     -8.89      8.00      4.76     41.93     59.86      4.94 
    35       42.19      8.74612        85.20     88.13     88.80     38.40     -2.22      4.60      4.37     34.65     66.89     13.09 
    36       40.59      8.50622        65.40     95.07     83.00     16.27     11.67     11.80     14.37     33.45     65.94      8.95 
    37       37.97      9.67765        61.60     90.67     67.20     40.00      0.56     12.30     -1.90     36.84     64.90      7.59 
    38       34.40      7.32274        67.20     88.40     94.80     -4.53    -21.11      8.30      3.33     27.02     65.76     14.81 
    39       40.75      8.64371        85.20     82.00     79.00     14.40     28.33      3.10     18.57     28.51     62.81      5.62 
    40       40.77      7.95072        67.00     85.73     85.40     10.67     31.67     13.90      3.17     35.89     64.17     10.06 
    41       41.58      8.60570        72.20     87.73     69.60     56.80    -18.33     16.50     -2.86     44.25     71.93     18.02 
    42       38.13      7.74301        69.00     93.87     70.40     34.13    -10.00      4.60      8.25     24.40     68.03     18.58 
    43       38.45      8.00352        75.20     84.40     59.00     32.27     18.89      3.20     -0.95     41.35     66.67      4.51 
    44       41.84      8.76850        72.20     95.07     78.60     20.27     12.22     16.60     -6.35     42.36     70.84     16.54 
    45       37.92      8.59025        57.60     78.93     79.00      5.07     36.11      6.20      7.46     33.85     70.11      4.88 
    46       34.29      8.04872        78.20     86.93     60.00      2.93     17.78      9.70     -2.38     36.91     63.72    -10.86 
    47       43.66      7.03276        67.40     90.00     83.40     63.47    -11.11      9.90      7.06     46.22     68.66     11.60 
    48       39.25      7.49523        65.80     67.87     82.20     41.60      9.44      6.00      8.97     32.29     67.21     11.11 
    49       39.67      8.49662        60.80     81.87     81.20     47.47      6.11      8.70      0.79     42.22     65.85      1.73 
    50       35.23      8.67685        66.00     75.60     45.60     33.07     12.78     10.00      3.41     31.85     66.98      6.98 
    51       39.29      9.59859        56.40     71.87     65.80     14.13     42.22     11.50     13.49     32.87     68.16     16.42 
    52       41.03      8.70440        67.60     88.53     66.40     47.73      4.44     10.90     22.14     28.65     69.84      4.01 
    53       39.56      7.81706        71.00    104.80     85.00     27.47    -13.33     14.40      2.54     27.67     63.49     12.53 
    54       36.33      8.25730        66.40     71.60     81.60     26.13     33.33     -1.20     -6.83     23.31     70.43     -1.48 
    55       38.84      8.84642        72.80     82.80     88.40     15.20     10.56     10.00     10.24     28.25     60.86      9.26 
    56       39.37      9.64238        77.80     93.33     67.40     27.20     -5.56     16.70     -2.86     38.22     67.03     14.38 
    57       42.62      9.65284        73.20     87.07     91.80     21.07     20.00     20.40      0.95     37.85     64.44      9.38 
    58       43.88      9.38535        68.00     91.73     71.80     34.67     40.00     19.40      8.25     26.33     67.71     10.86 
    59       37.60      9.44584        57.20     74.53     69.80     57.33      6.11      3.90      1.98     33.78     62.95      8.46 
    60       40.98      9.05851        70.40     79.73     88.20     35.20     26.67     14.10    -14.37     19.02     70.02     20.86 
    61       43.91      9.25530        76.00     86.53     67.80     67.47     18.33      6.40      7.30     36.98     65.17      7.16 
    62       34.64      8.41731        63.40     88.80     47.40     40.27    -18.33     11.80      3.25     37.05     64.85      7.90 
    63       37.28      9.66528        59.20     76.13     77.00     46.67     -5.56     14.60      2.38     29.78     66.62      5.93 
    64       39.30      9.56586        83.00     87.60     71.20     30.93      7.78      1.10     -4.76     35.20     66.94     14.01 
    65       29.77      9.03982        46.80     90.13     58.80     21.07     -7.22     -1.20     -7.06     34.07     63.95     -1.67 
    66       37.35      9.25013        84.40     58.80     88.00     24.53    -10.00     10.60     -2.46     42.91     69.84      6.85 
    67       32.01      9.14888        61.60     74.13     73.00     -5.33     -2.22     18.90     -6.98     40.98     61.45      4.57 
    68       44.76      8.84281        75.60     98.27     74.00     21.07     54.44      1.80     15.56     30.62     65.31     10.99 
    69       40.84      9.58151        66.80     76.40     68.60     56.53      7.22     18.50      1.90     40.47     63.72      8.27 
    70       39.72      8.81966        60.40     86.40     84.80     42.93     -4.44     18.60      2.78     32.15     68.93      4.69 
    71       41.80      8.79097        81.20     82.67     82.60     28.00      9.44     12.10      4.92     33.16     70.57     13.33 
    72       37.69      9.14480        48.60     77.60     77.60     28.80     28.33     10.20     -1.35     31.78     62.04     13.33 
    73       35.61      8.27723        73.80     83.73     70.60      0.53     -7.78     12.50     10.95     31.09     60.59     20.12 
    74       42.97      9.29164        67.80     88.80     85.40     31.47     12.78     21.40     -0.87     34.44     65.94     22.59 
    75       38.83      9.25915        60.80     76.67     79.60     62.67     -7.78      0.70      9.13     32.40     63.22     10.86 
    76       39.63      9.51551        63.80     82.00     67.20     32.53     38.89     -2.70     -1.03     39.93     65.12     10.56 
    77       43.70      9.72645        87.00     85.87     84.60     32.53     15.56     16.90     -2.46     32.84     65.94     18.21 
    78       35.71      9.57017        71.80     92.40     66.20      3.20    -13.33     18.30      5.16     33.35     66.80     13.21 
    79       37.30      9.30351        56.20     84.13     59.40     33.87      1.67     22.20     -1.67     31.60     62.45     23.15 
    80       40.19      9.31558        71.80     81.07     87.20      2.93     42.78     18.30     -6.27     22.87     61.68     19.57 
    81       33.11      9.81377        73.40     75.73     58.80     20.00    -19.44     -0.40     -3.10     34.80     74.69     16.60 
    82       42.76      9.60996        95.00     87.33     77.60     17.87     21.11      0.40     13.81     32.15     66.12     16.17 
    83       35.48      9.61737        38.80     93.07     89.00     22.13    -22.78     22.60      9.29     28.07     70.75      3.89 
    84       36.48      9.73618        55.40     82.40     60.20     41.33     22.78     19.10     -0.79     18.73     65.67     -0.06 
    85       36.11      9.59941        53.00     86.40     85.80      0.27     16.67     16.10     -3.02     29.35     65.62     10.86 
    86       39.30      9.54856        57.40     73.07     74.60     26.13     21.67      3.90     13.10     37.49     71.88     13.77 
    87       41.68      9.69208        55.60     84.80     81.00     62.67      9.44      9.70      8.73     29.45     65.26     10.12 
    88       39.68      9.44034        68.80     91.87     79.60     56.80    -11.11     -4.20      0.24     28.80     66.71     19.26 
    89       33.16      9.69761        78.00     65.73     77.00      5.33     -1.67      3.20     -5.56     30.07     64.31     15.19 
    90       33.91      9.61821        73.00     92.80     51.80     15.73    -16.67     18.60     -3.33     38.80     61.59      6.79 
    91       36.12      9.82809        47.40     77.73     92.00     49.07     -7.22      3.80     -3.49     26.73     66.44      8.70 
    92       38.45      9.77214        80.40     86.80     65.20     41.87    -21.67     14.90      7.06     40.04     64.72      5.19 
    93       43.45      9.68775        58.20     81.33     84.00     52.53     23.89     19.80      6.19     29.60     60.05     18.95 
    94       44.80      9.66939        90.00     85.47     81.60     36.27     23.33      4.40     18.17     27.89     60.59     20.31 
    95       36.53      9.71086        69.40     87.20     82.60     17.07     -6.11     16.60     -8.49     28.95     67.57     10.56 
    96       39.80      9.63227        82.00     91.33     79.80     67.47    -24.44     -6.30     10.71     29.31     63.95      4.14 
    97       43.10      9.68817        69.80    105.20     79.60      0.27     25.56     22.70      9.05     29.35     64.44     25.00 
    98       39.78      9.63261        83.20     80.40     76.40     30.93     10.56      7.60      7.06     24.98     62.27     14.44 
    99       39.28      9.63300        61.60     81.60     82.20     22.93     21.67      2.60      6.51     30.11     73.38     10.25 
   100       36.66      9.69196        68.80     77.33     82.60      1.07     30.00      6.10      4.68     31.45     62.99      1.54 
   101       33.38      9.71162        71.00     89.47     72.40     -4.53    -22.78     16.70     -4.76     38.04     68.25     10.00 
   102       40.46      9.66939        87.60     81.87     67.20     29.33     10.00     16.70      4.44     34.62     67.39      5.49 
   103       39.41      8.46069        69.60     79.73     87.40     14.93     27.22     10.80      8.73     29.75     63.04      2.90 
   104       39.19      7.84556        76.20     83.33     82.00     30.13      4.44     10.70      0.56     29.38     67.21      7.90 
   105       44.45      8.40668        80.00     90.13     94.00     44.80     15.00      9.90      0.63     32.69     68.62      8.77 
   106       38.78      8.12249        73.60     76.93     46.80     60.80     -9.44     29.90      0.16     33.60     68.93      6.48 
   107       41.85      6.20200        76.60     85.60     72.80     21.60     12.78     26.00      5.87     38.58     64.85     13.83 
   108       45.58      6.28827        75.80     76.40     93.60     35.47      5.00     32.40     13.02     41.82     69.16     13.15 
   109       37.82      6.73729        86.60     74.00     94.00     37.87    -30.00      5.50     -3.81     40.55     69.34      4.14 
   110       45.14      6.14261        61.80     85.07     77.00     57.07     35.56     18.50     -1.51     40.95     63.36     13.58 
   111       42.77      5.71834        74.20     84.53     83.00     54.40     -2.22     11.70     -0.48     44.11     66.98     11.48 
   112       45.65      7.07542        62.80     82.53     68.60     72.53     32.22     -9.60     12.54     50.55     68.98     15.37 
   113       40.32      8.81371        54.60     73.20     90.60     26.67     35.56      0.10     16.11     30.98     67.03      8.40 
   114       36.13      7.86189        75.60     79.07     64.00     19.20     -2.22     14.90      2.22     42.44     64.08      1.98 
   115       34.67      9.78327        63.80     75.73     71.60     16.53     12.22     21.00     -4.68     23.96     61.86      4.63 
   116       37.50      7.79459        59.60     64.00     77.20     18.67     28.89      9.00     13.25     37.75     64.63      2.04 
   117       40.70      6.06975        75.40     84.00     77.20     18.67     10.00     14.90      0.87     48.22     72.02      5.68 
   118       47.78      4.59675        69.80    102.53     77.40     27.47      7.22     21.40     23.65     51.93     78.28     18.09 
   119       52.67      3.14360        54.00     81.33     74.80      5.87     15.00     57.90     56.11     55.89     72.79     52.96 
   120       48.02      4.37977        71.60     92.00     63.40     18.13     18.33     53.20     31.43     54.22     77.55      0.31 
   121       36.55      1.54245        76.20     49.73     71.00    -13.87    -35.00     71.00     14.68     59.89     68.34      3.52 
   122       42.66      4.78869        64.00     81.33     68.60      5.60     17.78     50.50     11.35     45.67     69.07     12.72 
   123       50.82      3.34812        69.80     84.40     87.60      6.13    -10.00     67.20     36.98     57.49     78.55     30.00 
   124       56.54      3.29897        59.80     75.07     64.60     50.13     18.89     60.70     56.43     58.76     72.38     48.64 
   125       30.66      1.48342        44.80     28.53     54.00    -18.40     -2.22     54.90     10.56     63.67     69.66      1.11 
   126       40.85      1.50858        78.40     56.93     72.20    -20.80      8.33     64.20     18.02     71.49     64.31     -4.63 
   127       40.28      1.02198        81.80     57.60     56.20    -30.93     30.56     70.20     11.75     60.04     63.40      2.16 
   128       37.36      0.70907        78.80     86.40     53.00    -37.33    -25.00     64.80     22.70     61.38     68.39      0.49 
   129       49.02      2.42893        64.40     46.00     71.00      9.60     40.56     54.30     40.40     48.36     75.87     39.69 
   130       51.36      2.61475        49.20     58.67     67.60     39.20      8.89     60.70     58.41     50.76     77.55     42.65 
   131       44.38      4.14238        72.00     81.87     87.00      9.07     -6.67     37.40     13.57     54.22     74.42     20.93 
   132       45.52      2.11379        71.00     41.33     66.40      6.93     16.11     66.70     23.57     59.45     73.33     30.37 
   133       37.18      1.48841        81.00     54.00     38.40    -24.53      5.00     63.00     15.32     68.36     74.10     -2.84 
   134       50.13      2.46166        71.80     63.73     57.00     25.60      9.44     53.10     45.32     56.95     76.10     42.28 
   135       53.02      2.73060        49.40     62.13     65.00     39.47     15.56     75.20     46.90     51.64     72.74     52.16 
   136       45.38      2.47210        66.20     52.27     42.40     11.73    -10.00     66.40     40.00     53.09     80.63     51.05 
   137       53.58      3.55138        78.60     82.53     72.00      6.67     39.44     46.60     46.03     52.33     68.93     42.65 
   138       49.04      4.92783        74.20     87.47     59.80     25.87     33.89     44.40     22.70     47.56     79.64     14.88 
   139       56.69      3.47332        80.00     79.73     69.40     21.33     23.33     75.70     51.27     57.09     73.88     35.19 
   140       47.17      5.04225        60.20     91.73     74.40     34.67     21.11     39.60      5.79     49.16     75.37     19.63 
   141       54.32      3.63197        71.20     81.20     74.80     47.47      6.11     41.90     58.02     56.18     76.51     29.81 
   142       51.55      3.95340        73.40     76.00     92.00     28.80     13.33     38.00     24.44     49.42     78.05     42.04 
   143       36.68      5.00634        46.00     58.93     80.40     16.00    -20.56     45.10     -6.19     47.89     73.97     25.25 
   144       41.03      3.82415        55.60     80.40     77.80    -15.20    -13.89     56.40     19.52     52.69     75.37     21.60 
   145       57.86      2.57936        76.00     69.20     56.60     25.07     50.00     54.00     51.51     58.07     83.49     54.69 
   146       36.10      1.98593        64.00     37.20     40.40      0.27     -9.44     61.90     10.00     66.65     71.75     18.27 
   147       40.24      1.37661        85.40     64.40     56.00      4.27    -32.78     68.50     16.43     65.42     70.11      4.69 
   148       52.82      3.93581        76.60     77.47     54.20     48.80     25.56     66.50     28.49     49.45     79.00     22.10 
   149       50.51      2.66784        79.00     62.27     71.00      9.60      7.22     46.90     43.02     61.13     77.69     47.28 
   150       48.43      3.82536        76.80     81.47     88.40     20.27    -17.78     54.60     32.62     56.25     74.10     17.53 
   151       38.18      4.71337        64.20     76.27     59.40     19.47     -2.78     39.00      0.32     48.40     75.24      2.28 
   152       41.91      4.83979        41.20     84.80     48.00     27.47     25.00     59.80      3.25     49.45     73.47      6.67 
   153       44.49      4.96178        64.60     81.87     79.00     44.27    -17.22     42.00      3.49     50.07     76.05     20.74 
   154       43.11      5.78367        62.60     80.00     90.00     12.27     20.56     16.70     11.98     43.85     73.97     19.20 
   155       41.01      5.33097        78.60     82.13     47.80     46.67     -1.11     31.40      0.48     43.02     79.00      2.16 
   156       43.71      5.04739        75.00     86.40     89.40    -20.00     34.44     17.90      7.70     58.00     75.06     13.21 
   157       41.94      6.00851        69.00     88.00     78.60     36.53      7.22     23.00     -4.84     46.87     66.17      8.89 
   158       38.86      5.84406        80.20     88.27     66.00     30.67    -21.11     15.40     11.90     40.80     68.07      8.40 
   159       42.81      5.10255        57.80     82.53     46.00     34.13     12.78     49.10      5.32     51.60     76.15     12.65 
   160       43.75      4.37858        63.00     88.27     75.40     34.67     -3.33     27.50      3.33     57.45     74.78     16.42 
   161       57.26      3.28574        70.60     81.07     71.20     49.60    -17.22     73.20     55.56     56.40     77.96     54.20 
   162       43.86      2.22222        56.40     31.87     49.60      8.00     37.78     54.40     19.05     64.58     75.74     41.23 
   163       53.02      3.94524        74.40     78.67     77.40     38.93     35.00     48.50     29.13     53.45     70.48     24.26 
   164       57.21      3.18904        68.00     73.20     83.40     17.87     43.89     56.40     38.17     58.40     80.95     51.85 
   165       50.28      2.41939        69.80     57.73     57.80     10.93     18.89     64.30     39.05     53.82     79.14     51.30 
   166       56.01      2.64640        64.60     68.40     72.20     34.67     25.00     60.40     59.60     60.25     76.24     38.77 
   167       50.02      3.86797        62.20     84.53     71.20     14.13     -8.89     71.20     35.79     53.45     73.02     43.52 
   168       55.55      3.26793        77.60     84.67     82.40     24.00     23.89     49.10     34.37     52.55     76.05     50.86 
   169       48.37      3.98425        72.80     72.27     86.20     18.67     36.11     29.10      8.65     58.76     77.32     23.83 
   170       49.75      3.61175        68.00     86.40     75.60     20.27      3.89     58.30     24.29     53.35     75.19     32.22 
   171       53.12      3.26933        68.20     84.00     63.20     31.47     -2.78     58.00     37.94     53.85     78.41     58.95 
   172       50.03      2.70285        65.60     73.60     56.60    -12.00     43.33     44.70     55.48     46.76     74.83     51.36 
   173       56.93      2.93405        59.80     66.13     65.40     22.67     46.11     74.80     52.86     57.20     76.60     47.72 
   174       54.70      2.43184        71.00     54.67     97.00      7.73     28.89     68.20     37.30     58.51     81.90     41.79 
   175       51.02      3.00113        50.00     79.07     74.80     30.40     -6.67     65.80     41.51     55.16     74.42     45.74 
   176       55.90      2.64219        73.00     78.93     80.20     12.80     17.78     63.30     43.57     63.82     79.95     45.62 
   177       53.20      2.98150        76.60     76.80     59.00     -4.53      4.44     60.30     61.83     56.04     80.14     61.36 
   178       44.27      2.14001        74.00     31.07     56.80      6.13     16.11     62.80     36.11     63.78     72.02     23.89 
   179       49.87      2.78447        64.80     78.53     66.80     31.20     -8.33     55.50     45.08     53.24     78.50     33.33 
   180       53.28      2.55764        53.20     66.80     47.80     30.40     37.78     73.50     46.27     57.02     75.96     44.07 
   181       49.98      2.46214        71.60     54.93     46.40     22.40     35.56     51.10     42.94     54.73     76.05     44.07 
   182       56.05      3.18916        74.20     83.20     68.20     39.47     17.78     49.00     52.38     56.11     78.00     42.16 
   183       57.74      3.37955        65.80     86.67     87.80     25.87     42.22     64.60     40.48     53.78     73.20     37.04 
   184       58.53      3.23595        60.40     76.80     78.60     41.07     42.78     67.80     48.81     58.55     73.20     37.35 
   185       44.89      3.19032        57.40     82.53     66.40     11.47    -17.78     45.20     26.67     54.36     82.49     40.19 
   186       56.93      3.29378        85.00     89.20     84.80     45.33     -4.44     54.90     49.05     55.24     80.09     30.19 
   187       55.23      3.33492        77.80     89.87     69.00     10.67      7.78     74.00     43.41     58.95     78.32     42.53 
   188       50.66      3.08125        59.00     75.07     60.20     18.93      6.11     57.20     53.02     55.78     76.42     44.88 
   189       53.32      3.18523        70.80     88.13     70.40     16.80    -18.89     71.00     45.95     57.09     76.37     55.56 
   190       50.55      2.99676        54.60     74.80     65.80     24.27      5.56     56.60     51.51     49.38     78.19     44.75 
   191       50.25      3.00521        60.40     87.20     50.80     21.60    -13.33     66.30     50.56     54.80     78.46     45.68 
   192       54.02      3.01400        66.40     80.80     77.00      2.13     11.11     75.60     50.71     55.93     70.61     49.88 
   193       59.34      3.27379        87.80     66.67     86.60      5.33     57.78     63.60     45.32     56.22     80.59     43.52 
   194       46.33      3.25161        56.40     76.27     60.20     13.07     -3.89     53.30     36.27     56.76     79.59     35.37 
