constructTestCases(): generating 11 specified cases ...  DONE
Procedure Optimizer.Optimize()
Oracle probabilites : disabled
Optimizer(): Simulated Annealing , Random-normalized optimality [%]
Optimizer(): config:  [[0.2], [9.9], [], 10, 10, 0.75, 0.01, 0.5, 0.01]
Optimizer(): selective: [  1  ]
Optimizer(): evals/step: 10
Optimizer(): numParams: 1 , completeRepeats: 100
MABsolver_config: algorithms: UCB1 , CP DavorTom , CPT Davor , Reset AllMovingCutoff
MABsolver_config: params: types:  Direct  Direct  Direct  Direct  Direct  
MABsolver_config: params: numInputs:  0  0  0  0  0  
MABsolver_config: params: weights:  [  0.240000  ]  [  2.000000  ]  [  1.000000  ]  [  50.000000  ]  [  1.000000  ]  
BanditTestBatch: casesIDs:  0  1  2  3  4  5  6  7  8  9  
BanditTestBatch: numCases: 10
BanditTestBatch: maxim sum reward: 3919.0
BanditTestBatch: random reward: 2805.0
 Evals       Score          p01       case01    case02    case03    case04    case05    case06    case07    case08    case09    case10 
     1       33.91      2.00000        81.00     12.27     40.80     10.67     20.00     57.80     28.02     64.58     21.36      2.59 
     2       32.23      1.21335        83.40      7.60     27.80     20.00      8.33     77.40     12.22     63.05     15.06      7.47 
     3       26.05      0.39905        61.60      9.33     31.40      7.20    -35.00     83.70     14.44     64.80     16.78      6.23 
     4       28.59      1.06035        73.80     11.73     32.40      2.13      4.44     74.00      9.92     66.40     11.88     -0.80 
     5       43.14      3.26906       101.00     46.80     50.80     21.33      1.11     68.60     28.17     75.64     35.19      2.78 
     6       50.07      5.12217        83.20     69.33     72.40     -9.33     -8.89     70.00     48.65     79.78     73.42     22.10 
     7       46.25      4.12943        76.00     51.07     71.40     11.20      4.44     75.20     38.65     75.13     42.99     16.42 
     8       49.26      4.81924        71.60     59.07     66.80      6.13     18.89     72.50     48.65     75.16     58.28     15.49 
     9       37.87      3.31839        93.20     25.47     63.60     12.00    -30.00     69.40     32.22     69.85     35.78      7.16 
    10       34.93      1.91093        91.80     14.00     45.00     20.53      1.67     78.60      9.76     65.93     16.24      5.80 
    11       27.01      0.56152        72.60      1.33     29.20     -0.27     -2.78     69.50     11.51     65.56     15.87      7.59 
    12       33.54      2.71276        69.80     27.33     54.80      5.33     -6.67     67.50     19.84     67.78     23.54      6.17 
    13       37.45      2.56252        97.60     16.13     39.60     18.40      5.00     90.00     20.56     68.91     22.27     -4.01 
    14       50.64      4.19079        95.80     55.33     74.00     39.73     -1.11     56.00     43.02     70.98     52.02     20.62 
    15       37.07      3.76787        66.20     44.93     64.80    -12.80     -6.11     46.90     37.46     80.15     45.49      3.70 
    16       39.19      2.94426        71.80     26.00     88.00     26.40    -11.11     69.80     19.44     69.05     23.76      8.77 
    17       53.25      4.74719       103.60     73.60     72.40     12.27     10.56     44.20     62.06     74.84     58.41     20.56 
    18       41.96      3.42152        88.80     38.80     69.80    -13.07     -2.78     74.40     35.87     83.02     31.25     13.46 
    19       42.73      3.34170        72.40     35.07     83.20     15.47      3.89     82.90     26.35     72.44     31.75      3.89 
    20       45.02      3.20021       102.40     34.40     85.40      6.40     -8.33     79.60     41.83     70.55     33.02      4.94 
    21       44.22      3.16035        97.00     34.67     73.80     20.53      8.89     68.20     23.89     71.38     31.79     12.04 
    22       28.74      1.31974        98.00      3.47     50.80    -17.87    -10.00     69.40      6.11     66.04     15.60      5.80 
    23       30.39      1.97669        83.80     14.67     28.60      2.13     10.00     68.50     13.65     63.49     17.55      1.48 
    24       41.54      3.11715        97.60     47.07     69.00     -1.07      1.11     63.10     22.30     77.96     30.43      7.90 
    25       48.97      4.05666        82.20     52.27     79.40      6.67     17.78     70.40     46.27     76.07     47.62     10.99 
    26       43.64      3.70384        86.40     53.33     60.60     -2.93     21.11     71.30     25.87     75.56     34.92     10.25 
    27       49.56      3.90071        98.20     48.40     76.20     22.93      7.22     75.70     37.06     75.82     47.07      7.04 
    28       32.09      2.45154        69.00     25.73     57.20     -6.67     -1.67     74.20     17.86     64.15     20.14      0.93 
    29       38.85      2.91616        57.00     36.27     75.60     -2.13     27.78     69.80     24.76     66.95     23.99      8.52 
    30       28.98      1.05820        74.00     11.20     42.80     -2.67      2.78     74.10     12.38     61.13      9.98      4.14 
    31       31.52      0.82553        82.60     20.13     37.60     18.67    -14.44     70.70     16.67     59.85     14.56      8.83 
    32       29.98      1.23798        76.20     -1.87     47.00     -1.33     17.22     71.30     16.19     62.40     15.74     -3.02 
    33       34.79      2.46976        88.20     28.80     47.00     -7.47     -3.89     79.00     19.44     67.96     23.13      5.68 
    34       31.43      2.46887        78.00     24.80     59.80     -6.13    -31.11     81.40     11.19     69.82     24.72      1.79 
    35       38.78      3.35563        92.20     39.60     53.00      1.33      2.78     63.50     15.95     72.91     36.05     10.43 
    36       42.34      3.08532        78.20     26.53     73.80     -9.60     11.67     93.20     31.35     76.00     31.88     10.37 
    37       42.57      3.51197        84.40     41.07     66.60     -4.27      3.89     61.70     38.25     81.38     42.22     10.49 
    38       45.63      3.26520       108.20     27.33     78.40     -7.20      8.89     86.20     38.57     70.51     34.01     11.36 
    39       43.86      3.44817        84.60     32.80     72.60     13.60      1.67     80.50     28.97     78.91     42.45      2.47 
    40       37.76      2.91077        75.60     20.27     60.00      6.40      8.89     67.80     27.94     78.15     29.07      3.46 
    41       29.79      2.51192        74.80     25.60     32.80      9.33    -25.00     69.80     16.90     66.44     22.72      4.51 
    42       43.40      3.72605        87.20     38.00     76.40     22.13    -19.44     73.80     30.56     76.76     40.41      8.15 
    43       37.33      2.63151        85.80      9.07     62.00    -11.73     29.44     72.40     26.51     67.89     27.62      4.32 
    44       34.90      1.41317        81.60      7.33     43.80     -4.80     42.78     78.50     15.95     63.75     18.19      1.91 
    45       26.38      0.26819        75.80     13.47     40.20    -12.53    -14.44     66.40     12.70     63.38     13.20      5.62 
    46       28.93      1.28744        71.60     16.27     27.00      4.27     -9.44     74.30     11.67     70.07     15.10      8.46 
    47       39.77      2.61374        87.80     23.73     52.20      4.53     21.11     84.20     22.54     67.13     28.89      5.56 
    48       34.04      1.68023        69.00     14.67     40.20      4.00     38.33     74.70     14.29     63.78     18.05      3.40 
    49       33.01      1.53040        77.60      9.73     37.40      9.60     24.44     73.40     11.03     61.96     15.10      9.81 
    50       31.66      2.31411        64.40     24.13     38.80     15.20    -12.78     69.30     20.63     68.36     21.86      6.67 
    51       27.24      1.69947        67.60      0.00     39.00      0.27     -9.44     67.80     19.52     68.00     17.46      2.22 
    52       39.76      2.37080        79.40     19.73     76.20     12.80      7.22     80.50     23.49     65.71     21.09     11.42 
    53       26.73      1.59997        86.40      8.13     30.20     10.40    -31.67     70.70     14.29     61.42     13.74      3.64 
    54       28.83      1.44002        82.20     -0.40     35.60    -15.20     18.89     68.50     11.98     61.35     15.69      9.69 
    55       33.87      2.47672        72.00     20.53     40.80      0.27     16.67     82.10      4.84     67.05     23.58     10.86 
    56       30.46      1.83593        85.20     15.87     56.00     -3.73    -20.00     68.50     21.35     62.73     15.51      3.15 
    57       30.24      1.77560        74.20     21.60     58.60     -8.53    -11.11     65.10     16.51     62.15     15.37      8.52 
    58       30.03      2.13751        67.80     20.27     39.60    -11.20     10.00     71.30     16.59     65.31     20.50      0.19 
    59       31.03      1.75682        82.80     11.07     45.40     25.33    -17.78     69.90     14.21     58.36     14.88      6.17 
    60       32.21      2.17835        74.60     12.27     35.60      9.07     18.89     68.40     10.95     68.58     22.22      1.48 
    61       32.90      2.33125        67.80     10.93     61.00     24.00     -8.89     61.40     11.83     66.22     22.68     12.04 
    62       29.17      2.07557        85.60      7.07     44.40      1.87    -18.89     59.80     19.37     68.00     15.46      9.01 
    63       28.25      1.78340        90.80     12.53     35.80     -6.13    -21.11     75.70      0.79     65.85     16.83     11.48 
    64       34.66      1.84920        76.80     18.67     46.40     12.27     19.44     71.50      8.49     63.20     17.10     12.78 
    65       26.35      1.05407        83.40     -0.00     45.80    -19.47    -16.11     72.70     18.73     62.95     13.70      1.79 
    66       35.90      2.48853        84.20     24.27     49.80     16.53      0.00     77.30     13.65     64.95     20.54      7.78 
    67       33.58      2.52317        59.80     27.33     39.20      2.40     20.56     72.70     14.84     65.85     23.95      9.20 
    68       33.57      2.20197        86.80     20.53     27.20     12.80      7.22     67.70     19.29     64.69     20.82      8.64 
    69       35.33      2.53433        90.80     11.87     60.00     -3.47      4.44     75.90     16.51     68.91     21.54      6.79 
    70       32.43      2.25979        75.60     23.73     52.40     -3.20     -1.67     77.70     13.57     63.45     17.82      4.88 
    71       36.78      2.77473        79.40     17.73     84.20    -14.93     -1.67     84.70     24.13     66.18     27.03      0.99 
    72       30.20      2.51866        91.40     15.20     48.20    -24.27      3.89     69.50     12.06     61.56     22.13      2.35 
    73       45.29      3.06484       105.00     44.93     66.60     28.00     -1.67     85.40     27.54     66.98     31.66     -1.54 
    74       41.77      3.54462        60.60     49.33     73.60     -3.73     -6.67     79.70     36.35     79.42     42.49      6.60 
    75       47.62      3.62610        92.20     51.87     80.00      2.93     25.00     68.90     33.17     77.96     41.13      3.02 
    76       44.09      3.41120        80.60     42.40     78.40     15.47     -2.78     81.30     29.37     70.65     35.69      9.81 
    77       45.89      3.35580        78.60     52.40     76.20     14.13      6.11     82.20     34.76     75.45     32.43      6.60 
    78       41.02      3.65814        73.00     50.13     72.20     -2.13     -1.67     71.70     35.63     68.55     31.47     11.36 
    79       47.38      3.58050        85.20     54.80     71.20     19.73      7.22     75.50     33.73     81.05     36.69      8.70 
    80       49.24      4.14780        89.20     57.87     84.20    -14.67     13.89     73.50     45.87     73.20     53.83     15.56 
    81       38.06      4.24592        79.00     43.87     70.00    -17.07    -48.89     73.60     32.62     79.45     51.38     16.60 
    82       43.46      4.37770        87.00     57.07     60.40      7.73    -15.00     42.10     49.92     79.56     51.25     14.57 
    83       45.99      4.21738        69.20     42.80     77.40      8.27      0.56     61.50     50.87     81.45     51.47     16.42 
    84       49.48      4.16197       102.40     60.40     83.40      2.67      2.78     56.20     47.46     84.22     46.44      8.83 
    85       47.24      4.21543        93.00     58.40     52.80      5.60     12.22     60.70     46.03     81.60     51.66     10.37 
    86       46.08      4.18390        85.00     47.20     63.20     20.80     -4.44     67.80     36.59     73.45     48.62     22.59 
    87       46.16      4.42075       112.00     59.33     72.00     -5.33     -2.78     56.60     36.19     78.73     44.40     10.49 
    88       44.77      4.46519        85.60     53.33     60.60     13.60    -40.00     71.60     45.24     83.09     60.27     14.32 
    89       52.83      4.67801        84.00     60.80     90.60     -8.27     22.78     74.10     42.22     86.40     53.70     21.98 
    90       49.21      4.91764        64.60     65.07     94.60      6.93    -13.89     55.40     62.70     76.25     67.62     12.78 
    91       53.89      4.79239        93.80     71.20     71.20     17.33     11.11     77.80     50.24     78.80     56.87     10.56 
    92       54.71      4.76586        87.60     79.73     81.00     11.73      4.44     82.90     47.30     79.93     61.13     11.30 
    93       48.10      4.78737        86.00     56.40     57.40      2.67     16.67     57.30     57.78     73.89     60.27     12.65 
    94       47.51      4.72860        68.60     61.47     74.80     23.47     10.56     43.70     38.57     80.44     52.79     20.68 
    95       45.08      4.79620        93.00     43.33     65.00      5.60    -25.00     56.00     52.22     78.33     58.32     23.95 
    96       43.33      4.80142        83.40     52.00     71.20     12.00    -18.89     43.50     36.75     74.95     65.90     12.53 
    97       44.80      4.77421        96.60     52.40     63.00     12.00    -17.22     32.30     47.86     75.45     65.85     19.75 
    98       50.79      4.80480        86.20     64.80     66.00    -14.13     26.11     58.00     56.98     73.42     64.81     25.68 
    99       50.72      4.76531        98.00     78.27     76.60      5.60    -18.33     55.30     50.16     81.49     58.78     21.30 
   100       47.17      4.79447        75.40     58.93     72.00      9.60     -9.44     62.00     57.06     69.89     58.19     18.02 
   101       50.41      4.80127        93.20     76.13     77.60      4.27    -22.78     71.10     42.70     78.36     61.77     21.79 
   102       47.85      4.76586        94.20     68.93     67.00     -3.47    -16.11     61.10     37.94     79.78     65.85     23.27 
   103       41.74      3.57399        50.60     16.67     68.80     13.07     46.67     53.20     39.68     74.40     42.27     12.04 
   104       37.63      2.98090        93.20     42.13     42.20      5.87    -17.78     70.50     32.70     71.89     27.57      8.02 
   105       32.53      1.85933        69.20      8.80     43.40     22.67     11.67     74.90     11.83     62.15     13.92      6.73 
   106       47.39      4.14777        75.20     64.27     78.80     22.93     -2.78     64.00     32.94     76.58     48.62     13.33 
   107       34.85      2.94801        85.20     35.47     56.80     -0.27    -24.44     79.40     19.76     68.40     25.90      2.28 
   108       48.63      3.90101        90.60     59.07     70.80    -13.87      4.44     89.20     42.30     79.24     52.20     12.28 
   109       55.92      5.64002        95.60     75.33     84.60      8.00     18.89     54.90     48.81     75.93     68.84     28.33 
   110       49.94      5.17538        72.00     67.60     72.20     33.60    -22.22     51.30     60.00     77.31     64.26     23.33 
   111       54.26      6.15631        87.00     68.67     73.60     18.67     15.56     55.80     56.19     65.38     73.15     28.58 
   112       56.83      6.85229       103.00     73.60     70.20     35.47     21.67     25.50     63.33     71.13     66.03     38.33 
   113       51.50      6.34467        65.20     72.13     92.00     34.67    -20.00     36.60     53.41     74.47     69.98     36.54 
   114       51.42      6.13324        87.00     64.27     71.20     14.13     15.56     38.80     59.60     69.53     62.59     31.54 
   115       51.31      4.55177        95.80     53.33     81.20      4.00     -5.56     76.60     58.33     71.31     61.22     16.85 
   116       48.03      4.74737        96.00     56.53     77.00     10.13    -17.22     51.30     43.10     79.60     64.40     19.51 
   117       52.74      5.48956        80.00     70.67     54.00     32.53      0.56     59.70     66.43     75.64     66.62     21.23 
   118       53.28      6.74398        90.80     70.67     62.60     12.80     13.89     47.60     61.11     67.93     70.79     34.57 
   119       48.43      8.77923        96.40     69.07     56.80     -8.00      2.22     35.20     58.81     69.24     70.43     34.14 
   120       46.78      8.61163        88.80     70.53     71.00      5.87    -15.56     18.10     54.68     70.58     73.47     30.37 
   121       46.89      7.73629        65.20     78.40     73.20     11.47    -52.22     40.30     62.54     75.96     74.56     39.51 
   122       51.87      9.56426        81.60     64.67     49.20     30.93      9.44     53.90     52.22     68.51     74.47     33.77 
   123       51.59      9.84449        87.80     70.40     84.80     24.80    -14.44     42.40     57.70     62.18     70.52     29.75 
   124       51.59      8.53100        98.40     69.47     73.40     22.93     -2.22     16.50     54.29     71.75     74.78     36.60 
   125       54.20      7.24637        81.00     78.27     76.40      4.27     14.44     65.00     58.65     70.69     64.54     28.77 
   126       48.69      6.30639        92.00     76.00     85.20    -12.27     -3.33     33.00     58.41     69.16     69.48     19.26 
   127       51.91      4.84524        78.40     60.00     72.40     10.40     16.67     67.40     54.13     77.82     67.48     14.38 
   128       47.03      6.04965        61.60     60.80     84.80     26.67      8.89      9.70     57.54     66.29     69.71     24.32 
   129       52.62      6.19512       104.80     69.33     72.40     16.00     -6.67     48.30     58.25     70.33     68.25     25.25 
   130       51.91      7.84225        76.60     59.87     55.20     20.53     32.78     37.80     60.16     74.98     68.16     33.02 
   131       43.34      8.26367        65.00     72.67     73.80     -2.13    -18.33     25.70     53.17     67.93     69.93     25.68 
   132       49.94      9.23531       103.80     55.73     66.00     21.33     -1.11     34.30     53.41     61.93     73.56     30.49 
   133       49.04      9.65915        81.20     64.40     80.60      9.60    -11.11     35.20     60.87     64.84     71.25     33.52 
   134       49.96      9.44581        92.00     68.13     54.20     13.60     -9.44     60.30     60.32     56.62     70.16     33.70 
   135       45.72      9.32125        72.60     57.07     76.40      0.80    -16.11     32.90     61.98     68.22     68.89     34.44 
   136       50.86      7.86020        94.20     73.33     60.20     24.53    -16.67     35.20     67.30     71.60     69.61     29.26 
   137       51.70      6.92988        84.00     67.07     80.40     18.67      5.00     31.30     60.48     69.85     68.53     31.67 
   138       49.23      5.77290        85.00     63.20     51.80     17.33     12.22     31.40     60.16     68.62     71.29     31.23 
   139       54.38      6.33113        95.60     66.67     73.20     11.47     17.78     39.50     51.43     77.49     73.33     37.35 
   140       52.37      7.79701        77.20     81.20     87.20     16.80      3.89     29.60     54.21     67.35     70.84     35.37 
   141       44.79      6.50797        70.40     66.27     75.40      5.33    -35.56     17.40     63.73     74.29     70.48     40.12 
   142       48.51      4.95808        84.40     63.87     81.20      2.40     -2.22     58.30     47.78     67.13     63.85     18.40 
   143       53.03      4.70363        70.80     75.73     80.00     28.27     11.67     72.90     47.70     76.95     54.10     12.16 
   144       49.61      4.45838        67.80     70.80     78.80     22.67    -12.22     75.50     44.60     73.02     57.55     17.59 
   145       49.28      4.56019        85.80     51.20     77.60     13.87      1.11     63.90     33.57     82.84     62.13     20.74 
   146       41.26      3.58965        82.80     47.73     64.80     16.80    -20.00     79.20     19.13     73.75     34.88     13.52 
   147       46.63      3.88199        88.60     54.53     76.80    -13.60     24.44     64.80     47.86     76.07     37.23      9.57 
   148       51.06      4.72248        98.80     46.40     83.40      2.40     -2.78     71.80     56.03     79.42     61.54     13.58 
   149       50.80      5.57091        67.80     78.67     70.40      9.87     12.22     62.90     47.38     75.27     62.18     21.36 
   150       58.83      6.33313        95.80     68.67     86.60     38.13     20.56     53.60     48.02     72.07     74.38     30.43 
   151       51.23      5.67465        90.60     72.27     58.60     12.80      8.33     40.10     60.56     77.13     66.39     25.56 
   152       51.48      4.78636       100.00     67.07     59.60      5.33     18.33     72.60     35.48     75.45     63.04     17.90 
   153       50.94      5.50945        72.80     62.00     74.80      9.33      6.11     61.60     52.06     73.82     69.61     27.28 
   154       53.40      5.36135        93.40     76.80     57.00     17.33     -0.56     55.20     57.06     75.42     70.52     31.85 
   155       51.10      4.58309       100.40     49.33     76.00     22.13      7.78     56.80     41.19     78.40     62.90     16.05 
   156       49.56      4.34748        89.20     54.93     73.80     12.80      2.22     56.90     56.83     79.45     56.64     12.84 
   157       51.86      4.39017       100.40     62.93     78.00      8.27     26.11     66.50     34.84     68.58     58.82     14.14 
   158       49.98      4.58329        91.00     57.07     81.80     17.60    -27.22     55.00     67.38     77.82     62.68     16.67 
   159       55.83      6.18816        85.40     66.67     87.00     20.00      9.44     40.50     63.10     77.89     72.29     35.99 
   160       55.10      5.98023       102.20     66.53     83.20      3.20      6.67     35.70     67.46     77.75     75.37     32.90 
   161       51.84      5.57999        86.80     76.27     67.40      4.53     14.44     51.00     56.11     70.69     70.02     21.11 
   162       55.97      5.48126        96.20     73.60     83.20     27.73    -11.67     58.30     55.32     76.91     69.93     30.19 
   163       50.78      6.22202       100.60     74.13     62.60      7.20    -34.44     68.60     56.75     75.45     71.66     25.25 
   164       50.48      6.16199        76.60     75.07     78.40     24.80     12.78     21.00     42.78     71.56     70.25     31.54 
   165       47.55      5.56466        83.80     67.20     67.20     -1.33      2.78     41.10     45.48     71.56     71.97     25.74 
   166       52.88      5.39999       108.00     72.53     76.60     13.60     -7.78     47.20     51.75     73.93     67.26     25.68 
   167       54.51      5.43350        90.00     69.60     64.80     26.67      7.22     49.00     54.68     77.13     76.64     29.38 
   168       48.71      5.33711        91.20     59.07     54.80     25.60     -9.44     34.00     55.40     78.55     69.21     28.77 
   169       54.90      4.86854        94.80     69.87     86.00      6.13     22.22     58.10     47.94     76.47     65.80     21.67 
   170       52.69      4.82964        95.00     63.73     77.20      1.07      6.11     73.70     47.38     70.33     69.75     22.59 
   171       50.46      5.02991        93.00     68.40     89.40      5.60     -1.67     36.70     51.51     76.36     66.08     19.20 
   172       51.71      4.43015        82.20     67.87     74.60     14.93     25.56     62.40     42.78     73.31     64.54      8.95 
   173       53.88      5.38646        97.40     77.73     64.80     23.20    -11.67     50.90     64.37     72.98     71.38     27.65 
   174       50.61      5.93562        56.60     72.93     71.00     21.60     10.00     41.70     65.56     68.91     65.44     32.41 
   175       56.11      5.42766        90.60     78.40     78.40     27.73      8.89     50.40     61.98     77.82     68.25     18.64 
   176       48.49      5.40829        84.20     67.60     66.00     22.93    -17.78     42.00     49.29     79.78     61.63     29.26 
   177       53.84      5.82149        66.00     75.87     83.40     21.87     -5.00     50.00     62.46     79.53     71.75     32.53 
   178       50.77      5.90723       105.00     62.27     62.80     17.60     -6.67     34.30     46.03     78.47     70.48     37.41 
   179       49.04      4.93981        59.60     78.53     70.60      4.53      7.78     51.10     53.73     72.29     66.44     25.80 
   180       51.83      4.96157        85.20     70.53     80.40     10.13     -5.00     65.10     58.10     77.27     59.82     16.79 
   181       54.09      4.89233        93.00     66.00     63.20     15.73     15.56     62.80     54.13     80.87     65.08     24.51 
   182       51.24      5.70747        78.00     65.87     66.40     28.53     10.00     30.70     57.46     75.96     72.88     26.60 
   183       57.36      5.72962       100.60     85.07     79.00     24.53      6.67     55.80     60.87     69.05     70.52     21.48 
   184       51.51      5.69057        80.60     65.47     64.80      5.87     13.33     52.70     56.98     80.04     68.80     26.54 
   185       54.46      5.65771        98.40     56.13     65.20     21.60      7.78     67.70     56.11     71.93     68.98     30.74 
   186       49.08      5.74476        94.60     65.73     61.00     20.53    -23.33     31.20     67.62     70.11     75.60     27.72 
   187       51.68      5.90825        80.40     66.80     72.60     22.93     20.00     40.90     42.30     70.15     73.33     27.41 
   188       49.93      5.73629        76.40     54.27     82.40     23.47      5.56     30.40     55.56     67.96     70.93     32.35 
   189       54.85      5.98482        88.80     81.20     99.00     -5.87     10.00     52.00     51.35     79.27     66.85     25.93 
   190       53.94      5.69030        91.00     77.60     72.40     15.20     11.11     39.50     60.95     66.18     66.39     39.01 
   191       54.21      5.57909        94.00     66.27     64.60      1.60     39.44     58.70     52.38     75.96     69.52     19.63 
   192       53.07      5.54721        81.00     56.93     88.60     13.87     -1.11     59.70     61.43     77.56     69.07     23.64 
   193       58.53      5.72931       106.80     68.00     73.60     46.93     27.78     34.30     48.33     77.35     75.28     26.91 
   194       46.18      5.72499        97.40     48.00     59.80      9.60    -30.00     44.60     65.16     74.51     66.89     25.86 
   195       51.24      5.73275       104.60     62.67     64.20      1.33     -5.00     55.90     61.19     71.31     77.19     19.01 
   196       51.49      5.73567        92.60     61.33     82.20     44.00    -35.56     50.90     52.30     76.00     73.92     17.16 
   197       54.13      5.70659       101.00     69.60     72.20     14.93     16.67     36.80     64.05     69.49     70.07     26.54 
   198       54.91      5.74880        89.80     78.80     64.40      2.40     20.56     52.60     63.73     71.49     71.70     33.64 
   199       52.83      5.76559        80.60     65.73     74.80     16.53     24.44     47.70     51.03     72.76     66.21     28.46 
   200       51.64      5.73020        83.80     66.53     90.20     19.20     19.44     10.30     58.10     75.96     70.11     22.78 
   201       52.12      5.68670        99.40     69.07     72.00     29.07    -15.56     34.30     56.43     82.87     68.39     25.25 
   202       59.77      5.70789        85.00     76.53     85.20      6.67     34.44     71.80     63.10     73.85     69.07     32.04 
   203       47.10      5.70789        94.60     66.93     50.80     -3.47     -3.33     42.40     52.30     77.16     65.53     28.02 
   204       53.31      5.43473       105.80     70.00     63.80     10.13      7.78     58.60     54.52     75.02     66.12     21.36 
   205       50.20      5.22881        90.00     67.87     83.40      8.80    -17.22     39.90     59.84     73.64     71.93     23.89 
   206       52.82      4.13699        80.00     73.07     68.40     23.73     23.33     81.90     36.19     79.56     47.48     14.57 
   207       43.12      4.04685        97.60     42.67     71.80     -5.33    -13.89     59.00     41.43     79.71     48.62      9.63 
   208       51.77      5.61833        99.80     51.73     82.80      6.40      9.44     40.40     62.62     70.91     65.90     27.65 
   209       41.82      3.45250        98.20     48.00     76.60    -10.67    -25.56     69.00     38.97     75.75     34.74     13.15 
   210       36.16      2.79764       107.60      9.73     44.80     -0.80     -0.56     76.60     24.92     72.95     28.53     -2.16 
   211       44.97      3.53918        78.40     39.07     74.80     -5.87     26.67     81.20     23.33     81.02     34.69     16.36 
