constructTestCases(): generating 11 specified cases ...  DONE
Procedure Optimizer.Optimize()
!!! --- WARNING --- !!! Oracle probabilites : ENABLED !!! --- WARNING --- !!!
Optimizer(): Simulated Annealing , Random-normalized optimality [%]
Optimizer(): config:  [[0.0], [3.0], [], 10, 10, 0.75, 0.01, 0.5, 0.01]
Optimizer(): selective:  0.000000  
Optimizer(): evals/step: 10
Optimizer(): numParams: 1 , completeRepeats: 100
MABsolver_config: algorithms: UCBtuned , CP Disabled , CPT Davor , Reset: TODO
MABsolver_config: params: types:  Direct  Direct  Direct  Direct  
MABsolver_config: params: numInputs:  0  0  0  0  
MABsolver_config: params: weights:  [  1.000000  ]  [  2.500000  ]  [  0.200000  ]  [  5.000000  ]  
BanditTestBatch: casesIDs:  0  1  2  3  4  
BanditTestBatch: numCases: 5
BanditTestBatch: maxim sum reward: 1170.0
BanditTestBatch: random reward: 939.5

    44.93     1.000000 
    49.28     0.805015 
    32.79     1.789317 
    28.93     2.150472 
    32.21     1.840222 
    38.61     1.360580 
    53.69     0.632869 
    60.49     0.419700 
    43.15     1.092458 
    99.82     0.000000 
    99.82     0.000000 
    50.42     0.755662 
    48.49     0.834771 
    99.82     0.000000 
    64.86     0.311653 
    57.83     0.496191 
    79.84     0.090885 
    99.82     0.000000 
    99.82     0.000000 
    47.00     0.901885 
    52.71     0.666012 
    66.88     0.271279 
    50.77     0.742623 
    99.82     0.000000 
    99.82     0.000000 
    99.82     0.000000 
    99.82     0.000000 
    63.52     0.343831 
    99.82     0.000000 
    99.82     0.000000 
    99.82     0.000000 
    56.22     0.544242 
    55.35     0.573593 
    99.82     0.000000 
    99.82     0.000000 
    82.63     0.069710 
    99.82     0.000000 
    99.82     0.000000 
    99.82     0.000000 
    99.83     0.000000 
    99.82     0.000000 
    52.49     0.675582 
    53.51     0.638512 
    99.82     0.000000 
    80.62     0.084336 
    99.82     0.000000 
    78.43     0.104526 
    57.95     0.491445 
    99.82     0.000000 
    61.77     0.385890 
    99.82     0.000000 
    99.82     0.000000 
    58.01     0.489685 
    99.82     0.000000 
    99.82     0.000000 
    63.46     0.344998 
    83.87     0.062060 
    65.43     0.298986 
    99.82     0.000000 
    99.82     0.000000 
    55.32     0.575020 
    65.21     0.304505 
    99.82     0.000000 
    89.19     0.039434 
    65.30     0.302056 
    64.78     0.313324 
    96.08     0.018484 
    99.82     0.000000 
    73.38     0.164585 
    90.93     0.033727 
    99.83     0.000000 
    63.63     0.340392 
    78.54     0.103389 
    63.08     0.351835 
    67.98     0.249507 
    74.80     0.146024 
    99.82     0.000000 
    82.05     0.073618 
    99.82     0.000000 
    63.13     0.350975 
    72.75     0.172420 
    99.82     0.000000 
    77.65     0.112284 
    76.50     0.125346 
    85.10     0.056011 
    99.82     0.000000 
    90.66     0.034612 
    72.67     0.173452 
    74.22     0.153644 
    74.63     0.148284 
    99.82     0.000000 
    96.77     0.016351 
    94.16     0.023791 
    97.54     0.013810 
    95.54     0.020038 
    99.82     0.000000 
    99.37     0.005975 
    91.97     0.030451 
    96.78     0.016315 
    93.26     0.026439 
    98.90     0.008542 
    98.90     0.008542 
    99.82     0.000000 
    60.74     0.411648 
    53.92     0.624798 
    99.82     0.000000 
    46.31     0.934009 
    69.10     0.230134 
    99.82     0.000000 
    99.82     0.000000 
    99.82     0.000000 
    37.37     1.447021 
    51.73     0.704786 
    99.82     0.000000 
    42.13     1.150465 
    61.34     0.395534 
    99.82     0.000000 
    99.83     0.000000 
    50.33     0.758314 
    99.82     0.000000 
    99.82     0.000000 
    99.82     0.000000 
    99.82     0.000000 
    99.83     0.000000 
    41.80     1.168188 
    99.82     0.000000 
    98.34     0.010849 
    99.82     0.000000 
    99.82     0.000000 
    99.82     0.000000 
    51.11     0.728720 
    99.82     0.000000 
    56.15     0.547486 
    49.03     0.813165 
    99.82     0.000000 
    77.03     0.119178 
    63.02     0.353951 
    99.83     0.000000 
    99.83     0.000000 
    99.82     0.000000 
    62.37     0.369787 
    99.83     0.000000 
    52.18     0.689760 
    68.94     0.233114 
    69.59     0.221888 
    99.82     0.000000 
    54.60     0.601861 
    96.23     0.018048 
    99.83     0.000000 
    49.37     0.798708 
    99.82     0.000000 
    70.81     0.201302 
    99.83     0.000000 
    69.94     0.215575 
    99.82     0.000000 
    62.16     0.375572 
    99.82     0.000000 
    99.82     0.000000 
    99.82     0.000000 
    99.82     0.000000 
    52.64     0.669540 
    70.77     0.202024 
    78.12     0.107515 
    99.83     0.000000 
    63.60     0.341277 
    75.32     0.139190 
    86.30     0.050765 
    76.50     0.125296 
    99.82     0.000000 
    62.20     0.374371 
    82.07     0.073515 
    70.81     0.201252 
    66.31     0.282617 
    72.98     0.169080 
    99.83     0.000000 
    68.67     0.238236 
    99.82     0.000000 
    99.82     0.000000 
    65.51     0.297819 
    65.11     0.306572 
    68.48     0.240434 
    99.82     0.000000 
    99.82     0.000000 
    99.82     0.000000 
    81.29     0.078945 
    79.19     0.097076 
    75.90     0.132527 
    73.52     0.162465 
    76.34     0.127230 
    92.32     0.029386 
    73.44     0.163546 
    99.82     0.000000 
    97.08     0.015359 
    99.83     0.000000 
    94.03     0.024148 
    93.38     0.026023 
    97.91     0.012388 
    96.00     0.018718 
    99.82     0.000000 
    99.82     0.000000 
    92.75     0.028008 
    99.63     0.003990 
    99.82     0.000000 
    99.82     0.000000 
    99.82     0.000000 
    99.83     0.000000 
    74.80     0.145919 
    42.40     1.130645 
    38.50     1.368399 
    99.82     0.000000 
    71.99     0.182922 
    99.82     0.000000 
    99.83     0.000000 
    56.95     0.522816 
    42.02     1.152747 
    99.82     0.000000 
    99.82     0.000000 
    99.82     0.000000 
    99.82     0.000000 
    49.34     0.801534 
    99.82     0.000000 
    41.55     1.181024 
    55.25     0.578012 
    99.82     0.000000 
    99.82     0.000000 
    99.82     0.000000 
    66.10     0.286386 
    43.97     1.048910 
    99.82     0.000000 
    75.77     0.134227 
    99.83     0.000000 
    60.59     0.416499 
    99.82     0.000000 
    99.82     0.000000 
    99.82     0.000000 
    55.13     0.581646 
    99.82     0.000000 
    57.22     0.513629 
    99.82     0.000000 
    71.77     0.186375 
    99.83     0.000000 
    58.64     0.470192 
    99.83     0.000000 
    96.97     0.015743 
    99.82     0.000000 
    82.02     0.073896 
    48.92     0.818174 
    51.18     0.723894 
    99.82     0.000000 
    99.82     0.000000 
    57.70     0.499816 
    99.82     0.000000 
    58.21     0.483610 
    99.82     0.000000 
    99.82     0.000000 
    75.65     0.135732 
    68.68     0.237859 
    77.11     0.118278 
    99.82     0.000000 
    99.82     0.000000 
    99.82     0.000000 
    55.90     0.556795 
    99.82     0.000000 
    59.20     0.454809 
    61.86     0.383225 
    91.14     0.033105 
    58.81     0.466760 
    91.84     0.030866 
    61.39     0.393933 
    82.62     0.069750 
    70.14     0.213001 
    99.82     0.000000 
    84.50     0.058862 
    99.83     0.000000 
    99.82     0.000000 
    99.82     0.000000 
    99.82     0.000000 
    99.82     0.000000 
    64.60     0.317716 
    64.54     0.319473 
    98.29     0.011024 
    66.52     0.278200 
    99.83     0.000000 
    74.98     0.143503 
    80.78     0.082948 
    94.75     0.022243 
    96.55     0.017059 
    83.56     0.063933 
    99.82     0.000000 
    94.30     0.023483 
    92.10     0.030082 
    99.83     0.000000 
    74.02     0.156184 
    99.82     0.000000 
    99.82     0.001290 
    97.71     0.013171 
    99.82     0.000000 
    99.82     0.000000 
    99.41     0.005705 
    96.60     0.016891 
    95.21     0.020967 
    92.83     0.027766 
    99.82     0.000000 
    99.82     0.000000 
    37.19     1.454174 
    66.44     0.279974 
    99.82     0.000000 
    36.76     1.487531 
    50.80     0.741296 
    99.82     0.000000 
    99.82     0.000000 
    99.82     0.000000 
    99.82     0.000000 
    48.31     0.843453 
    46.97     0.903264 
    53.35     0.643629 
    61.72     0.387654 
    99.82     0.000000 
    99.83     0.000000 
    99.82     0.000000 
    99.82     0.000000 
    55.70     0.563390 
    32.90     1.782874 
    47.24     0.890330 
    37.55     1.432179 
    29.87     2.060051 
    28.75     2.168046 
    45.61     0.965165 
    99.82     0.000000 
    52.67     0.669259 
    75.58     0.136447 
    99.82     0.000000 
    50.32     0.758809 
    99.82     0.000000 
    51.09     0.729340 
    99.82     0.000000 
    99.82     0.000000 
    99.82     0.000000 
    46.42     0.928032 
    55.14     0.581272 
    70.09     0.213809 
    45.51     0.969918 
    49.53     0.792167 
    61.09     0.402098 
    99.82     0.000000 
    57.99     0.490341 
    99.82     0.000000 
    99.82     0.000000 
    99.83     0.000000 
    70.25     0.210933 
    96.34     0.017720 
    99.82     0.000000 
    62.72     0.361019 
    99.82     0.000000 
    99.82     0.000000 
    99.83     0.000000 
    68.80     0.236034 
    99.82     0.000000 
    99.82     0.000000 
    99.83     0.000000 
    82.22     0.072472 
    68.49     0.240324 
    99.82     0.000000 
    53.81     0.629313 
    99.82     0.000000 
    67.29     0.262610 
    99.82     0.000000 
    79.38     0.095178 
    99.82     0.000000 
    80.65     0.084004 
    60.00     0.431417 
    67.97     0.249714 
    82.11     0.073223 
    82.99     0.067426 
    99.82     0.000000 
    65.83     0.292718 
    99.82     0.000000 
    99.82     0.000000 
    78.04     0.108457 
    99.82     0.000000 
    81.33     0.078690 
    67.75     0.254159 
    99.82     0.000000 
    99.82     0.000000 
    99.76     0.002307 
    87.86     0.044417 
    99.82     0.000000 
    99.82     0.000000 
    78.38     0.105111 
    99.82     0.000000 
    99.82     0.000000 
    97.37     0.014358 
    99.82     0.000000 
    72.95     0.169401 
    93.02     0.027171 
    93.87     0.024556 
    94.87     0.021927 
    94.20     0.023710 
    91.88     0.030760 
    96.89     0.015968 
    95.69     0.019641 
    88.79     0.040914 
    96.06     0.018534 
    88.49     0.042012 
    96.06     0.018534 
    55.05     0.585521 
    38.60     1.362299 
    33.00     1.774054 
    43.30     1.082351 
    43.42     1.079403 
    43.48     1.075895 
    48.92     0.817936 
    55.55     0.570098 
    99.83     0.000000 
    99.82     0.000000 
    99.82     0.000000 
    99.82     0.000000 
    62.38     0.369698 
    99.82     0.000000 
    99.82     0.000000 
    99.83     0.000000 
    99.82     0.000000 
    47.89     0.860331 
    99.82     0.000000 
    99.82     0.000000 
    99.82     0.000000 
    99.83     0.000000 
    67.28     0.262820 
    99.82     0.000000 
    99.82     0.000000 
    42.69     1.117779 
    99.82     0.000000 
    57.03     0.519348 
    99.82     0.000000 
    99.82     0.000000 
    69.51     0.223502 
    52.70     0.666374 
    99.82     0.000000 
    99.82     0.000000 
    99.82     0.000000 
    63.04     0.353295 
    68.31     0.243699 
    47.01     0.901064 
    49.35     0.801194 
    99.82     0.000000 
    99.82     0.000000 
    62.82     0.358364 
    99.83     0.000000 
    99.82     0.000000 
    99.82     0.000000 
    71.04     0.197405 
    99.82     0.000000 
    91.40     0.032253 
    87.88     0.044330 
    99.82     0.000000 
    99.82     0.000000 
    60.66     0.413727 
    99.82     0.000000 
    99.82     0.000000 
    99.82     0.000000 
    83.59     0.063691 
    99.82     0.000000 
    99.82     0.000000 
    58.12     0.487058 
    68.17     0.245652 
    70.82     0.201164 
    99.82     0.000000 
    99.82     0.000000 
    65.03     0.308669 
    65.78     0.293536 
    99.82     0.000000 
    86.20     0.051216 
    99.82     0.000000 
    60.59     0.416527 
    91.81     0.030977 
    99.82     0.000000 
    88.67     0.041344 
    99.82     0.000000 
    99.82     0.000000 
    82.92     0.067885 
    99.82     0.000000 
    64.25     0.325595 
    99.82     0.000000 
    99.82     0.000000 
    86.08     0.051682 
    76.45     0.125824 
    99.82     0.000000 
    99.82     0.000000 
    99.83     0.000000 
    78.59     0.102918 
    99.82     0.000000 
    99.82     0.000000 
    99.82     0.000000 
    86.17     0.051315 
    91.77     0.031104 
    99.82     0.000000 
    98.96     0.008214 
    93.39     0.025997 
    96.65     0.016745 
    99.83     0.000000 
    93.94     0.024411 
    99.82     0.000000 
    99.82     0.000000 
    99.83     0.000000 
    99.83     0.000000 
    99.82     0.000000 
    99.82     0.000000 
    47.57     0.875965 
    50.24     0.764714 
    99.82     0.000000 
    99.82     0.000000 
    96.42     0.017464 
    99.82     0.000000 
    99.82     0.000000 
    99.83     0.000000 
    99.82     0.000000 
    62.76     0.359748 
    91.63     0.031571 
    99.82     0.000000 
    99.82     0.000000 
    42.01     1.153423 
    46.75     0.911801 
    99.82     0.000000 
    99.82     0.000000 
    70.40     0.208494 
    99.82     0.000000 
    99.82     0.000000 
    99.83     0.000000 
    99.82     0.000000 
    99.82     0.000000 
    61.10     0.401643 
    71.56     0.189504 
    51.55     0.712574 
    99.82     0.000000 
    51.92     0.697068 
    49.52     0.793527 
    50.26     0.762781 
    98.99     0.008113 
    53.51     0.638500 
    56.98     0.521753 
    64.55     0.318986 
    61.07     0.402387 
    48.37     0.840290 
    48.37     0.840048 
    99.83     0.000000 
    54.33     0.608737 
    99.82     0.000000 
    99.82     0.000000 
    54.12     0.617163 
    52.38     0.681139 
    99.82     0.000000 
    53.38     0.643238 
    59.30     0.451318 
    99.82     0.000000 
    54.92     0.589547 
    99.82     0.000000 
    56.80     0.527205 
    99.82     0.000000 
    55.44     0.572375 
    59.58     0.443224 
    72.84     0.171095 
    57.63     0.502173 
    53.31     0.646481 
    99.82     0.000000 
    53.95     0.623106 
    99.82     0.000000 
    68.54     0.239178 
    99.82     0.000000 
    57.36     0.508317 
    99.82     0.000000 
    99.82     0.000000 
    58.07     0.488638 
    99.82     0.000000 
    66.24     0.284463 
    60.64     0.414283 
    59.90     0.433808 
    99.82     0.000000 
    63.71     0.338578 
    78.51     0.103669 
    99.82     0.000000 
    99.82     0.000000 
    69.07     0.230806 
    77.23     0.116859 
    77.86     0.110483 
    79.92     0.090137 
    99.82     0.000000 
    99.82     0.000000 
    99.82     0.000000 
    99.64     0.003834 
    99.82     0.000000 
    82.83     0.068485 
    99.82     0.000000 
    99.82     0.000000 
    91.91     0.030685 
    90.75     0.034352 
    99.82     0.000000 
    95.42     0.020381 
    99.82     0.000000 
    99.82     0.000000 
    93.95     0.024379 
    99.82     0.000000 
    99.17     0.007159 
    98.96     0.008230 
    99.52     0.004843 
    94.70     0.022361 
    99.45     0.005379 
    99.82     0.000000 
    49.42     0.797948 
    28.94     2.147086 
    22.31     3.000000 
    22.31     3.000000 
    22.31     3.000000 
    22.31     3.000000 
    22.31     3.000000 
    22.31     3.000000 
    22.31     3.000000 
    27.92     2.253712 
    37.51     1.433109 
    41.60     1.176065 
    34.49     1.651265 
    44.30     1.032797 
    53.19     0.650336 
    99.82     0.000000 
    51.49     0.715343 
    54.68     0.597895 
    54.25     0.612408 
    99.82     0.000000 
    42.73     1.114417 
    52.57     0.673299 
    99.82     0.000000 
    62.20     0.374516 
    99.83     0.000000 
    46.71     0.913629 
    66.53     0.277910 
    99.82     0.000000 
    99.82     0.000000 
    99.82     0.000000 
    99.82     0.000000 
    99.82     0.000000 
    57.80     0.497737 
    99.82     0.000000 
    60.64     0.414682 
    99.82     0.000000 
    96.56     0.017054 
    61.36     0.394683 
    99.82     0.000000 
    99.82     0.000000 
    52.27     0.684735 
    62.20     0.374289 
    50.76     0.742689 
    99.82     0.000000 
    72.79     0.171987 
    99.82     0.000000 
    73.54     0.162378 
    68.03     0.248476 
    62.90     0.356877 
    49.05     0.810935 
    99.82     0.000000 
    86.16     0.051364 
    99.82     0.000000 
    81.68     0.076295 
    99.82     0.000000 
    99.82     0.000000 
    62.07     0.378061 
    99.82     0.000000 
    99.82     0.000000 
    59.30     0.451401 
    59.83     0.435838 
    70.49     0.206844 
    72.14     0.180669 
    68.79     0.236102 
    64.31     0.324368 
    99.82     0.000000 
    64.26     0.325346 
    62.25     0.373263 
    99.82     0.000000 
    86.14     0.051484 
    99.78     0.002160 
    99.82     0.000000 
    99.82     0.000000 
    99.82     0.000000 
    89.49     0.038445 
    99.82     0.000000 
    68.00     0.249044 
    99.82     0.000000 
    74.68     0.147632 
    99.83     0.000000 
    85.10     0.056061 
    99.82     0.000000 
    82.31     0.071816 
    88.56     0.041746 
    99.82     0.000000 
    99.82     0.000000 
    99.82     0.000000 
    73.38     0.164561 
    99.83     0.000000 
    97.48     0.013965 
    99.82     0.000000 
    92.13     0.029997 
    94.42     0.023110 
    99.82     0.000000 
    95.24     0.020886 
    99.40     0.005756 
    99.82     0.000000 
    95.94     0.018897 
    99.82     0.000000 
    99.82     0.000000 
    99.82     0.000000 
    76.79     0.122086 
    50.30     0.761202 
    38.18     1.390846 
    32.53     1.808299 
    30.22     2.020747 
    24.82     2.631797 
    31.95     1.859365 
    47.17     0.893496 
    69.55     0.222755 
    50.86     0.740161 
    99.82     0.000000 
    64.17     0.327889 
    99.82     0.000000 
    99.82     0.000000 
    99.82     0.000000 
    99.82     0.000000 
    64.12     0.328614 
    99.73     0.002912 
    99.82     0.000000 
    39.58     1.299368 
    99.82     0.000000 
    99.82     0.000000 
    99.82     0.000000 
    62.06     0.378339 
    99.83     0.000000 
    99.82     0.000000 
    99.82     0.000000 
    99.82     0.000000 
    91.50     0.031992 
    99.82     0.000000 
    99.82     0.000000 
    88.05     0.043689 
    99.82     0.000000 
    99.82     0.000000 
    77.20     0.117223 
    62.06     0.378682 
    45.62     0.963794 
    99.82     0.000000 
    99.82     0.000000 
    79.59     0.093222 
    99.82     0.000000 
    99.83     0.000000 
    99.82     0.000000 
    99.83     0.000000 
    74.77     0.146346 
    47.12     0.896330 
    71.87     0.184594 
    99.82     0.000000 
    99.82     0.000000 
    67.09     0.266848 
    68.80     0.235813 
    99.82     0.000000 
    79.97     0.089772 
    96.17     0.018201 
    60.71     0.412483 
    99.83     0.000000 
    59.79     0.437504 
    61.36     0.395036 
    95.12     0.021237 
    59.52     0.445358 
    74.35     0.151848 
    90.66     0.034613 
    78.38     0.105008 
    99.82     0.000000 
    99.82     0.000000 
    71.87     0.184531 
    98.53     0.010095 
    99.82     0.000000 
    99.82     0.000000 
    99.82     0.000000 
    99.82     0.000000 
    66.32     0.282477 
    76.56     0.124485 
    66.85     0.271976 
    99.82     0.000000 
    99.82     0.000000 
    64.68     0.316282 
    99.09     0.007572 
    63.07     0.352162 
    99.82     0.000000 
    99.82     0.000000 
    77.61     0.112790 
    77.60     0.112951 
    74.12     0.155132 
    99.82     0.000000 
    99.82     0.000000 
    99.82     0.000000 
    86.91     0.048261 
    92.25     0.029592 
    76.10     0.130050 
    99.82     0.000000 
    92.28     0.029500 
    99.82     0.000000 
    99.82     0.000000 
    99.82     0.000000 
    99.82     0.000000 
    99.54     0.004692 
    99.28     0.006580 
    99.82     0.000000 
    99.82     0.000000 
    99.83     0.000000 
    50.76     0.743384 
    41.14     1.204449 
    30.43     1.999452 
    22.31     3.000000 
    27.86     2.259424 
    30.40     2.006753 
    24.15     2.716603 
    32.13     1.851017 
    29.97     2.042613 
    28.75     2.169427 
    34.73     1.634177 
    61.35     0.395066 
    39.59     1.297185 
    99.82     0.000000 
    60.00     0.431366 
    99.82     0.000000 
    57.67     0.501330 
    99.82     0.000000 
    73.08     0.167618 
    75.86     0.133118 
    76.97     0.119855 
    99.82     0.000000 
    99.82     0.000000 
    99.82     0.000000 
    99.82     0.000000 
    99.82     0.000000 
    99.82     0.000000 
    48.10     0.853910 
    99.82     0.000000 
    72.80     0.171754 
    61.63     0.389980 
    56.38     0.540040 
    44.85     1.003317 
    67.72     0.254724 
    99.82     0.000000 
    69.60     0.221694 
    51.62     0.708818 
    99.82     0.000000 
    99.82     0.000000 
    46.60     0.918315 
    99.82     0.000000 
    99.83     0.000000 
    61.35     0.395469 
    99.83     0.000000 
    62.34     0.370411 
    99.82     0.000000 
    64.34     0.323482 
    69.47     0.224004 
    99.82     0.000000 
    54.35     0.607830 
    97.93     0.012356 
    64.11     0.329083 
    70.14     0.213006 
    99.82     0.000000 
    55.58     0.568390 
    99.83     0.000000 
    99.82     0.000000 
    99.82     0.000000 
    62.44     0.368916 
    79.91     0.090195 
    99.82     0.000000 
    99.82     0.000000 
    99.82     0.000000 
    71.65     0.188248 
    57.28     0.511699 
    58.81     0.466924 
    65.04     0.308307 
    62.59     0.364508 
    59.50     0.445615 
    99.82     0.000000 
    66.09     0.286797 
    70.00     0.214465 
    99.82     0.000000 
    99.83     0.000000 
    99.82     0.000000 
    66.06     0.287469 
    99.82     0.000000 
    75.91     0.132410 
    99.82     0.000000 
    72.80     0.171805 
    93.63     0.025257 
    99.82     0.000000 
    99.82     0.000000 
    99.79     0.001964 
    99.82     0.000000 
    75.09     0.142288 
    99.82     0.000000 
    99.82     0.000000 
    90.80     0.034193 
    81.53     0.077485 
    94.26     0.023562 
    99.82     0.000000 
    99.64     0.003975 
    99.83     0.000000 
    96.47     0.017321 
    99.05     0.007774 
    98.25     0.011171 
    98.76     0.009144 
    99.71     0.003168 
    97.43     0.014156 
    99.71     0.003168 
    63.91     0.334499 
    99.82     0.000000 
    99.82     0.000000 
    61.88     0.382585 
    99.82     0.000000 
    45.59     0.966083 
    99.82     0.000000 
    39.44     1.311704 
    30.22     2.020806 
    22.77     2.930291 
    22.31     3.000000 
    31.94     1.863060 
    54.32     0.609238 
    54.81     0.593480 
    33.36     1.742893 
    54.07     0.618522 
    39.90     1.281406 
    32.14     1.847952 
    33.08     1.764781 
    54.11     0.617525 
    56.84     0.526026 
    99.82     0.000000 
    99.82     0.000000 
    99.82     0.000000 
    99.82     0.000000 
    68.80     0.235948 
    41.14     1.203724 
    50.94     0.735670 
    88.28     0.042803 
    51.97     0.695097 
    46.75     0.911584 
    49.96     0.776071 
    99.82     0.000000 
    99.82     0.000000 
    50.36     0.757347 
    99.83     0.000000 
    63.59     0.341687 
    42.27     1.140845 
    99.82     0.000000 
    49.09     0.809171 
    54.88     0.590611 
    99.82     0.000000 
    99.82     0.000000 
    99.82     0.000000 
    99.82     0.000000 
    99.83     0.000000 
    99.82     0.000000 
    95.07     0.021367 
    52.19     0.689223 
    99.82     0.000000 
    99.83     0.000000 
    54.57     0.603776 
    66.44     0.280006 
    99.82     0.000000 
    52.49     0.676126 
    99.82     0.000000 
    99.82     0.000000 
    99.82     0.000000 
    69.19     0.229118 
    99.82     0.000000 
    60.36     0.422055 
    80.21     0.087819 
    99.82     0.000000 
    99.82     0.000000 
    99.82     0.000000 
    60.97     0.405629 
    61.03     0.403327 
    99.82     0.000000 
    99.83     0.000000 
    99.82     0.000000 
    96.90     0.015940 
    99.82     0.000000 
    99.82     0.000000 
    84.71     0.057825 
    99.82     0.000000 
    99.82     0.000000 
    99.83     0.000000 
    99.82     0.000000 
    68.92     0.233477 
    99.82     0.000000 
    74.17     0.154366 
    99.82     0.000000 
    99.82     0.000000 
    80.91     0.081826 
    99.82     0.000000 
    99.82     0.000000 
    71.71     0.187373 
    99.83     0.000000 
    79.38     0.095320 
    71.43     0.191731 
    99.82     0.000000 
    99.82     0.000000 
    99.82     0.000000 
    98.25     0.011156 
    90.39     0.035508 
    89.72     0.037671 
    89.11     0.039706 
    99.82     0.000000 
    95.01     0.021555 
    94.81     0.022075 
    99.83     0.000000 
    60.90     0.407777 
    99.83     0.000000 
    99.82     0.000000 
    58.94     0.462927 
    69.96     0.215297 
    99.82     0.000000 
    42.56     1.126192 
    56.77     0.528889 
    37.04     1.468792 
    31.72     1.884037 
    49.66     0.786034 
    35.01     1.614962 
    51.37     0.720060 
    32.23     1.836320 
    22.31     3.000000 
    28.92     2.154657 
    40.54     1.243034 
    41.81     1.166241 
    38.53     1.366398 
    31.08     1.942128 
    38.87     1.343988 
    47.03     0.899036 
    59.59     0.442562 
    99.82     0.000000 
    54.12     0.617127 
    76.09     0.130169 
    99.82     0.000000 
    46.15     0.939692 
    47.25     0.889442 
    99.82     0.000000 
    55.07     0.584282 
    63.94     0.333567 
    64.39     0.323165 
    62.12     0.376948 
    72.32     0.178493 
    57.46     0.505434 
    43.15     1.092483 
    99.82     0.000000 
    50.92     0.736932 
    99.82     0.000000 
    99.82     0.000000 
    59.28     0.452192 
    99.82     0.000000 
    67.15     0.265477 
    99.82     0.000000 
    80.29     0.087097 
    99.82     0.000000 
    48.85     0.821300 
    99.82     0.000000 
    99.83     0.000000 
    99.82     0.000000 
    99.82     0.000000 
    75.07     0.142541 
    55.66     0.565037 
    66.99     0.268551 
    99.83     0.000000 
    99.82     0.000000 
    99.82     0.000000 
    99.82     0.000000 
    99.83     0.000000 
    99.82     0.000000 
    66.24     0.284385 
    73.70     0.160268 
    59.72     0.439452 
    99.82     0.000000 
    99.82     0.000000 
    99.82     0.000000 
    99.82     0.000000 
    57.76     0.498446 
    60.36     0.422036 
    99.82     0.000000 
    97.05     0.015433 
    99.83     0.000000 
    68.16     0.245943 
    99.82     0.000000 
    99.82     0.000000 
    69.89     0.216621 
    99.82     0.000000 
    99.82     0.000768 
    67.61     0.256779 
    99.83     0.000000 
    99.82     0.000000 
    99.82     0.000000 
    83.88     0.062024 
    99.82     0.000000 
    71.57     0.189410 
    89.38     0.038811 
    73.34     0.165125 
    98.71     0.009399 
    99.82     0.000000 
    99.82     0.000000 
    99.82     0.000000 
    99.82     0.000962 
    96.77     0.016351 
    99.82     0.000000 
    99.57     0.004527 
    99.82     0.000000 
    94.47     0.022998 
    99.82     0.000000 
    99.82     0.000000 
    99.82     0.000000 
    45.52     0.969087 
    47.83     0.863566 
    43.14     1.094255 
    35.81     1.558328 
    33.06     1.768110 
    23.92     2.755706 
    29.28     2.113293 
    24.43     2.683943 
    24.83     2.624836 
    23.72     2.782828 
    22.31     3.000000 
    22.31     3.000000 
    32.52     1.811745 
    24.81     2.633639 
    26.75     2.383617 
    38.23     1.383053 
    34.94     1.621211 
    24.85     2.617525 
    39.28     1.316959 
    33.57     1.727199 
    39.15     1.329495 
    63.02     0.353959 
    67.36     0.261000 
    99.82     0.000000 
    58.50     0.473824 
    72.16     0.180332 
    99.82     0.000000 
    49.48     0.795077 
    34.17     1.675766 
    25.23     2.572375 
    34.22     1.673354 
    27.44     2.307227 
    51.11     0.728091 
    38.22     1.384969 
    34.73     1.634569 
    43.68     1.061567 
    34.18     1.674601 
    31.20     1.928795 
    28.48     2.195854 
    30.70     1.975211 
    26.75     2.384331 
    23.36     2.843060 
    24.44     2.681387 
    22.31     3.000000 
    23.86     2.768850 
    22.49     2.971071 
    24.11     2.725714 
    22.64     2.953431 
    22.31     3.000000 
    27.22     2.327300 
    23.87     2.761885 
    29.42     2.101846 
    28.93     2.151479 
    26.13     2.457000 
    26.46     2.422156 
    27.36     2.319831 
    31.92     1.867449 
    33.00     1.773398 
    34.09     1.684489 
    33.35     1.744050 
    35.97     1.541043 
    43.02     1.101131 
    43.21     1.087618 
    46.70     0.913857 
    43.89     1.052774 
    48.24     0.848224 
    46.71     0.913255 
    59.93     0.432238 
    56.78     0.528329 
    64.59     0.318034 
    59.92     0.432723 
    71.46     0.191292 
    66.35     0.281589 
    99.82     0.000000 
    69.00     0.232138 
    65.05     0.308212 
    63.14     0.350899 
    99.82     0.000000 
    99.83     0.000000 
    99.82     0.000000 
    73.46     0.163396 
    99.82     0.000000 
    81.95     0.074382 
    99.82     0.000000 
    99.82     0.000000 
    76.06     0.130429 
    88.39     0.042411 
    77.38     0.115086 
    71.40     0.192209 
    97.28     0.014653 
    99.82     0.000000 
    99.82     0.000000 
    98.45     0.010417 
    99.82     0.000000 
    99.83     0.000000 
    99.82     0.000000 
    99.82     0.000000 
    99.83     0.000598 
    99.82     0.000000 
    99.83     0.000000 
    99.82     0.000000 
    61.35     0.395199 
    51.57     0.710809 
    75.69     0.135157 
    35.98     1.539159 
    45.82     0.958018 
    45.33     0.981183 
    99.82     0.000000 
    93.48     0.025704 
    37.19     1.454332 
    30.12     2.032967 
    50.70     0.746781 
    74.95     0.143988 
    99.82     0.000000 
    41.01     1.213854 
    39.80     1.287750 
    99.83     0.000000 
    99.82     0.000000 
    39.62     1.296275 
    99.82     0.000000 
    59.49     0.445888 
    99.82     0.000000 
    43.69     1.060998 
    99.82     0.000000 
    70.72     0.202885 
    50.32     0.759753 
    63.72     0.338103 
    99.82     0.000000 
    57.28     0.511858 
    62.67     0.362477 
    47.61     0.873705 
    47.65     0.873367 
    82.45     0.070879 
    99.82     0.000000 
    99.82     0.000000 
    55.60     0.568205 
    99.82     0.000000 
    50.15     0.767137 
    50.76     0.743072 
    99.82     0.000000 
    72.36     0.178071 
    99.82     0.000000 
    49.12     0.807089 
    99.83     0.000000 
    70.24     0.211123 
    99.82     0.000000 
    50.93     0.736279 
    99.82     0.000000 
    50.87     0.739237 
    84.11     0.060794 
    99.82     0.000000 
    54.86     0.592102 
    99.82     0.000000 
    99.83     0.000000 
    62.25     0.373309 
    99.82     0.000000 
    99.82     0.000000 
    99.82     0.000000 
    99.82     0.000000 
    66.70     0.274123 
    99.82     0.000000 
    62.75     0.359805 
    99.82     0.000000 
    79.54     0.093721 
    61.73     0.387150 
    66.86     0.271792 
    99.82     0.000000 
    63.58     0.342111 
    99.82     0.000000 
    70.22     0.211417 
    60.15     0.429147 
    99.82     0.000000 
    81.81     0.075344 
    65.72     0.295038 
    96.87     0.016037 
    99.83     0.000000 
    63.20     0.348972 
    73.03     0.168255 
    86.86     0.048389 
    99.82     0.000000 
    72.98     0.169000 
    98.62     0.009773 
    99.82     0.000000 
    99.82     0.000000 
    82.80     0.068521 
    75.42     0.137957 
    99.82     0.000000 
    85.91     0.052476 
    99.82     0.000000 
    78.32     0.105809 
    98.92     0.008396 
    99.82     0.000000 
    99.82     0.001262 
    99.83     0.000000 
    99.04     0.007838 
    99.78     0.002124 
    98.76     0.009163 
    98.45     0.010440 
    93.36     0.026096 
    90.33     0.035671 
    99.71     0.003067 
    99.71     0.003067 
    37.44     1.441867 
    24.86     2.614454 
    28.77     2.164787 
    47.32     0.884946 
    36.74     1.490969 
    46.65     0.915917 
    31.17     1.934156 
    27.81     2.271371 
    38.12     1.394433 
    37.77     1.418759 
    25.03     2.601612 
    25.65     2.525977 
    22.31     3.000000 
    26.92     2.368741 
    33.37     1.740252 
    24.72     2.636614 
    22.31     3.000000 
    22.31     3.000000 
    23.54     2.814725 
    27.83     2.265051 
    25.52     2.529867 
    38.08     1.397630 
    43.62     1.066700 
    34.46     1.653089 
    33.09     1.762153 
    43.67     1.062748 
    30.75     1.967911 
    30.34     2.010655 
    23.14     2.880773 
    22.31     3.000000 
    24.33     2.691548 
    32.01     1.856384 
    40.68     1.231711 
    34.78     1.627868 
    45.52     0.968296 
    32.20     1.843797 
    25.45     2.545328 
    24.64     2.657176 
    23.36     2.843566 
    22.31     3.000000 
    22.31     3.000000 
    22.31     3.000000 
    22.31     3.000000 
    22.31     3.000000 
    23.86     2.766352 
    22.31     3.000000 
    22.31     3.000000 
    22.31     3.000000 
    24.44     2.679615 
    22.31     3.000000 
    25.60     2.528260 
    22.77     2.929906 
    23.00     2.889466 
    22.31     3.000000 
    22.31     3.000000 
    22.31     3.000000 
    22.31     3.000000 
    22.31     3.000000 
    22.31     3.000000 
    22.31     3.000000 
    23.75     2.778942 
    26.08     2.467861 
    23.93     2.751988 
    23.77     2.773732 
    22.31     3.000000 
    22.46     2.985622 
    22.31     3.000000 
    25.31     2.556849 
    24.84     2.622391 
    24.13     2.720455 
    26.30     2.437632 
    23.77     2.772421 
    26.31     2.434998 
    28.47     2.200019 
    28.54     2.191875 
    31.91     1.870489 
    36.32     1.515923 
    34.46     1.653372 
    31.86     1.873638 
    35.50     1.581113 
    37.51     1.432914 
    39.80     1.287481 
    39.89     1.283293 
    37.46     1.437698 
    37.74     1.421235 
    40.23     1.261719 
    37.68     1.424616 
    38.93     1.340566 
    39.91     1.278910 
    40.65     1.235710 
    40.38     1.249029 
    40.95     1.219305 
    41.10     1.208849 
    41.11     1.207623 
    40.77     1.227316 
    40.80     1.224226 
    41.32     1.197179 
    41.53     1.182639 
    41.21     1.199867 
    41.13     1.205223 
    41.13     1.205223 
    25.27     2.568743 
    41.14     1.203519 
    61.09     0.401935 
    35.83     1.556566 
    66.54     0.277489 
    72.62     0.174103 
    47.25     0.889305 
    58.13     0.486627 
    99.82     0.000000 
    99.82     0.000000 
    52.25     0.686021 
    99.82     0.000000 
    50.69     0.747439 
    35.22     1.599124 
    34.18     1.674613 
    44.96     0.997375 
    42.02     1.152438 
    38.97     1.334686 
    35.92     1.545940 
    30.42     2.001494 
    38.27     1.382138 
    33.87     1.701278 
    28.11     2.234010 
    30.99     1.945490 
    24.34     2.688039 
    22.31     3.000000 
    22.31     3.000000 
    22.31     3.000000 
    25.49     2.537591 
    27.86     2.260735 
    30.74     1.968499 
    43.14     1.093432 
    30.91     1.956681 
    37.04     1.468814 
    28.26     2.221525 
    45.62     0.964179 
    40.00     1.272753 
    59.21     0.454493 
    42.82     1.108501 
    52.07     0.693178 
    46.64     0.916294 
    37.91     1.406398 
    46.05     0.943493 
    64.77     0.313592 
    99.82     0.000000 
    64.82     0.312770 
    72.34     0.178151 
    99.83     0.000000 
    70.41     0.208241 
    99.82     0.000000 
    99.83     0.000000 
    53.40     0.641951 
    99.82     0.000000 
    99.82     0.000000 
    99.82     0.000000 
    99.82     0.000000 
    58.54     0.472716 
    63.45     0.345240 
    99.82     0.000000 
    99.83     0.000000 
    99.82     0.000000 
    66.50     0.278455 
    99.82     0.000000 
    77.25     0.116707 
    62.06     0.378248 
    75.14     0.141696 
    99.82     0.000000 
    62.62     0.363480 
    96.87     0.016044 
    73.06     0.167805 
    76.13     0.129651 
    80.40     0.086167 
    99.82     0.000000 
    99.82     0.000000 
    74.71     0.147232 
    76.96     0.120083 
    75.87     0.132882 
    64.73     0.314682 
    99.82     0.000000 
    69.86     0.217176 
    99.82     0.000000 
    99.82     0.000000 
    99.82     0.000000 
    99.82     0.000000 
    99.82     0.000000 
    72.09     0.181352 
    99.82     0.000000 
    72.96     0.169307 
    84.79     0.057449 
    88.79     0.040904 
    97.10     0.015306 
    96.31     0.017782 
    99.82     0.000000 
    94.73     0.022294 
    95.43     0.020349 
    97.62     0.013482 
    99.82     0.000000 
    99.82     0.000000 
    99.82     0.000000 
    93.56     0.025479 
    99.82     0.000000 
    99.82     0.000000 
    99.82     0.000000 
    99.82     0.000000 
    75.76     0.134369 
    99.82     0.000000 
    79.29     0.096045 
    99.83     0.000000 
    48.24     0.847631 
    99.82     0.000000 
    42.79     1.111939 
    51.71     0.706625 
    44.81     1.007130 
    99.82     0.000000 
    98.45     0.010460 
    99.83     0.000000 
    99.82     0.000000 
    99.82     0.000000 
    99.82     0.000000 
    99.82     0.000000 
    99.82     0.000000 
    99.82     0.000000 
    53.11     0.654468 
    99.82     0.000000 
    42.81     1.109463 
    48.26     0.846218 
    57.89     0.494395 
    55.26     0.577278 
    99.82     0.000000 
    99.82     0.000000 
    56.50     0.537550 
    99.83     0.000000 
    99.82     0.000000 
    84.83     0.057294 
    99.82     0.000000 
    53.13     0.653556 
    99.82     0.000000 
    86.30     0.050750 
    99.82     0.000000 
    99.82     0.000000 
    99.82     0.000000 
    99.82     0.000000 
    99.82     0.000000 
    99.83     0.000000 
    99.82     0.000000 
    49.82     0.779365 
    56.93     0.523506 
    99.82     0.000000 
    99.82     0.000000 
    56.98     0.521789 
    55.12     0.582370 
    99.82     0.000000 
    99.82     0.000000 
    61.73     0.387384 
    83.33     0.065268 
    56.98     0.521703 
    64.06     0.330677 
    99.82     0.000000 
    99.82     0.000000 
    88.36     0.042532 
    64.70     0.315658 
    99.82     0.000000 
    99.82     0.000000 
    76.81     0.121762 
    59.12     0.457795 
    99.82     0.000000 
    99.82     0.000000 
    72.75     0.172533 
    99.82     0.000000 
    99.83     0.000000 
    64.44     0.321713 
    68.42     0.241784 
    65.93     0.290250 
    99.83     0.000000 
    91.69     0.031362 
    99.83     0.000000 
    75.76     0.134331 
    99.82     0.000000 
    99.82     0.000000 
    70.78     0.201773 
    99.82     0.000000 
    99.82     0.000000 
    78.67     0.102007 
    81.18     0.079730 
    99.82     0.000000 
    94.25     0.023584 
    75.41     0.138076 
    99.82     0.000000 
    77.12     0.118163 
    98.21     0.011300 
    99.82     0.000000 
    99.11     0.007446 
    99.81     0.001486 
    94.55     0.022774 
    97.19     0.014958 
    94.09     0.023999 
    99.41     0.005712 
    99.82     0.000000 
    98.31     0.010948 
    99.82     0.000000 
    99.82     0.000000 
    99.82     0.000000 
    40.19     1.265093 
    37.10     1.463744 
    35.36     1.585712 
    59.03     0.460631 
    43.96     1.049994 
    76.13     0.129566 
    99.82     0.000000 
    60.15     0.429205 
    99.82     0.000000 
    54.24     0.612808 
    99.82     0.000000 
    99.82     0.000000 
    73.77     0.159237 
    99.82     0.000000 
    99.82     0.000000 
    99.82     0.000000 
    99.82     0.000000 
    47.25     0.889845 
    45.87     0.954275 
    34.06     1.688765 
    23.53     2.817673 
    27.57     2.293957 
    25.05     2.591381 
    30.99     1.946430 
    24.42     2.687684 
    35.92     1.545001 
    27.41     2.310453 
    24.43     2.685675 
    54.11     0.617622 
    99.82     0.000000 
    99.82     0.000000 
    99.82     0.000000 
    49.69     0.784624 
    82.94     0.067762 
    99.83     0.000000 
    99.82     0.000000 
    99.82     0.000000 
    99.82     0.000000 
    99.82     0.000000 
    62.71     0.361256 
    99.83     0.000000 
    99.82     0.000000 
    75.45     0.137572 
    63.62     0.340835 
    53.41     0.641356 
    56.99     0.521272 
    50.15     0.767147 
    48.85     0.821505 
    99.82     0.000000 
    99.82     0.000000 
    99.82     0.000000 
    84.23     0.060135 
    99.82     0.000000 
    60.38     0.421508 
    99.82     0.000000 
    71.27     0.194276 
    99.82     0.000000 
    99.82     0.000000 
    99.82     0.000000 
    70.87     0.200276 
    99.82     0.000000 
    61.30     0.396478 
    99.82     0.000000 
    99.30     0.006387 
    99.82     0.000000 
    99.82     0.000000 
    99.82     0.000000 
    99.82     0.000000 
    99.83     0.000000 
    93.72     0.024976 
    99.82     0.000000 
    72.91     0.170234 
    77.28     0.116277 
    64.67     0.316468 
    73.42     0.164038 
    99.82     0.000000 
    99.82     0.000000 
    77.94     0.109641 
    65.14     0.305514 
    99.82     0.000000 
    98.05     0.011938 
    76.70     0.122879 
    99.82     0.000000 
    96.02     0.018695 
    99.82     0.000000 
    99.82     0.000000 
    82.57     0.070054 
    99.82     0.000000 
    96.81     0.016227 
    83.78     0.062623 
    93.36     0.026120 
    95.33     0.020644 
    99.71     0.003033 
    99.82     0.000000 
    99.82     0.000000 
    97.25     0.014794 
    99.82     0.000000 
    96.22     0.018093 
    98.66     0.009562 
    99.82     0.000000 
    99.82     0.000000 
    99.82     0.000000 
    40.79     1.224760 
    99.82     0.000000 
    73.40     0.164256 
    99.82     0.000000 
    99.82     0.000000 
    67.67     0.255502 
    47.02     0.900131 
    99.82     0.000000 
    99.82     0.000000 
    47.56     0.877165 
    43.48     1.076645 
    98.88     0.008584 
    99.82     0.000000 
    64.22     0.326401 
    99.83     0.000000 
    65.42     0.299299 
    99.82     0.000000 
    99.82     0.000000 
    99.82     0.000000 
    52.67     0.669056 
    76.59     0.124111 
    50.24     0.763712 
    70.01     0.214229 
    99.82     0.000000 
    56.63     0.534360 
    49.59     0.790285 
    99.82     0.000000 
    53.14     0.653097 
    99.82     0.000000 
    60.92     0.406587 
    75.68     0.135366 
    48.92     0.817318 
    99.83     0.000000 
    52.49     0.675390 
    70.78     0.201964 
    49.64     0.787392 
    63.69     0.339184 
    99.82     0.000000 
    52.31     0.683089 
    99.82     0.000000 
    99.82     0.000000 
    99.82     0.000000 
    99.83     0.000000 
    49.47     0.795790 
    52.89     0.662954 
    99.82     0.000000 
    99.82     0.000000 
    99.82     0.000000 
    99.82     0.000000 
    99.82     0.000000 
    99.82     0.000000 
    99.82     0.000000 
    53.13     0.653761 
    99.82     0.000000 
    99.82     0.000000 
    99.82     0.000000 
    53.54     0.636700 
    99.82     0.000000 
    99.82     0.000000 
    99.83     0.000000 
    93.19     0.026629 
    63.69     0.339038 
    99.82     0.000000 
    59.77     0.438197 
    99.82     0.000000 
    99.82     0.000000 
    99.82     0.000000 
    57.66     0.501576 
    99.82     0.000000 
    70.28     0.210426 
    99.83     0.000000 
    99.82     0.000000 
    99.82     0.000000 
    99.82     0.000000 
    99.82     0.000000 
    99.82     0.000000 
    99.82     0.000000 
    99.82     0.000000 
    99.82     0.000000 
    73.90     0.157841 
    88.07     0.043620 
    75.57     0.136505 
    99.82     0.000000 
    76.92     0.120409 
    99.82     0.000000 
    99.82     0.000000 
    75.37     0.138611 
    99.82     0.000000 
    93.69     0.025040 
    99.82     0.000000 
    99.82     0.000000 
    99.82     0.000000 
    98.38     0.010685 
    94.16     0.023813 
    99.82     0.000000 
    98.29     0.011042 
    99.82     0.000000 
    99.82     0.000000 
    95.02     0.021522 
    99.82     0.000000 
    99.82     0.000000 
    42.87     1.105059 
    48.12     0.853469 
    56.89     0.525795 
    99.82     0.000000 
    77.48     0.114308 
    55.54     0.570439 
    65.27     0.302553 
    46.72     0.912690 
    99.83     0.000427 
    99.82     0.000000 
    99.82     0.000000 
    99.82     0.000000 
    51.83     0.699656 
    99.82     0.000000 
    99.82     0.000000 
    99.82     0.000000 
    99.83     0.000000 
    99.82     0.000000 
    39.56     1.302153 
    99.82     0.000000 
    42.02     1.152928 
    99.82     0.000000 
    99.82     0.000000 
    68.92     0.233521 
    43.02     1.100530 
    53.23     0.648250 
    53.19     0.650314 
    99.82     0.000000 
    96.08     0.018472 
    48.50     0.833756 
    99.82     0.000000 
    99.82     0.000000 
    77.57     0.113214 
    47.10     0.897878 
    99.82     0.000000 
    73.15     0.166726 
    99.82     0.000000 
    99.82     0.000000 
    46.16     0.939048 
    99.82     0.000000 
    99.82     0.000000 
    99.83     0.000000 
    99.82     0.000000 
    99.82     0.000000 
    55.62     0.566980 
    99.82     0.000000 
    55.02     0.586111 
    68.27     0.244394 
    99.82     0.000000 
    77.63     0.112496 
    89.65     0.037870 
    77.34     0.115616 
    55.91     0.556296 
    99.82     0.000000 
    99.82     0.000000 
    61.67     0.388881 
    68.52     0.239649 
    99.82     0.000000 
    99.82     0.000000 
    64.33     0.323752 
    99.83     0.000000 
    99.82     0.000000 
    99.83     0.000000 
    99.82     0.000000 
    61.24     0.398434 
    65.21     0.304499 
    73.15     0.166881 
    99.83     0.000000 
    99.82     0.000000 
    66.70     0.274181 
    99.82     0.000000 
    99.82     0.000000 
    63.09     0.351478 
    64.16     0.328085 
    81.06     0.080651 
    99.82     0.000000 
    99.82     0.000000 
    99.82     0.000000 
    99.82     0.000000 
    78.33     0.105552 
    99.82     0.000000 
    99.82     0.000000 
    99.82     0.000000 
    99.82     0.000000 
    99.82     0.000000 
    99.82     0.000000 
    82.88     0.068189 
    85.02     0.056383 
    84.06     0.061035 
    99.82     0.000000 
    99.82     0.000000 
    92.84     0.027724 
    96.94     0.015783 
    93.48     0.025694 
    92.33     0.029368 
    93.54     0.025524 
    99.83     0.000000 
    94.70     0.022403 
    93.36     0.026105 
    99.83     0.000000 
    95.12     0.021246 
    99.82     0.000000 
    48.48     0.835508 
    40.64     1.237703 
    45.10     0.988420 
    43.16     1.091450 
    99.82     0.000000 
    58.98     0.461229 
    99.82     0.000000 
    55.07     0.584242 
    40.55     1.241168 
    48.43     0.838026 
    43.08     1.096055 
    42.73     1.114515 
    52.90     0.662817 
    99.82     0.000000 
    50.26     0.762058 
    45.47     0.971644 
    99.82     0.000000 
    99.82     0.000000 
    99.82     0.000000 
    48.32     0.842947 
    48.48     0.835592 
    45.34     0.979718 
    99.82     0.000000 
    55.91     0.556227 
    48.14     0.852407 
    62.26     0.372928 
    99.82     0.000000 
    45.61     0.964923 
    99.83     0.000000 
    99.83     0.000000 
    47.61     0.874041 
    64.06     0.330419 
    54.82     0.593143 
    62.06     0.378475 
    99.82     0.000000 
    54.12     0.617031 
    45.14     0.985435 
    99.82     0.000000 
    99.82     0.000000 
    58.53     0.473649 
    99.82     0.000000 
    54.12     0.617114 
    54.07     0.618723 
    50.06     0.772625 
    74.22     0.153621 
    99.82     0.000000 
    99.82     0.000000 
    82.60     0.069881 
    81.73     0.075999 
    55.33     0.574355 
    99.82     0.000000 
    72.45     0.176683 
    80.33     0.086753 
    99.82     0.000000 
    67.66     0.255724 
    99.82     0.000000 
    72.45     0.176654 
    99.82     0.000000 
    60.86     0.409329 
    99.82     0.000000 
    99.82     0.000000 
    57.86     0.494884 
    61.97     0.380191 
    96.31     0.017781 
    99.82     0.000000 
    99.82     0.000000 
    74.71     0.147169 
    99.82     0.000000 
    99.82     0.000000 
    99.82     0.000000 
    64.55     0.318982 
    66.43     0.280209 
    99.82     0.000000 
    99.82     0.000000 
    99.82     0.000000 
    99.82     0.000000 
    99.05     0.007768 
    99.82     0.000000 
    99.43     0.005586 
    99.82     0.000000 
    99.82     0.000000 
    99.59     0.004341 
    99.82     0.000000 
    99.82     0.000000 
    77.41     0.114736 
    88.86     0.040663 
    99.82     0.000000 
    93.69     0.025031 
    99.82     0.000000 
    99.82     0.000000 
    97.19     0.014997 
    97.46     0.014044 
    92.43     0.029042 
    99.82     0.000000 
    99.51     0.004914 
    99.83     0.000264 
    99.82     0.000000 
    99.83     0.000064 
    99.83     0.000064 
    99.82     0.000000 
    99.82     0.000000 
    99.83     0.000000 
    37.16     1.459333 
    61.87     0.382950 
    99.82     0.000000 
    43.42     1.079239 
    99.82     0.000000 
    68.01     0.248758 
    99.82     0.000000 
    80.21     0.087791 
    83.71     0.063009 
    99.82     0.000000 
    99.82     0.000000 
    50.59     0.750931 
    99.82     0.000000 
    49.77     0.781921 
    99.82     0.000000 
    44.01     1.046937 
    99.82     0.000000 
    70.86     0.200495 
    49.98     0.774146 
    99.82     0.000000 
    99.82     0.000000 
    84.47     0.059030 
    99.82     0.000000 
    46.00     0.947655 
    99.82     0.000000 
    99.82     0.000000 
    66.96     0.269352 
    65.42     0.299279 
    52.41     0.680043 
    99.82     0.000000 
    49.31     0.803220 
    99.82     0.000000 
    99.82     0.000000 
    65.72     0.295076 
    54.05     0.620615 
    57.84     0.496065 
    91.03     0.033450 
    58.11     0.487456 
    99.82     0.000000 
    99.82     0.000000 
    99.82     0.000000 
    99.82     0.000000 
    64.15     0.328336 
    99.82     0.000000 
    53.87     0.626528 
    48.85     0.821771 
    99.82     0.000000 
    99.82     0.000000 
    99.82     0.000000 
    56.55     0.536122 
    72.61     0.174304 
    99.82     0.000000 
    99.82     0.000000 
    99.82     0.000000 
    99.82     0.000000 
    57.07     0.518378 
    77.34     0.115667 
    76.60     0.124023 
    63.00     0.354579 
    68.45     0.241143 
    99.82     0.000000 
    99.82     0.000000 
    99.82     0.000000 
    65.19     0.304891 
    76.05     0.130718 
    99.82     0.000000 
    65.29     0.302182 
    71.18     0.195822 
    79.71     0.092107 
    66.32     0.282521 
    99.83     0.000000 
    73.85     0.158593 
    99.82     0.000000 
    99.82     0.000000 
    99.82     0.000000 
    99.83     0.000000 
    82.39     0.071256 
    99.82     0.000000 
    71.65     0.188374 
    90.18     0.036177 
    87.82     0.044584 
    97.85     0.012652 
    99.82     0.000000 
    93.51     0.025615 
    99.82     0.000000 
    99.82     0.000000 
    99.82     0.000000 
    99.82     0.000000 
    99.60     0.004253 
    99.83     0.000000 
    99.82     0.000000 
    99.82     0.000000 
    95.91     0.018986 
    96.60     0.016900 
    99.01     0.008000 
    99.82     0.000000 
    99.83     0.000000 
    99.82     0.000000 
    42.83     1.107480 
    38.88     1.343585 
    43.97     1.048360 
    30.40     2.006305 
    23.36     2.841372 
    35.24     1.595901 
    27.85     2.262975 
    22.39     2.997608 
    23.86     2.768203 
    26.74     2.388434 
    25.03     2.601562 
    36.45     1.510342 
    31.25     1.924826 
    22.31     3.000000 
    34.13     1.683660 
    38.08     1.397343 
    47.56     0.876223 
    78.32     0.105805 
    65.24     0.303555 
    99.82     0.000000 
    99.82     0.000000 
    99.82     0.000000 
    99.83     0.000000 
    99.82     0.000000 
    99.82     0.000000 
    99.82     0.000000 
    99.82     0.000000 
    99.82     0.000000 
    99.82     0.000000 
    47.53     0.879502 
    57.85     0.495249 
    55.28     0.576588 
    68.38     0.242121 
    99.82     0.000000 
    65.27     0.302627 
    99.82     0.000000 
    99.82     0.000000 
    99.83     0.000000 
    60.63     0.414834 
    54.00     0.622330 
    67.87     0.251436 
    56.20     0.545740 
    52.25     0.686235 
    99.82     0.000000 
    99.82     0.000000 
    51.45     0.716022 
    99.82     0.000000 
    49.36     0.799458 
    99.82     0.000000 
    54.57     0.603742 
    99.82     0.000000 
    99.83     0.000000 
    78.07     0.108167 
    98.53     0.010097 
    99.82     0.000000 
    99.82     0.000000 
    71.87     0.184503 
    99.82     0.000000 
    60.15     0.429460 
    99.82     0.000000 
    99.82     0.000000 
    99.82     0.000000 
    99.83     0.000000 
    57.85     0.495454 
    99.82     0.000000 
    76.65     0.123522 
    57.32     0.509839 
    99.82     0.000000 
    99.82     0.000000 
    99.82     0.000000 
    75.14     0.141746 
    92.73     0.028125 
    69.60     0.221789 
    99.82     0.000000 
    99.82     0.000000 
    99.82     0.000000 
    65.70     0.295422 
    63.17     0.349487 
    62.91     0.356586 
    99.82     0.000000 
    99.82     0.000000 
    99.82     0.000000 
    77.36     0.115300 
    88.54     0.041832 
    75.46     0.137477 
    99.82     0.000000 
    76.70     0.122917 
    99.82     0.000000 
    75.18     0.141120 
    80.35     0.086545 
    94.14     0.023851 
    99.82     0.000000 
    99.82     0.000000 
    98.74     0.009233 
    99.82     0.000000 
    99.82     0.000000 
    99.82     0.000000 
    98.08     0.011805 
    99.82     0.000000 
    99.82     0.000000 
    99.82     0.000000 
    99.82     0.000000 
    99.82     0.000000 
    99.82     0.000000 
    99.82     0.000000 
    99.82     0.000000 
    37.45     1.440670 
    99.82     0.000000 
    62.46     0.368374 
    80.94     0.081590 
    46.21     0.936233 
    62.55     0.365941 
    86.32     0.050679 
    99.82     0.000000 
    99.82     0.000000 
    99.82     0.000000 
    46.95     0.905555 
    44.98     0.994897 
    99.82     0.000000 
    99.82     0.000000 
    47.71     0.869935 
    83.79     0.062503 
    45.07     0.991967 
    99.83     0.000000 
    57.63     0.502327 
    69.10     0.230037 
    99.82     0.000000 
    99.82     0.000000 
    99.83     0.000000 
    78.34     0.105458 
    61.47     0.391508 
    99.82     0.000000 
    60.81     0.409939 
    50.34     0.758007 
    99.82     0.000000 
    76.83     0.121602 
    53.50     0.638907 
    99.82     0.000000 
    99.82     0.000000 
    50.33     0.758106 
    99.82     0.000000 
    99.82     0.000000 
    99.82     0.000000 
    99.82     0.000000 
    99.82     0.000000 
    99.82     0.000000 
    63.69     0.339324 
    99.82     0.000000 
    66.74     0.273312 
    60.68     0.413561 
    48.68     0.830106 
    99.82     0.000000 
    99.82     0.000000 
    99.82     0.000000 
    56.19     0.546180 
    61.03     0.403572 
    99.83     0.000000 
    99.83     0.000000 
    99.82     0.000000 
    99.82     0.000000 
    56.68     0.532859 
    99.83     0.000000 
    99.82     0.000000 
    99.82     0.000000 
    99.82     0.000000 
    68.94     0.233091 
    63.01     0.354030 
    99.83     0.000000 
    94.46     0.023024 
    57.86     0.494741 
    99.82     0.000000 
    99.82     0.000000 
    71.04     0.197617 
    81.10     0.080306 
    99.82     0.000000 
    76.01     0.131113 
    75.42     0.138026 
    99.82     0.000000 
    64.43     0.322191 
    64.82     0.312673 
    87.20     0.047048 
    74.45     0.150390 
    99.82     0.000000 
    72.91     0.170165 
    82.25     0.072213 
    99.82     0.000000 
    75.20     0.140855 
    99.82     0.000000 
    91.21     0.032914 
    99.82     0.000000 
