constructTestCases(): generating 11 specified cases ...  DONE
Procedure Optimizer.Optimize()
!!! --- WARNING --- !!! Oracle probabilites : ENABLED !!! --- WARNING --- !!!
Optimizer(): Simulated Annealing , Random-normalized optimality [%]
Optimizer(): config:  [[0.0], [0.4], [], 10, 10, 0.75, 0.01, 0.5, 0.01]
Optimizer(): selective:  0.000000  
Optimizer(): evals/step: 10
Optimizer(): numParams: 1 , completeRepeats: 100
MABsolver_config: algorithms: EpsGreedy , CP Disabled , CPT Davor , Reset: TODO
MABsolver_config: params: types:  Direct  Direct  Direct  Direct  
MABsolver_config: params: numInputs:  0  0  0  0  
MABsolver_config: params: weights:  [  0.100000  ]  [  2.500000  ]  [  0.200000  ]  [  5.000000  ]  
BanditTestBatch: casesIDs:  0  1  2  3  4  5  6  7  8  9  
BanditTestBatch: numCases: 10
BanditTestBatch: maxim sum reward: 3919.0
BanditTestBatch: random reward: 2805.0

    59.52     0.100000 
    50.35     0.235381 
    61.56     0.073455 
    12.70     0.000000 
    12.70     0.000000 
    52.60     0.208910 
    41.10     0.382769 
    45.29     0.324838 
    44.68     0.327581 
    45.32     0.318534 
    40.90     0.380472 
    55.47     0.163569 
    48.45     0.272098 
    56.54     0.146506 
    52.61     0.003636 
    12.70     0.000000 
    12.70     0.000000 
    60.99     0.069861 
    52.32     0.210586 
    57.29     0.133353 
    61.73     0.026064 
    12.70     0.000000 
    57.49     0.139119 
    12.70     0.000000 
    12.70     0.000000 
    61.68     0.027973 
    63.32     0.020772 
    63.76     0.038657 
    56.89     0.148201 
    52.55     0.003807 
    58.99     0.107475 
    58.14     0.123158 
    49.60     0.251713 
    51.97     0.227560 
    60.29     0.072119 
    12.70     0.000000 
    62.19     0.059845 
    55.66     0.170828 
    61.93     0.068935 
    59.58     0.107959 
    60.52     0.078062 
    58.06     0.123785 
    63.52     0.032025 
    63.30     0.024680 
    59.53     0.097277 
    53.70     0.191724 
    63.02     0.011086 
    58.30     0.014681 
    12.70     0.000000 
    58.59     0.014204 
    12.70     0.000000 
    61.59     0.061738 
    56.39     0.151862 
    56.77     0.138895 
    62.89     0.055298 
    64.27     0.019120 
    59.44     0.091549 
    58.77     0.114235 
    59.85     0.101620 
    54.38     0.181846 
    64.13     0.032755 
    60.97     0.068675 
    62.58     0.045719 
    12.70     0.000000 
    12.70     0.000000 
    12.70     0.000000 
    64.30     0.017055 
    60.90     0.081173 
    61.14     0.008165 
    61.13     0.059639 
    12.70     0.000000 
    62.03     0.023745 
    63.23     0.031994 
    54.13     0.006474 
    63.08     0.055802 
    64.24     0.040498 
    62.28     0.042227 
    63.81     0.025465 
    52.77     0.002390 
    47.98     0.002379 
    62.26     0.055754 
    62.62     0.041577 
    61.42     0.021504 
    64.31     0.022213 
    63.30     0.046373 
    61.31     0.065304 
    60.53     0.077661 
    62.13     0.072268 
    62.06     0.056268 
    61.75     0.058303 
    60.55     0.075959 
    63.06     0.054484 
    63.26     0.056690 
    61.60     0.060622 
    62.22     0.055893 
    63.11     0.052782 
    63.36     0.048880 
    62.42     0.046484 
    61.75     0.049561 
    62.90     0.046566 
    63.07     0.050237 
    62.98     0.050237 
    53.79     0.187786 
    44.36     0.334399 
    40.38     0.400000 
    39.93     0.400000 
    39.52     0.400000 
    40.00     0.400000 
    39.69     0.400000 
    46.63     0.299897 
    39.73     0.400000 
    40.03     0.400000 
    47.33     0.285081 
    45.65     0.313013 
    44.72     0.327168 
    39.75     0.400000 
    41.51     0.379127 
    40.04     0.400000 
    43.05     0.357563 
    45.57     0.312886 
    40.58     0.387131 
    45.66     0.314742 
    41.06     0.383624 
    40.23     0.390550 
    39.88     0.400000 
    51.84     0.216936 
    60.05     0.080108 
    63.54     0.044063 
    63.16     0.049700 
    56.25     0.154951 
    49.97     0.244622 
    60.63     0.086299 
    54.94     0.172809 
    12.70     0.000000 
    58.39     0.119985 
    46.32     0.002007 
    57.32     0.137869 
    51.79     0.228758 
    57.12     0.139396 
    54.57     0.184950 
    58.73     0.113215 
    57.04     0.129087 
    59.13     0.104845 
    59.61     0.100119 
    57.24     0.134624 
    60.33     0.094406 
    60.09     0.099965 
    29.04     0.000508 
    12.70     0.000000 
    12.70     0.000000 
    59.01     0.109771 
    57.85     0.128439 
    59.81     0.096324 
    61.13     0.077953 
    59.61     0.101505 
    60.03     0.085983 
    57.87     0.130351 
    55.83     0.158874 
    62.09     0.050614 
    12.70     0.000000 
    57.90     0.137933 
    57.50     0.139527 
    55.50     0.167275 
    57.54     0.126550 
    62.29     0.058710 
    54.88     0.003783 
    59.80     0.095466 
    60.35     0.014296 
    63.25     0.053490 
    58.44     0.122789 
    62.76     0.025216 
    60.72     0.090326 
    62.50     0.048133 
    61.71     0.065548 
    61.82     0.065953 
    61.55     0.065399 
    61.97     0.058396 
    62.69     0.042363 
    61.25     0.073564 
    62.93     0.030547 
    60.41     0.069190 
    62.06     0.064835 
    60.51     0.073004 
    62.00     0.058860 
    61.23     0.056572 
    62.87     0.059595 
    61.34     0.072508 
    62.87     0.053092 
    61.87     0.071210 
    63.08     0.048805 
    62.36     0.071245 
    61.61     0.024460 
    62.04     0.048651 
    63.65     0.047269 
    62.36     0.050150 
    63.12     0.048224 
    63.14     0.045690 
    63.29     0.041766 
    61.85     0.044020 
    62.81     0.040986 
    63.55     0.039800 
    62.95     0.038117 
    62.93     0.039800 
    58.11     0.116587 
    12.70     0.000000 
    58.92     0.120785 
    62.48     0.063978 
    61.90     0.045037 
    12.70     0.000000 
    58.01     0.132390 
    62.91     0.053369 
    50.06     0.250762 
    51.50     0.227274 
    44.77     0.328398 
    39.93     0.391287 
    58.71     0.120288 
    12.70     0.000000 
    60.83     0.078946 
    12.70     0.000000 
    55.20     0.176157 
    62.39     0.050854 
    59.07     0.111742 
    59.71     0.106576 
    61.11     0.074355 
    60.11     0.105535 
    52.73     0.204040 
    53.38     0.198958 
    48.72     0.263449 
    39.97     0.400000 
    39.53     0.400000 
    39.77     0.400000 
    44.91     0.329795 
    43.94     0.338281 
    40.64     0.390066 
    48.21     0.274630 
    43.07     0.354516 
    41.48     0.370407 
    40.19     0.400000 
    40.82     0.385151 
    49.72     0.254505 
    54.36     0.185533 
    48.30     0.277043 
    56.35     0.149716 
    60.43     0.076725 
    62.69     0.047060 
    61.07     0.071383 
    56.32     0.148049 
    50.85     0.229784 
    58.14     0.125016 
    51.09     0.230971 
    63.09     0.038031 
    60.46     0.094817 
    59.89     0.103263 
    62.40     0.043328 
    59.74     0.104012 
    59.56     0.101987 
    57.88     0.125564 
    56.60     0.149968 
    58.96     0.108681 
    63.26     0.025427 
    12.70     0.000000 
    12.70     0.000000 
    59.93     0.083924 
    12.70     0.000000 
    59.74     0.089842 
    62.35     0.025720 
    61.59     0.068514 
    62.28     0.032545 
    61.39     0.047379 
    60.47     0.078252 
    62.89     0.016646 
    61.05     0.082107 
    60.99     0.038931 
    12.70     0.000000 
    60.47     0.011048 
    62.87     0.027737 
    12.70     0.000000 
    12.70     0.000000 
    12.70     0.000000 
    61.29     0.068131 
    59.48     0.103221 
    60.49     0.094388 
    57.94     0.129636 
    58.87     0.112807 
    60.06     0.098665 
    61.83     0.073267 
    61.12     0.074146 
    61.29     0.088438 
    59.46     0.100212 
    61.24     0.066684 
    61.21     0.071595 
    60.14     0.091432 
    61.40     0.076537 
    61.44     0.079485 
    60.85     0.075851 
    60.87     0.082456 
    60.34     0.085350 
    60.76     0.081953 
    59.84     0.082714 
    60.96     0.081278 
    60.69     0.082589 
    61.30     0.081455 
    60.84     0.081066 
    60.19     0.081455 
    12.70     0.000000 
    60.02     0.092624 
    61.71     0.043781 
    12.70     0.000000 
    53.23     0.198560 
    60.79     0.083866 
    49.32     0.261736 
    40.31     0.388941 
    53.93     0.188968 
    60.42     0.089768 
    62.05     0.044110 
    56.99     0.133853 
    58.43     0.119891 
    59.77     0.103543 
    12.70     0.000000 
    56.05     0.171132 
    44.65     0.329964 
    47.34     0.285435 
    39.71     0.400000 
    47.02     0.296792 
    43.95     0.337446 
    47.68     0.283285 
    39.54     0.400000 
    44.87     0.326627 
    40.14     0.400000 
    39.94     0.398384 
    50.03     0.249148 
    56.00     0.156597 
    55.84     0.154208 
    60.17     0.017191 
    62.33     0.034995 
    55.23     0.166355 
    59.69     0.100664 
    54.89     0.177797 
    12.70     0.000000 
    51.86     0.223343 
    44.88     0.323113 
    39.95     0.400000 
    47.62     0.284479 
    56.20     0.156816 
    58.27     0.130026 
    64.27     0.017886 
    58.63     0.117273 
    58.71     0.119509 
    52.18     0.220109 
    59.81     0.094579 
    60.87     0.083577 
    48.45     0.001884 
    12.70     0.000000 
    12.70     0.000000 
    12.70     0.000000 
    64.09     0.021661 
    59.10     0.107639 
    55.82     0.161860 
    51.50     0.234763 
    59.61     0.101460 
    55.01     0.176079 
    62.78     0.067897 
    12.70     0.000000 
    59.03     0.113899 
    62.45     0.052327 
    12.70     0.000000 
    64.01     0.027810 
    12.70     0.000000 
    61.15     0.073800 
    57.90     0.132755 
    53.98     0.186206 
    53.58     0.196105 
    58.36     0.122862 
    56.37     0.154577 
    57.19     0.134190 
    58.32     0.121623 
    60.92     0.090881 
    60.43     0.088110 
    59.11     0.109316 
    57.40     0.151068 
    56.29     0.165478 
    55.90     0.160823 
    56.89     0.152574 
    59.30     0.113557 
    58.72     0.118317 
    60.21     0.094814 
    61.34     0.081235 
    60.91     0.083429 
    59.12     0.108224 
    60.75     0.086900 
    59.35     0.105969 
    61.85     0.074340 
    60.61     0.092135 
    60.22     0.085598 
    60.10     0.085458 
    61.06     0.086442 
    60.36     0.087918 
    60.50     0.084641 
    60.47     0.087956 
    61.26     0.084591 
    60.75     0.081355 
    61.32     0.077570 
    60.69     0.076620 
    62.00     0.076223 
    60.83     0.076223 
    50.80     0.239018 
    53.11     0.199842 
    54.09     0.181385 
    46.51     0.296686 
    57.55     0.128115 
    54.97     0.167996 
    52.01     0.220441 
    53.45     0.198293 
    63.19     0.041327 
    12.70     0.000000 
    12.70     0.000000 
    12.70     0.000000 
