constructTestCases(): generating 11 specified cases ...  DONE
Procedure Optimizer.Optimize()
!!! --- WARNING --- !!! Oracle probabilites : ENABLED !!! --- WARNING --- !!!
Optimizer(): Simulated Annealing , Random-normalized optimality [%]
Optimizer(): config:  [[0.5], [7.0], [], 10, 10, 0.75, 0.01, 0.5, 0.01]
Optimizer(): selective: [  1  ]
Optimizer(): evals/step: 2
Optimizer(): numParams: 1 , completeRepeats: 100
MABsolver_config: algorithms: UCBtuned , CP DavorTom , CPT Davor , Reset AllMovingCutoff
MABsolver_config: params: types:  Direct  Direct  Direct  Direct  
MABsolver_config: params: numInputs:  0  0  0  0  
MABsolver_config: params: weights:  [  0.770000  ]  [  2.500000  ]  [  1.000000  ]  [  50.000000  ]  
BanditTestBatch: casesIDs:  0  1  2  3  4  5  6  7  8  9  
BanditTestBatch: numCases: 10
BanditTestBatch: maxim sum reward: 3919.0
BanditTestBatch: random reward: 2805.0

    56.90     2.500000 
    59.71     4.622694 
    59.14     7.000000 
    59.15     7.000000 
    59.15     7.000000 
    59.14     7.000000 
    59.75     4.495845 
    59.23     6.422941 
    59.19     6.672929 
    59.98     3.806951 
    59.22     6.524439 
    59.68     5.074794 
    59.15     7.000000 
    60.07     3.379473 
    59.98     3.540759 
    57.89     2.682360 
    57.10     2.445717 
    60.01     3.729054 
    59.60     5.369922 
    59.66     5.504246 
    59.26     6.122594 
    59.75     4.474895 
    59.98     3.791816 
    59.67     5.442426 
    59.27     6.021085 
    59.14     7.000000 
    59.14     7.000000 
    59.14     7.000000 
    59.69     4.797344 
    59.60     5.689098 
    59.65     5.610498 
    59.14     7.000000 
    59.70     4.657448 
    59.67     5.149089 
    60.00     3.735111 
    59.72     4.958581 
    59.75     4.574078 
    59.66     5.609509 
    59.69     4.745137 
    59.68     5.059132 
    59.67     5.406816 
    59.25     6.259418 
    59.78     4.217712 
    59.60     5.831990 
    57.07     3.119057 
    59.84     4.106393 
    59.97     3.576775 
    56.92     2.922602 
    56.22     1.943129 
    59.75     4.579677 
    59.60     5.843113 
    59.66     5.569274 
    59.77     4.226245 
    60.00     3.739333 
    59.68     4.853190 
    59.77     4.323109 
    59.74     4.560851 
    59.65     5.230460 
    59.66     5.181380 
    59.76     4.303895 
    59.89     4.003758 
    60.08     3.341009 
    59.75     4.361505 
    59.95     3.855839 
    59.70     4.684560 
    59.75     4.498869 
    59.98     3.548998 
    60.06     3.399212 
    59.85     4.071142 
    60.03     3.455407 
    59.86     4.039521 
    56.41     3.246671 
    57.20     3.131349 
    59.97     3.805388 
    59.95     3.843978 
    60.02     3.720719 
    59.95     3.839205 
    56.01     3.236813 
    60.06     3.398063 
    59.97     3.815347 
    59.75     4.434324 
    59.76     4.330571 
    59.75     4.525783 
    59.83     4.120344 
    59.94     3.883321 
    59.97     3.619901 
    60.06     3.396045 
    59.83     3.668857 
    56.55     3.173844 
    57.46     3.226065 
    59.83     3.666221 
    60.05     3.412463 
    60.06     3.392785 
    60.04     3.431033 
    60.08     3.369177 
    60.07     3.380943 
    56.02     3.318278 
    60.08     3.342155 
    57.37     3.283456 
    60.07     3.361544 
    56.02     3.317557 
    60.08     3.361544 
    59.67     5.469542 
    60.08     3.353030 
    59.60     5.367521 
    57.40     3.201467 
    53.11     0.970948 
    54.10     1.675309 
    59.69     4.724513 
    56.96     2.725914 
    60.06     3.402536 
    52.01     0.500000 
    56.15     2.303008 
    56.35     2.077050 
    51.99     0.518540 
    52.08     0.572166 
    59.27     6.039967 
    52.78     0.863931 
    60.00     3.508982 
    52.94     0.896607 
    60.02     3.708444 
    53.35     1.123821 
    59.26     5.959841 
    54.26     1.707796 
    57.12     2.415416 
    59.81     4.158893 
    59.20     6.615731 
    59.22     6.538387 
    59.22     6.508347 
    59.65     5.601248 
    60.04     3.425322 
    59.77     4.237491 
    59.26     6.091292 
    59.96     3.828900 
    59.60     5.641573 
    59.61     5.321172 
    59.26     6.182587 
    59.15     7.000000 
    59.75     4.474600 
    59.26     6.021684 
    59.14     7.000000 
    59.19     6.684688 
    59.26     6.003403 
    59.16     6.868479 
    59.14     7.000000 
    59.81     4.174418 
    59.76     4.340207 
    60.04     3.432407 
    56.15     2.025072 
    56.30     2.616717 
    59.68     5.032010 
    59.81     4.195363 
    60.00     3.507836 
    55.41     2.332739 
    55.78     2.186647 
    59.88     4.004170 
    59.77     4.339727 
    59.81     4.152385 
    57.14     3.028250 
    59.69     4.792077 
    56.52     3.188552 
    59.75     4.472384 
    59.76     4.445348 
    57.20     3.131119 
    56.50     3.063174 
    59.75     4.581182 
    59.76     4.284853 
    60.03     3.448580 
    56.74     3.295784 
    57.12     2.414142 
    60.09     3.334503 
    56.28     2.610662 
    56.30     2.619496 
    57.78     2.654004 
    56.08     3.307534 
    57.15     3.027594 
    57.47     3.225653 
    57.87     2.688147 
    59.95     3.855961 
    56.33     2.799507 
    56.94     2.756470 
    57.36     3.284541 
    59.81     3.694242 
    57.04     3.042317 
    60.00     3.741551 
    60.03     3.477737 
    59.98     3.603742 
    59.99     3.752419 
    57.43     3.273491 
    56.30     3.069688 
    59.95     3.855824 
    60.03     3.448861 
    60.03     3.453487 
    60.05     3.421832 
    60.03     3.451271 
    60.06     3.391316 
    60.06     3.400213 
    60.03     3.444432 
    60.03     3.445374 
    60.06     3.391423 
    60.05     3.422267 
    60.07     3.372045 
    60.07     3.372045 
    59.59     5.742455 
    59.66     5.190684 
    59.82     4.134363 
    59.15     6.901976 
    54.12     1.679535 
    59.26     6.017447 
    59.14     7.000000 
    59.67     5.411170 
    57.22     3.012668 
    59.26     6.047770 
    59.75     4.601972 
    59.17     6.785026 
    59.15     7.000000 
    59.26     6.118317 
    59.14     7.000000 
    59.77     4.282852 
    59.69     4.802304 
    59.76     4.426005 
    59.85     3.649172 
    56.34     2.795083 
    59.59     5.817065 
    59.19     6.646403 
    59.95     3.852664 
    59.75     4.602655 
    56.64     3.291455 
    55.36     2.314029 
    57.88     2.682703 
    53.95     1.568447 
    59.90     3.969386 
    59.26     6.059952 
    59.59     5.780378 
    59.68     5.011995 
    59.76     4.292919 
    59.66     5.562966 
    59.76     4.363914 
    59.76     4.297854 
    59.66     5.543128 
    59.94     3.893866 
    56.14     2.254846 
    59.99     3.762405 
    59.67     5.152358 
    56.35     2.079764 
    59.72     4.946951 
    59.81     3.689939 
    59.69     4.755821 
    59.22     6.452333 
    59.99     3.529224 
    59.83     4.127052 
    57.87     2.690445 
    59.83     4.112056 
    59.89     3.975560 
    60.00     3.748177 
    59.87     4.030124 
    56.56     3.169463 
    59.98     3.783486 
    56.07     3.308490 
    59.97     3.618412 
    57.49     3.195699 
    59.66     5.163353 
    59.84     4.103548 
    59.77     4.326230 
    59.81     4.144695 
    59.75     4.375765 
    56.54     3.184189 
    59.66     5.150742 
    59.85     4.087284 
    60.00     3.736338 
    59.84     4.109257 
    59.85     4.088897 
    59.83     3.671469 
    59.77     4.265704 
    59.83     3.677368 
    59.99     3.537650 
    56.00     3.242046 
    59.81     4.214144 
    60.06     3.393885 
    56.47     2.786452 
    56.50     3.064284 
    59.98     3.804010 
    59.83     3.678793 
    57.46     3.229877 
    57.21     3.105550 
    57.04     3.041245 
    59.88     3.641930 
    57.20     3.118515 
    57.30     3.266773 
    60.00     3.525887 
    59.81     3.687939 
    60.02     3.711499 
    59.83     3.685621 
    60.09     3.329002 
    57.37     3.275490 
    60.08     3.353767 
    60.05     3.413391 
    60.07     3.376281 
    60.09     3.331613 
