constructTestCases(): generating 11 specified cases ...  DONE
Procedure Optimizer.Optimize()
!!! --- WARNING --- !!! Oracle probabilites : ENABLED !!! --- WARNING --- !!!
Optimizer(): Simulated Annealing , Random-normalized optimality [%]
Optimizer(): config:  [[0.0], [0.4], [], 10, 10, 0.75, 0.01, 0.5, 0.01]
Optimizer(): selective:  0.000000  
Optimizer(): evals/step: 10
Optimizer(): numParams: 1 , completeRepeats: 100
MABsolver_config: algorithms: EpsGreedy , CP Disabled , CPT Davor , Reset: TODO
MABsolver_config: params: types:  Direct  Direct  Direct  Direct  
MABsolver_config: params: numInputs:  0  0  0  0  
MABsolver_config: params: weights:  [  0.100000  ]  [  2.000000  ]  [  0.000000  ]  [  5.000000  ]  
BanditTestBatch: casesIDs:  5  6  7  8  9  
BanditTestBatch: numCases: 5
BanditTestBatch: maxim sum reward: 2749.0
BanditTestBatch: random reward: 1865.5

    31.21     0.100000 
    14.29     0.000000 
    23.62     0.293725 
    21.90     0.355072 
    19.87     0.400000 
    25.49     0.235262 
    26.99     0.192513 
    22.98     0.313770 
    30.01     0.139686 
    22.78     0.316160 
    21.39     0.350996 
    23.65     0.287817 
    24.55     0.276491 
    27.00     0.204860 
    23.97     0.289188 
    22.41     0.348173 
    19.94     0.400000 
    20.17     0.397452 
    21.96     0.335405 
    28.20     0.190487 
    28.57     0.161611 
    25.82     0.244674 
    27.30     0.195775 
    30.13     0.123666 
    30.85     0.136194 
    30.14     0.109741 
    14.29     0.000000 
    25.06     0.250951 
    27.89     0.194736 
    25.21     0.260354 
    26.39     0.220345 
    31.37     0.090212 
    35.09     0.033756 
    38.12     0.002656 
    14.29     0.000000 
    14.29     0.000000 
    14.29     0.000000 
    31.82     0.075412 
    14.29     0.000000 
    14.29     0.000000 
    14.29     0.000000 
    33.58     0.066528 
    28.02     0.176376 
    25.22     0.253587 
    25.24     0.253868 
    21.43     0.360754 
    24.37     0.279339 
    23.09     0.309834 
    27.32     0.201925 
    26.00     0.246900 
    26.89     0.195360 
    29.01     0.161736 
    28.43     0.175010 
    31.49     0.087558 
    39.43     0.005129 
    14.29     0.000000 
    14.29     0.000000 
    32.09     0.064736 
    36.27     0.029391 
    14.29     0.000000 
    14.29     0.000000 
    33.64     0.061521 
    14.29     0.000000 
    32.18     0.063776 
    35.17     0.045783 
    14.29     0.000000 
    14.29     0.000000 
    38.60     0.017038 
    34.56     0.043119 
    37.50     0.017918 
    14.29     0.000000 
    14.29     0.000000 
    14.29     0.000000 
    14.29     0.000000 
    34.03     0.051119 
    14.29     0.000000 
    14.29     0.000000 
    38.01     0.010961 
    14.29     0.000000 
    33.69     0.044891 
    32.43     0.045822 
    14.29     0.000000 
    14.29     0.000000 
    14.29     0.000000 
    14.29     0.000000 
    37.98     0.011072 
    14.29     0.000000 
    14.29     0.000000 
    34.63     0.024768 
    37.94     0.023055 
    14.29     0.000000 
    32.80     0.001181 
    35.19     0.006639 
    39.45     0.003784 
    37.99     0.003917 
    38.80     0.004249 
    35.82     0.007279 
    39.44     0.003597 
    25.88     0.000201 
    40.54     0.005533 
    35.77     0.008535 
    37.93     0.005533 
    32.62     0.048662 
    34.85     0.053133 
    33.69     0.062692 
    32.28     0.092235 
    24.68     0.265122 
    26.46     0.209119 
    29.98     0.139044 
    27.08     0.206924 
    33.44     0.068041 
    14.29     0.000000 
    14.29     0.000000 
    14.29     0.000000 
    14.29     0.000000 
    14.29     0.000000 
    14.29     0.000000 
    43.57     0.004741 
    14.29     0.000000 
    30.96     0.118011 
    37.10     0.013001 
    14.29     0.000000 
    14.29     0.000000 
    14.29     0.000000 
    14.29     0.000000 
    31.84     0.063615 
    29.55     0.159458 
    24.04     0.287418 
    24.25     0.296327 
    19.87     0.400000 
    26.36     0.215977 
    21.91     0.342651 
    26.43     0.233983 
    26.96     0.213382 
    29.50     0.148275 
    30.12     0.109683 
    34.62     0.048328 
    29.89     0.117027 
    14.29     0.000000 
    14.29     0.000000 
    30.64     0.095852 
    31.82     0.092647 
    29.75     0.138565 
    29.89     0.151813 
    33.25     0.059379 
    14.29     0.000000 
    29.47     0.147060 
    26.57     0.221772 
    30.80     0.138995 
    26.25     0.246258 
    21.60     0.354503 
    29.27     0.153702 
    31.09     0.078751 
    31.65     0.000550 
    14.29     0.000000 
    14.29     0.000000 
    14.29     0.000000 
    14.29     0.000000 
    36.82     0.023420 
    14.29     0.000000 
    37.61     0.002009 
    14.29     0.000000 
    30.92     0.067591 
    14.29     0.000000 
    14.29     0.000000 
    14.29     0.000000 
    33.59     0.060076 
    35.53     0.019945 
    14.29     0.000000 
    33.14     0.039188 
    32.26     0.068384 
    14.29     0.000000 
    14.29     0.000000 
    36.21     0.019218 
    35.57     0.039281 
    36.78     0.042961 
    35.77     0.033340 
    33.95     0.044093 
    32.05     0.082458 
    34.11     0.005497 
    35.80     0.023817 
    14.29     0.000000 
    33.77     0.029933 
    14.29     0.000000 
    35.96     0.017603 
    36.37     0.003702 
    34.83     0.021465 
    14.29     0.000000 
    14.29     0.000000 
    14.29     0.000000 
    35.63     0.021991 
    14.29     0.000000 
    31.12     0.000433 
    37.11     0.006071 
    38.56     0.008062 
    37.96     0.004493 
    38.09     0.008265 
    37.99     0.007172 
    35.40     0.009984 
    36.70     0.009882 
    35.64     0.003969 
    34.46     0.003524 
    40.08     0.007172 
    29.48     0.148058 
    23.60     0.286253 
    27.70     0.208763 
    24.85     0.268721 
    20.26     0.400000 
    20.37     0.400000 
    20.10     0.398856 
    19.81     0.400000 
    24.86     0.277136 
    20.07     0.400000 
    20.16     0.400000 
    20.78     0.377163 
    20.56     0.400000 
    19.90     0.400000 
    20.36     0.400000 
    23.38     0.311255 
    19.70     0.400000 
    19.85     0.400000 
    27.13     0.221893 
    29.94     0.143420 
    31.08     0.092381 
    14.29     0.000000 
    35.35     0.054845 
    14.29     0.000000 
    27.17     0.194429 
    14.29     0.000000 
    30.25     0.090757 
    38.61     0.009436 
    14.29     0.000000 
    35.23     0.009070 
    32.87     0.082592 
    14.29     0.000000 
    30.38     0.116373 
    28.56     0.182959 
    31.92     0.077797 
    14.29     0.000000 
    31.79     0.064751 
    28.92     0.170983 
    25.69     0.265762 
    21.57     0.346776 
    25.08     0.251686 
    26.15     0.224494 
    29.82     0.128601 
    32.04     0.081428 
    31.31     0.120783 
    26.90     0.214609 
    30.10     0.129972 
    26.97     0.211021 
    29.10     0.173025 
    25.45     0.264201 
    26.30     0.224385 
    30.58     0.132992 
    28.20     0.172046 
    31.65     0.088171 
    28.71     0.161748 
    30.54     0.161205 
    34.28     0.051991 
    34.25     0.051161 
    34.43     0.044093 
    14.29     0.000000 
    31.63     0.059686 
    38.28     0.007026 
    33.77     0.019738 
    33.44     0.079937 
    30.46     0.103787 
    32.56     0.091779 
    29.80     0.123023 
    29.88     0.133534 
    32.41     0.077802 
    38.88     0.013995 
    32.89     0.052998 
    36.58     0.014951 
    35.10     0.000706 
    33.16     0.057214 
    33.96     0.026326 
    33.12     0.038928 
    32.06     0.058868 
    34.66     0.020971 
    14.29     0.000000 
    14.29     0.000000 
    37.66     0.014636 
    36.02     0.029304 
    32.92     0.041044 
    36.34     0.010610 
    34.37     0.031808 
    35.97     0.012933 
    36.51     0.017664 
    14.29     0.000000 
    38.72     0.004771 
    34.47     0.002129 
    38.91     0.001954 
    41.23     0.002386 
    39.86     0.002355 
    34.58     0.003718 
    40.49     0.002932 
    36.01     0.002969 
    14.29     0.000000 
    36.85     0.002817 
    38.48     0.002282 
    36.67     0.000960 
    36.45     0.002386 
    14.29     0.000000 
    14.29     0.000000 
    14.29     0.000000 
    32.24     0.061969 
    28.58     0.171124 
    21.92     0.342993 
    20.44     0.400000 
    23.27     0.307465 
    20.35     0.400000 
    19.95     0.400000 
    20.14     0.400000 
    19.89     0.400000 
    24.02     0.293593 
    21.72     0.356950 
    24.16     0.292707 
    21.27     0.362858 
    20.01     0.400000 
    20.07     0.400000 
    26.39     0.225540 
    25.85     0.238956 
    23.96     0.282151 
    28.12     0.185653 
    28.97     0.145632 
    30.15     0.131214 
    28.97     0.159343 
    28.18     0.203419 
    22.63     0.324940 
    19.90     0.400000 
    19.59     0.400000 
    21.49     0.364780 
    20.09     0.400000 
    19.61     0.400000 
    20.10     0.400000 
    22.03     0.348166 
    20.60     0.368581 
    20.61     0.400000 
    23.92     0.300013 
    26.17     0.216755 
    23.50     0.308782 
    28.84     0.176401 
    32.58     0.077420 
    30.99     0.113386 
    29.36     0.145812 
    25.95     0.222202 
    33.12     0.070475 
    35.66     0.012668 
    34.22     0.033642 
    14.29     0.000000 
    34.94     0.023940 
    35.92     0.017664 
    14.29     0.000000 
    14.29     0.000000 
    31.70     0.082676 
    14.29     0.000000 
    34.61     0.028914 
    30.90     0.096435 
    32.35     0.092033 
    34.09     0.050695 
    30.97     0.112869 
    29.77     0.140457 
    32.23     0.087201 
    34.37     0.039122 
    33.39     0.070668 
    36.32     0.031678 
    14.29     0.000000 
    31.96     0.090639 
    29.90     0.151353 
    33.04     0.070026 
    31.64     0.068754 
    32.70     0.029343 
    14.29     0.000000 
    32.18     0.067930 
    32.02     0.034173 
    32.90     0.062803 
    33.67     0.035412 
    36.34     0.039093 
    34.07     0.005229 
    37.54     0.004991 
    35.42     0.017719 
    35.40     0.041230 
    14.29     0.000000 
    14.29     0.000000 
    14.29     0.000000 
    14.29     0.000000 
    38.47     0.002905 
    36.73     0.013665 
    37.09     0.005407 
    34.87     0.027235 
    14.29     0.000000 
    33.51     0.010385 
    39.54     0.004245 
    35.21     0.001272 
    38.97     0.006013 
    39.10     0.009481 
    40.22     0.007902 
    37.81     0.004586 
    38.50     0.004501 
    36.46     0.009845 
    36.66     0.010607 
    34.27     0.005129 
    35.76     0.007902 
    26.45     0.195619 
    32.86     0.041120 
    14.29     0.000000 
    14.29     0.000000 
    32.24     0.085915 
    30.82     0.085847 
    14.29     0.000000 
    27.44     0.187848 
    31.47     0.121603 
    26.89     0.217612 
    20.98     0.380688 
    20.43     0.400000 
    20.85     0.365226 
    20.05     0.400000 
    24.32     0.280818 
    19.95     0.400000 
    24.48     0.286162 
    26.07     0.239011 
    26.54     0.215662 
    25.59     0.274245 
    20.32     0.397858 
    20.44     0.388529 
    24.87     0.256372 
    28.76     0.165121 
    27.00     0.210699 
    24.07     0.294001 
    19.87     0.399664 
    21.78     0.357775 
    20.94     0.368248 
    21.29     0.363123 
    19.71     0.400000 
    19.54     0.393396 
    20.23     0.400000 
    20.36     0.400000 
    19.91     0.400000 
    23.39     0.308853 
    20.11     0.400000 
    20.31     0.389067 
    19.90     0.400000 
    22.08     0.340487 
    24.31     0.304225 
    22.90     0.312366 
    20.67     0.386747 
    20.07     0.400000 
    20.28     0.400000 
    22.88     0.313100 
    25.78     0.233158 
    22.17     0.344684 
    20.75     0.370014 
    23.94     0.297772 
    24.92     0.254795 
    26.33     0.222504 
    26.13     0.244374 
    23.00     0.332202 
    28.76     0.161402 
    27.43     0.201776 
    31.29     0.116115 
    30.16     0.124507 
    33.87     0.045244 
    35.17     0.010189 
    14.29     0.000000 
    35.81     0.020745 
    14.29     0.000000 
    14.29     0.000000 
    30.43     0.088249 
    38.33     0.014252 
    14.29     0.000000 
    14.29     0.000000 
    14.29     0.000000 
    32.80     0.060502 
    17.48     0.000034 
    14.29     0.000000 
    35.46     0.039822 
    14.29     0.000000 
    14.29     0.000000 
    33.04     0.059504 
    14.29     0.000000 
    34.67     0.034964 
    14.29     0.000000 
    14.29     0.000000 
    14.29     0.000000 
    33.73     0.039071 
    37.13     0.006022 
    36.03     0.022308 
    37.36     0.010739 
    14.29     0.000000 
    36.73     0.007193 
    43.50     0.009694 
    14.29     0.000000 
    38.71     0.007656 
    36.82     0.011909 
    35.10     0.006100 
    35.98     0.011003 
    38.18     0.006023 
    38.60     0.012868 
    35.99     0.011148 
    36.28     0.009016 
    35.63     0.009711 
    37.44     0.006514 
    38.52     0.013224 
    37.21     0.009694 
    31.77     0.094347 
    33.62     0.017341 
    14.29     0.000000 
    14.29     0.000000 
    14.29     0.000000 
    14.29     0.000000 
    14.29     0.000000 
    14.29     0.000000 
    33.44     0.050652 
    14.29     0.000000 
    25.98     0.213752 
    24.68     0.255117 
    20.84     0.393050 
    23.05     0.320393 
    20.04     0.400000 
    20.32     0.400000 
    22.87     0.317869 
    23.62     0.302995 
    30.28     0.129453 
    32.50     0.087419 
    14.29     0.000000 
    28.31     0.154020 
    32.05     0.080889 
    37.50     0.018394 
    31.78     0.075276 
    28.49     0.158960 
    14.29     0.000000 
    28.61     0.152434 
    14.29     0.000000 
    14.29     0.000000 
    14.29     0.000000 
    14.29     0.000000 
    34.41     0.070785 
    39.43     0.003832 
    14.29     0.000000 
    32.27     0.061846 
    14.29     0.000000 
    32.05     0.098364 
    31.04     0.132870 
    14.29     0.000000 
    35.33     0.052791 
    33.11     0.021799 
    14.29     0.000000 
    14.29     0.000000 
    33.92     0.041965 
    14.29     0.000000 
    33.16     0.018101 
    32.98     0.021701 
    14.29     0.000000 
    14.29     0.000000 
    32.75     0.061701 
    14.29     0.000000 
    33.65     0.048189 
    14.29     0.000000 
    31.19     0.087201 
    31.60     0.094909 
    14.29     0.000000 
    14.29     0.000000 
    14.29     0.000000 
    14.29     0.000000 
    14.29     0.000000 
    31.51     0.070857 
    34.39     0.046189 
    37.13     0.021667 
    36.05     0.018159 
    14.29     0.000000 
    14.29     0.000000 
    33.86     0.038880 
    31.85     0.086039 
    14.29     0.000000 
    34.56     0.047986 
    33.92     0.035042 
    14.29     0.000000 
    14.29     0.000000 
    14.29     0.000000 
    32.43     0.061034 
    34.03     0.045620 
    34.51     0.024680 
    33.74     0.000585 
    14.29     0.000000 
    38.93     0.007497 
    14.29     0.000000 
    33.26     0.003389 
    36.09     0.029330 
    36.23     0.019678 
    36.76     0.016290 
    37.26     0.017690 
    36.88     0.018099 
    14.29     0.000000 
    33.84     0.029368 
    36.96     0.009707 
    38.78     0.009056 
    37.00     0.006233 
    34.33     0.006699 
    35.76     0.012680 
    36.87     0.011154 
    35.55     0.005749 
    41.18     0.006655 
    39.30     0.003219 
    39.12     0.008942 
    40.49     0.006655 
    31.23     0.102613 
    33.27     0.073385 
    14.29     0.000000 
    30.77     0.108864 
    32.75     0.060981 
    29.75     0.123735 
    14.29     0.000000 
    25.73     0.244634 
    20.89     0.386417 
    20.15     0.400000 
    25.75     0.222476 
    24.25     0.296238 
    26.49     0.222784 
    25.30     0.254785 
    30.14     0.107161 
    26.24     0.226713 
    34.73     0.048932 
    31.43     0.095705 
    24.31     0.266801 
    27.93     0.197307 
    25.75     0.243534 
    21.26     0.358839 
    26.32     0.216668 
    27.16     0.185370 
    29.46     0.134168 
    29.50     0.153185 
    27.02     0.191670 
    35.55     0.015535 
    28.00     0.164221 
    29.91     0.123382 
    33.90     0.015823 
    14.29     0.000000 
    29.79     0.137611 
    37.62     0.007067 
    14.29     0.000000 
    36.25     0.035712 
    35.80     0.022133 
    14.29     0.000000 
    33.81     0.038385 
    29.43     0.136283 
    37.27     0.034902 
    30.89     0.114235 
    14.29     0.000000 
    14.29     0.000000 
    14.29     0.000000 
    31.84     0.079216 
    14.29     0.000000 
    29.50     0.140177 
    14.29     0.000000 
    14.29     0.000000 
    31.49     0.082257 
    36.17     0.024105 
    14.29     0.000000 
    14.29     0.000000 
    31.66     0.077985 
    14.29     0.000000 
    14.29     0.000000 
    38.50     0.018345 
    14.29     0.000000 
    14.29     0.000000 
    33.83     0.024966 
    35.95     0.017349 
    33.01     0.081896 
    31.66     0.084571 
    14.29     0.000000 
    14.29     0.000000 
    14.29     0.000000 
    14.29     0.000000 
    31.54     0.066173 
    31.85     0.076135 
    33.07     0.044087 
    36.55     0.023098 
    14.29     0.000000 
    36.86     0.034081 
    36.24     0.022196 
    36.00     0.019760 
    34.57     0.022092 
    32.66     0.080359 
    32.16     0.072729 
    32.83     0.070265 
    37.93     0.021619 
    35.08     0.008924 
    34.96     0.035408 
    37.71     0.006764 
    33.09     0.030559 
    14.29     0.000000 
    14.29     0.000000 
    36.47     0.022951 
    36.11     0.011090 
    33.17     0.030126 
    39.22     0.011795 
    37.66     0.011096 
    38.30     0.012283 
    34.91     0.012795 
    35.55     0.016756 
    38.70     0.017574 
    36.48     0.020662 
    36.48     0.017916 
    36.59     0.019781 
    36.54     0.017544 
    35.38     0.017574 
    14.29     0.000000 
    28.67     0.151053 
    14.29     0.000000 
    24.76     0.280814 
    25.97     0.251770 
    25.07     0.268606 
    20.40     0.400000 
    20.38     0.400000 
    19.62     0.400000 
    19.74     0.400000 
    19.90     0.400000 
    20.19     0.400000 
    24.22     0.288448 
    20.25     0.400000 
    23.16     0.297087 
    22.95     0.313756 
    19.74     0.400000 
    24.36     0.287212 
    21.40     0.363450 
    21.55     0.366261 
    25.32     0.266613 
    25.20     0.251722 
    30.50     0.119852 
    28.37     0.176384 
    25.12     0.256733 
    25.14     0.252601 
    23.46     0.302077 
    21.84     0.341607 
    19.77     0.400000 
    21.89     0.344428 
    20.61     0.400000 
    20.35     0.400000 
    20.08     0.397702 
    23.05     0.307976 
    23.14     0.308976 
    19.99     0.400000 
    23.23     0.292783 
    21.72     0.350828 
    20.27     0.400000 
    20.16     0.400000 
    22.14     0.350828 
    22.35     0.355084 
    23.40     0.315389 
    20.04     0.400000 
    19.92     0.400000 
    23.81     0.308457 
    21.08     0.366599 
    26.44     0.208798 
    23.52     0.303253 
    22.91     0.317433 
    20.71     0.389627 
    19.73     0.400000 
    19.49     0.400000 
    21.03     0.376535 
    23.30     0.312652 
    21.64     0.361708 
    25.41     0.254502 
    25.35     0.233721 
    23.52     0.296933 
    24.83     0.267671 
    22.84     0.316689 
    23.06     0.321038 
    26.50     0.219871 
    24.67     0.273496 
    26.40     0.227830 
    26.58     0.198554 
    25.75     0.240632 
    27.05     0.202968 
    25.25     0.260848 
    25.71     0.226793 
    29.09     0.163843 
    28.95     0.181796 
    28.37     0.164586 
    26.44     0.224981 
    28.44     0.170047 
    27.79     0.169583 
    28.39     0.155667 
    29.56     0.133052 
    27.92     0.171295 
    28.75     0.170301 
    29.82     0.126023 
    30.19     0.139263 
    28.59     0.163345 
    29.46     0.146181 
    28.53     0.154447 
    28.05     0.170769 
    30.01     0.140307 
    30.26     0.137595 
    29.87     0.135597 
    30.64     0.113216 
    31.01     0.112855 
    31.79     0.114557 
    30.89     0.118357 
    31.24     0.117427 
    30.59     0.114531 
    30.48     0.114879 
    30.60     0.118426 
    30.81     0.114488 
    30.34     0.117792 
    30.20     0.113617 
    31.72     0.117427 
    24.34     0.293579 
    19.96     0.400000 
    20.04     0.400000 
    19.95     0.400000 
    26.41     0.238234 
    26.63     0.203332 
    27.98     0.192319 
    29.79     0.144602 
    34.37     0.032136 
    33.71     0.063308 
    28.65     0.161177 
    33.18     0.064568 
    14.29     0.000000 
    14.29     0.000000 
    14.29     0.000000 
    14.29     0.000000 
    14.29     0.000000 
    29.04     0.156976 
    23.39     0.294818 
    36.07     0.033467 
    28.58     0.160734 
    31.09     0.108225 
    35.74     0.045585 
    14.29     0.000000 
    14.29     0.000000 
    14.29     0.000000 
    35.72     0.000508 
    28.19     0.198568 
    32.84     0.057191 
    32.43     0.103436 
    35.56     0.042651 
    34.37     0.043905 
    40.24     0.006952 
    14.29     0.000000 
    29.40     0.139577 
    14.29     0.000000 
    29.64     0.131283 
    34.48     0.036669 
    14.29     0.000000 
    32.41     0.084005 
    31.79     0.092700 
    14.29     0.000000 
    31.16     0.095222 
    37.62     0.012544 
    14.29     0.000000 
    33.41     0.030436 
    14.29     0.000000 
    31.59     0.095275 
    14.29     0.000000 
    30.77     0.098098 
    35.21     0.038712 
    14.29     0.000000 
    14.29     0.000000 
    14.29     0.000000 
    14.29     0.000000 
    34.24     0.021899 
    14.29     0.000000 
    14.29     0.000000 
    36.22     0.020657 
    14.29     0.000000 
    14.29     0.000000 
    14.29     0.000000 
    14.29     0.000000 
    14.29     0.000000 
    14.29     0.000000 
    32.76     0.057154 
    32.92     0.040433 
    35.32     0.023092 
    14.29     0.000000 
    35.00     0.008744 
    32.95     0.036978 
    36.62     0.006812 
    14.29     0.000000 
    14.29     0.000000 
    14.29     0.000000 
    36.10     0.049984 
    34.51     0.040222 
    14.29     0.000000 
    14.29     0.000000 
    14.29     0.000000 
    40.89     0.006007 
    14.29     0.000000 
    40.40     0.003693 
    34.28     0.010898 
    38.99     0.000887 
    14.29     0.000000 
    33.51     0.029059 
    38.57     0.004153 
    14.29     0.000000 
    14.29     0.000000 
    37.84     0.006406 
    38.93     0.003716 
    34.98     0.000523 
    36.82     0.005957 
    37.63     0.007569 
    44.25     0.003035 
    37.24     0.002930 
    40.20     0.006021 
    37.41     0.004162 
    36.31     0.003444 
    40.36     0.003035 
    32.88     0.061748 
    14.29     0.000000 
    32.78     0.063419 
    40.73     0.008239 
    14.29     0.000000 
    30.59     0.124433 
    28.54     0.176547 
    32.72     0.046481 
    32.51     0.092825 
    25.76     0.251204 
    27.77     0.206288 
    25.37     0.262314 
    25.35     0.256958 
    22.48     0.330579 
    20.49     0.383746 
    25.74     0.253863 
    27.16     0.205997 
    29.46     0.136323 
    33.40     0.037278 
    33.30     0.074038 
    27.37     0.179835 
    26.51     0.223685 
    32.54     0.069065 
    14.29     0.000000 
    14.29     0.000000 
    31.10     0.095307 
    35.12     0.033065 
    34.46     0.035871 
    14.29     0.000000 
    35.49     0.014417 
    33.22     0.051138 
    31.08     0.085678 
    14.29     0.000000 
    30.28     0.117982 
    31.21     0.089372 
    26.64     0.210470 
    31.22     0.091414 
    29.10     0.158621 
    27.19     0.196116 
    22.99     0.308830 
    23.97     0.289097 
    27.89     0.187383 
    31.65     0.098741 
    27.04     0.200959 
    30.73     0.138898 
    26.04     0.215317 
    24.98     0.261499 
    24.94     0.260396 
    27.10     0.203197 
    25.02     0.254614 
    24.69     0.281523 
    28.35     0.178632 
    28.65     0.173807 
    28.75     0.167907 
    27.22     0.193858 
    25.14     0.272819 
    29.93     0.118818 
