constructTestCases(): generating 11 specified cases ...  DONE
Procedure Optimizer.Optimize()
!!! --- WARNING --- !!! Oracle probabilites : ENABLED !!! --- WARNING --- !!!
Optimizer(): Simulated Annealing , Random-normalized optimality [%]
Optimizer(): config:  [[0.0], [3.0], [], 10, 10, 0.75, 0.01, 0.5, 0.01]
Optimizer(): selective:  0.000000  
Optimizer(): evals/step: 10
Optimizer(): numParams: 1 , completeRepeats: 100
MABsolver_config: algorithms: UCB1 , CP Disabled , CPT Davor , Reset: TODO
MABsolver_config: params: types:  Direct  Direct  Direct  Direct  
MABsolver_config: params: numInputs:  0  0  0  0  
MABsolver_config: params: weights:  [  1.000000  ]  [  2.500000  ]  [  0.200000  ]  [  5.000000  ]  
BanditTestBatch: casesIDs:  0  1  2  3  4  
BanditTestBatch: numCases: 5
BanditTestBatch: maxim sum reward: 1170.0
BanditTestBatch: random reward: 939.5

    24.54     1.000000 
    15.42     1.798815 
    21.33     1.203300 
    14.01     1.999720 
    99.82     0.000000 
    19.74     1.331813 
    41.66     0.411758 
    32.37     0.657514 
    99.82     0.000000 
    99.82     0.000000 
    23.77     1.046600 
    28.02     0.826696 
    21.88     1.167789 
    13.26     2.128008 
    21.31     1.208890 
    39.59     0.456864 
    25.22     0.961895 
    21.13     1.218297 
    27.12     0.867214 
    26.30     0.905004 
    17.47     1.552858 
    11.47     2.499945 
    12.20     2.339421 
    14.83     1.876074 
    10.42     2.782384 
     9.74     3.000000 
    11.02     2.626505 
    12.52     2.270343 
    17.16     1.588539 
    19.13     1.387692 
    49.37     0.275909 
    49.06     0.279876 
    99.82     0.000000 
    26.52     0.895123 
    99.82     0.000000 
    38.36     0.485656 
    31.30     0.695226 
    58.65     0.157740 
    54.57     0.204300 
    31.04     0.704124 
    61.07     0.135143 
    26.77     0.881057 
    99.82     0.000000 
    99.82     0.000000 
    47.51     0.304809 
    78.52     0.037756 
    99.82     0.000000 
    48.94     0.281604 
    47.77     0.299858 
    30.24     0.734033 
    42.26     0.399099 
    99.82     0.000000 
    99.82     0.000000 
    51.81     0.240427 
    99.82     0.000000 
    99.82     0.000000 
    99.82     0.000000 
    46.29     0.324981 
    99.82     0.000000 
    56.46     0.182307 
    99.82     0.000000 
    66.42     0.093495 
    99.82     0.000000 
    99.82     0.000000 
    99.82     0.000000 
    99.82     0.000000 
    99.82     0.000000 
    99.82     0.000000 
    41.26     0.419868 
    99.82     0.000000 
    99.82     0.000000 
    99.83     0.000000 
    53.37     0.220060 
    79.08     0.035950 
    99.82     0.000000 
    45.70     0.334930 
    56.72     0.179171 
    99.82     0.000000 
    99.82     0.000000 
    99.82     0.000000 
    99.82     0.000000 
    59.39     0.150908 
    99.82     0.000000 
    65.61     0.099074 
    61.53     0.130686 
    57.79     0.167509 
    96.81     0.006125 
    99.82     0.000000 
    99.82     0.000000 
    96.47     0.006539 
    99.82     0.000000 
    99.82     0.000000 
    86.02     0.019544 
    99.82     0.000000 
    88.89     0.015250 
    83.08     0.025270 
    86.12     0.019394 
    99.82     0.000000 
    84.30     0.022695 
    87.71     0.016908 
    99.82     0.000000 
    99.82     0.000000 
    18.48     1.446462 
    16.34     1.677769 
    16.83     1.623096 
    28.84     0.788102 
    16.89     1.612048 
    99.82     0.000000 
    99.82     0.000000 
    99.82     0.000000 
    99.83     0.000000 
    33.89     0.609119 
    99.82     0.000000 
    37.85     0.499480 
    46.12     0.328278 
    99.82     0.000000 
    22.80     1.106178 
    35.82     0.551409 
    48.30     0.291200 
    99.82     0.000000 
    20.41     1.275938 
    99.82     0.000000 
    23.01     1.090387 
    22.99     1.094087 
    26.77     0.880708 
    54.66     0.203006 
    75.73     0.047498 
    25.17     0.964919 
    36.57     0.531501 
    99.82     0.000000 
    23.36     1.070294 
    48.07     0.295715 
    99.83     0.000000 
    99.82     0.000000 
    99.82     0.000000 
    28.82     0.790071 
    17.48     1.550953 
    13.85     2.029976 
    14.77     1.889167 
    12.36     2.300062 
    12.79     2.224870 
    10.03     2.894216 
    12.78     2.232297 
    11.61     2.478589 
     9.74     3.000000 
     9.74     3.000000 
     9.74     3.000000 
     9.74     3.000000 
     9.74     3.000000 
    11.72     2.450450 
    14.49     1.927927 
    11.87     2.414738 
    11.92     2.404706 
    13.25     2.133937 
    17.18     1.581107 
    15.24     1.824318 
    14.73     1.897168 
    14.00     2.003090 
    11.32     2.536428 
    13.11     2.154881 
    17.03     1.596125 
    22.18     1.148436 
    18.52     1.443932 
    24.25     1.014012 
    21.82     1.174070 
    23.82     1.040179 
    18.47     1.448399 
    16.68     1.635886 
    14.59     1.916439 
    17.28     1.572517 
    16.98     1.608217 
    19.33     1.368456 
    17.69     1.520902 
    18.36     1.454528 
    16.17     1.703088 
    16.58     1.647665 
    16.67     1.638881 
    14.80     1.883344 
    17.17     1.582377 
    16.18     1.697361 
    17.11     1.590643 
    15.24     1.821152 
    14.28     1.964040 
    15.43     1.789811 
    14.34     1.950476 
    13.99     2.008997 
    14.73     1.897193 
    15.25     1.817492 
    14.77     1.887310 
    13.69     2.061543 
    13.53     2.087931 
    14.64     1.909520 
    14.77     1.890294 
    14.80     1.880753 
    14.76     1.891360 
    14.74     1.893815 
    14.65     1.900023 
    14.64     1.905227 
    14.77     1.886572 
    14.77     1.885053 
    14.92     1.865148 
    15.07     1.847379 
    15.07     1.847379 
    10.48     2.761208 
    15.89     1.736520 
    46.13     0.327929 
    31.56     0.685449 
    68.56     0.080622 
    99.82     0.000000 
    99.82     0.000000 
    99.82     0.000000 
    99.82     0.000000 
    21.12     1.221734 
    72.07     0.062504 
    51.21     0.248650 
    99.83     0.000000 
    41.72     0.410646 
    22.18     1.148004 
    23.83     1.038578 
    51.83     0.240020 
    99.82     0.000000 
    50.41     0.259690 
    49.89     0.266803 
    19.13     1.388712 
    23.35     1.071201 
    13.68     2.067438 
    22.64     1.115922 
    25.41     0.953695 
    35.15     0.570778 
    99.82     0.000000 
    23.98     1.030809 
    99.82     0.000000 
    99.83     0.000000 
    99.82     0.000000 
    99.82     0.000000 
    99.83     0.000000 
    99.82     0.000000 
    46.88     0.315123 
    99.82     0.000000 
    74.35     0.052882 
    29.84     0.746933 
    99.82     0.000000 
    54.12     0.209620 
    42.50     0.395831 
    25.59     0.943709 
    22.60     1.118696 
    25.41     0.953626 
    16.67     1.640218 
    36.64     0.528385 
    26.52     0.895479 
    32.50     0.651692 
    29.75     0.752909 
    18.62     1.435969 
    68.18     0.082979 
    99.82     0.000000 
    75.29     0.049272 
    99.82     0.000000 
    99.82     0.000000 
    64.69     0.105493 
    35.92     0.548536 
    81.21     0.029777 
    99.82     0.000000 
    99.82     0.000000 
    45.70     0.335153 
    99.82     0.000000 
    75.06     0.049934 
    48.64     0.287344 
    99.82     0.000000 
    80.45     0.031910 
    39.83     0.451702 
    99.82     0.000000 
    99.82     0.000000 
    99.82     0.000000 
    56.86     0.177230 
    99.82     0.000000 
    53.97     0.211389 
    47.60     0.302416 
    78.02     0.039371 
    51.89     0.239191 
    57.11     0.174532 
    52.70     0.228028 
    47.14     0.310113 
    58.01     0.165321 
    99.82     0.000000 
    99.82     0.000000 
    57.02     0.175709 
    99.82     0.000000 
    56.83     0.177762 
    99.82     0.000000 
    59.73     0.147391 
    58.47     0.159940 
    99.82     0.000000 
    72.01     0.062807 
    99.82     0.000000 
    99.82     0.000000 
    91.88     0.011632 
    99.83     0.000000 
    99.77     0.000819 
    86.63     0.018543 
    99.82     0.000000 
    99.82     0.000000 
    99.82     0.000000 
    99.82     0.000000 
    99.82     0.000000 
    31.91     0.673018 
    24.33     1.012392 
    11.92     2.405486 
     9.74     3.000000 
    10.17     2.852140 
    14.49     1.926420 
     9.74     3.000000 
    14.19     1.972325 
    24.19     1.018007 
    12.19     2.350667 
     9.74     3.000000 
     9.75     2.979671 
    16.53     1.651624 
    11.22     2.563020 
    10.32     2.815902 
     9.74     3.000000 
     9.74     3.000000 
     9.74     3.000000 
     9.74     3.000000 
     9.74     3.000000 
     9.90     2.926706 
     9.74     3.000000 
     9.74     3.000000 
     9.74     3.000000 
     9.74     3.000000 
    10.17     2.855927 
     9.74     3.000000 
    10.72     2.706829 
     9.90     2.931823 
    11.76     2.443747 
    16.52     1.653966 
    11.87     2.418644 
    14.93     1.860565 
    15.67     1.765481 
    27.80     0.836046 
    99.82     0.000000 
    99.82     0.000000 
    37.85     0.499536 
    70.15     0.071861 
    31.94     0.671961 
    72.65     0.059756 
    58.80     0.156381 
    99.82     0.000000 
    99.82     0.000000 
    51.28     0.247353 
    99.83     0.000000 
    99.83     0.000000 
    47.71     0.301193 
    40.35     0.439845 
    99.83     0.000000 
    99.82     0.000000 
    35.41     0.564671 
    99.82     0.000000 
    65.07     0.102897 
    34.92     0.576850 
    99.82     0.000000 
    99.82     0.000000 
    69.63     0.074628 
    99.82     0.000000 
    99.82     0.000000 
    99.82     0.000000 
    53.98     0.211278 
    99.83     0.000000 
    45.37     0.340420 
    53.08     0.222808 
    38.25     0.488841 
    99.83     0.000000 
    40.33     0.440416 
    53.36     0.220271 
    45.72     0.334361 
    99.82     0.000000 
    99.82     0.000000 
    80.02     0.033101 
    99.82     0.000000 
    67.36     0.087463 
    99.83     0.000000 
    99.82     0.000000 
    53.10     0.222539 
    99.82     0.000000 
    59.49     0.149592 
    63.87     0.111330 
    67.40     0.087218 
    98.66     0.003562 
    99.82     0.000000 
    94.68     0.008553 
    99.82     0.000000 
    58.90     0.156066 
    99.82     0.000000 
    99.82     0.000000 
    99.82     0.000000 
    99.83     0.000000 
    81.84     0.028169 
    83.92     0.023499 
    99.83     0.000000 
    99.83     0.000000 
    99.30     0.002360 
    99.82     0.000000 
    90.52     0.013224 
    99.82     0.000000 
    87.87     0.016659 
    99.82     0.000000 
    99.83     0.000000 
    99.82     0.000000 
    22.02     1.158356 
    19.56     1.345845 
    41.08     0.424738 
    99.83     0.000000 
    99.82     0.000000 
    39.61     0.455730 
    29.36     0.766204 
    23.36     1.070136 
    99.82     0.000000 
    22.59     1.121330 
    42.31     0.397828 
    99.82     0.000000 
    99.82     0.000000 
    21.84     1.170412 
    34.60     0.585792 
    22.61     1.118273 
    19.85     1.323780 
    29.04     0.781024 
    32.81     0.641294 
    69.43     0.075869 
    30.72     0.716603 
    99.82     0.000000 
    99.82     0.000000 
    99.82     0.000000 
    99.82     0.000000 
    66.36     0.093960 
    99.82     0.000000 
    99.82     0.000000 
    99.82     0.000000 
    99.82     0.000000 
    24.54     1.000454 
    50.28     0.262219 
    99.82     0.000000 
    99.82     0.000000 
    24.73     0.990498 
    40.47     0.436422 
    99.82     0.000000 
    99.83     0.000000 
    55.38     0.195108 
    99.82     0.000000 
    80.15     0.032704 
    99.82     0.000000 
    99.82     0.000000 
    43.24     0.380062 
    99.82     0.000000 
    33.72     0.612727 
    62.93     0.119180 
    28.77     0.792466 
    40.88     0.427060 
    54.40     0.206565 
    71.41     0.065588 
    44.01     0.366165 
    99.82     0.000000 
    34.94     0.575798 
    99.82     0.000000 
    99.82     0.000000 
    33.55     0.619568 
    31.95     0.670792 
    99.82     0.000000 
    99.82     0.000000 
    37.74     0.500535 
    99.82     0.000000 
    37.31     0.511426 
    94.79     0.008430 
    38.59     0.480930 
    49.73     0.269821 
    42.66     0.391362 
    99.82     0.000000 
    64.81     0.104920 
    60.17     0.142965 
    99.82     0.000000 
    99.82     0.000000 
    54.27     0.208629 
    99.82     0.000000 
    57.75     0.168081 
    99.82     0.000000 
    99.83     0.000000 
    99.82     0.000000 
    99.82     0.000000 
    57.53     0.170428 
    99.82     0.000000 
    71.53     0.064978 
    99.82     0.000000 
    59.07     0.154246 
    99.82     0.000000 
    57.41     0.170886 
    56.81     0.178009 
    61.04     0.135290 
    84.82     0.021682 
    99.82     0.000000 
    86.73     0.018381 
    99.82     0.000000 
    92.82     0.010586 
    99.82     0.000000 
    85.47     0.020471 
    92.97     0.010415 
    83.30     0.024792 
    97.84     0.004813 
    99.82     0.000000 
    99.82     0.000000 
    49.30     0.277116 
    19.15     1.383881 
    99.82     0.000000 
    68.22     0.082741 
    20.92     1.238941 
    99.82     0.000000 
    99.82     0.000000 
    35.28     0.565825 
    99.82     0.000000 
    19.90     1.320045 
    99.82     0.000000 
    99.82     0.000000 
    99.82     0.000000 
    99.82     0.000000 
    22.19     1.145600 
    99.82     0.000000 
    26.26     0.907402 
    29.54     0.760697 
    99.82     0.000000 
    99.83     0.000000 
    30.01     0.743672 
    99.82     0.000000 
    99.82     0.000000 
    99.82     0.000000 
    22.86     1.100224 
    35.93     0.548270 
    99.82     0.000000 
    99.82     0.000000 
    99.82     0.000000 
    31.63     0.682472 
    99.82     0.000000 
    38.88     0.472352 
    99.82     0.000000 
    99.82     0.000000 
    30.40     0.726592 
    43.48     0.376016 
    70.64     0.069478 
    46.32     0.324421 
    49.79     0.268940 
    29.49     0.764979 
    99.82     0.000000 
    99.83     0.000000 
    98.27     0.004197 
    99.82     0.000000 
    50.19     0.263244 
    44.79     0.351004 
    45.03     0.347475 
    31.25     0.696765 
    34.50     0.589628 
    99.82     0.000000 
    42.50     0.395898 
    34.83     0.579288 
    99.82     0.000000 
    45.91     0.330580 
    99.82     0.000000 
    99.82     0.000000 
    99.82     0.000000 
    99.82     0.000000 
    99.82     0.000000 
    39.41     0.462000 
    99.83     0.000000 
    48.70     0.286216 
    61.89     0.127437 
    99.83     0.000000 
    39.44     0.460746 
    40.84     0.429310 
    62.30     0.124331 
    56.25     0.184242 
    99.82     0.000000 
    99.82     0.000000 
    99.82     0.000000 
    97.84     0.004808 
    54.13     0.209394 
    86.87     0.018158 
    99.82     0.000000 
    45.89     0.331349 
    51.12     0.249707 
    47.52     0.304439 
    99.83     0.000000 
    99.82     0.000000 
    99.82     0.000000 
    99.82     0.000000 
    90.10     0.013740 
    68.40     0.081617 
    99.82     0.000000 
    67.13     0.088995 
    99.82     0.000000 
    84.61     0.022074 
    69.66     0.074466 
    90.38     0.013384 
    86.34     0.019020 
    99.82     0.000000 
    94.02     0.009272 
    99.82     0.000000 
    99.82     0.000000 
    99.82     0.000000 
    94.19     0.009079 
    99.82     0.000000 
    85.95     0.019667 
    99.82     0.000000 
    99.82     0.000000 
    99.82     0.000000 
    82.90     0.025691 
    51.43     0.245179 
    99.82     0.000000 
    33.09     0.632702 
    99.82     0.000000 
    99.82     0.000000 
    28.82     0.790910 
    33.72     0.612834 
    39.08     0.469150 
    99.82     0.000000 
    99.82     0.000000 
    99.82     0.000000 
    99.82     0.000000 
    47.72     0.300787 
    99.83     0.000000 
    69.44     0.075827 
    99.82     0.000000 
    20.77     1.247825 
    54.66     0.202896 
    99.82     0.000000 
    99.82     0.000000 
    32.43     0.655469 
    99.82     0.000000 
    26.26     0.908054 
    99.82     0.000000 
    99.82     0.000000 
    62.82     0.119915 
    99.82     0.000000 
    99.82     0.000000 
    99.82     0.000000 
    99.82     0.000000 
    99.82     0.000000 
    60.64     0.139096 
    99.82     0.000000 
    43.05     0.384207 
    26.26     0.908462 
    43.71     0.370589 
    99.82     0.000000 
    44.97     0.348081 
    34.83     0.579526 
    30.61     0.719143 
    52.04     0.237113 
    46.48     0.320864 
    99.82     0.000000 
    99.82     0.000000 
    99.82     0.000000 
    99.82     0.000000 
    99.82     0.000000 
    99.82     0.000000 
    99.82     0.000000 
    99.82     0.000000 
    34.47     0.591454 
    31.84     0.675642 
    43.14     0.381703 
    42.18     0.401068 
    99.82     0.000000 
    99.82     0.000000 
    99.82     0.000000 
    73.81     0.055173 
    99.82     0.000000 
    53.36     0.220229 
    53.15     0.221885 
    99.83     0.000000 
    99.82     0.000000 
    52.86     0.225761 
    99.82     0.000000 
    42.33     0.397069 
    99.82     0.000000 
    99.82     0.000000 
    56.12     0.185257 
    99.82     0.000000 
    99.82     0.000000 
    99.82     0.000000 
    53.01     0.223912 
    67.35     0.087545 
    99.82     0.000000 
    64.30     0.108028 
    49.77     0.269352 
    59.04     0.154467 
    80.87     0.030696 
    59.91     0.145393 
    61.70     0.128905 
    99.82     0.000000 
    86.04     0.019520 
    99.82     0.000000 
    99.82     0.000000 
    99.82     0.000000 
    99.82     0.000000 
    99.83     0.000000 
    82.95     0.025565 
    99.82     0.000000 
    97.23     0.005605 
    86.59     0.018601 
    95.80     0.007301 
    93.48     0.009870 
    99.82     0.000000 
    99.82     0.000000 
    94.19     0.009080 
    99.82     0.000000 
    99.82     0.000000 
    28.37     0.807368 
    59.84     0.146218 
    99.83     0.000000 
    40.46     0.437272 
    30.83     0.711007 
    37.91     0.496927 
    99.82     0.000000 
    99.82     0.000000 
    19.19     1.382124 
    99.82     0.000000 
    56.66     0.179955 
    99.82     0.000000 
    99.82     0.000000 
    93.14     0.010234 
    99.82     0.000000 
    99.82     0.000000 
    26.05     0.919948 
    97.86     0.004788 
    52.58     0.230404 
    23.77     1.044791 
    99.82     0.000000 
    99.82     0.000000 
    40.29     0.441616 
    99.82     0.000000 
    23.42     1.063889 
    49.35     0.276258 
    24.18     1.018484 
    79.23     0.035520 
    24.04     1.027581 
    38.01     0.494148 
    99.83     0.000000 
    99.82     0.000000 
    48.37     0.290445 
    99.82     0.000000 
    38.82     0.474802 
    99.82     0.000000 
    99.82     0.000000 
    99.82     0.000000 
    32.98     0.637101 
    33.28     0.628609 
    99.82     0.000000 
    99.82     0.000000 
    57.58     0.169822 
    99.82     0.000000 
    35.80     0.552501 
    43.45     0.376815 
    99.83     0.000000 
    48.42     0.289614 
    37.69     0.501532 
    70.13     0.071976 
    99.82     0.000000 
    53.45     0.218849 
    55.24     0.196506 
    99.82     0.000000 
    99.82     0.000000 
    99.82     0.000000 
    37.89     0.498207 
    99.82     0.000000 
    99.82     0.000000 
    99.82     0.000000 
    99.83     0.000000 
    38.34     0.487275 
    64.31     0.107939 
    52.03     0.237308 
    90.40     0.013358 
    99.82     0.000000 
    86.17     0.019301 
    99.82     0.000000 
    99.82     0.000000 
    81.42     0.029225 
    99.83     0.000000 
    49.80     0.268656 
    99.82     0.000000 
    99.82     0.000000 
    50.54     0.257726 
    99.82     0.000000 
    99.82     0.000000 
    99.82     0.000000 
    99.82     0.000000 
    76.87     0.043286 
    92.28     0.011187 
    99.82     0.000000 
    99.83     0.000000 
    58.14     0.163694 
    99.82     0.000000 
    99.82     0.000000 
    68.48     0.081143 
    99.82     0.000000 
    99.82     0.000000 
    99.82     0.000000 
    99.82     0.000000 
    99.76     0.000886 
    89.65     0.014274 
    82.83     0.025846 
    90.98     0.012675 
    81.26     0.029659 
    85.25     0.020877 
    93.82     0.009495 
    99.82     0.000000 
    99.82     0.000000 
    99.82     0.000000 
    99.82     0.000000 
    99.82     0.000000 
    55.23     0.196689 
    30.04     0.740731 
    23.42     1.065327 
    99.82     0.000000 
    19.54     1.352345 
    99.82     0.000000 
    99.82     0.000000 
    25.44     0.948625 
    28.56     0.801510 
    47.81     0.298550 
    36.91     0.522887 
    24.59     0.996460 
    99.82     0.000000 
    99.83     0.000000 
    99.82     0.000000 
    99.82     0.000000 
    99.82     0.000000 
    99.82     0.000000 
    99.82     0.000000 
    99.82     0.000000 
    95.24     0.007942 
    99.82     0.000000 
    23.36     1.070600 
    99.82     0.000000 
    99.82     0.000000 
    99.82     0.000000 
    99.82     0.000000 
    99.82     0.000000 
    56.00     0.187106 
    99.82     0.000000 
    99.82     0.000000 
    99.82     0.000000 
    99.83     0.000000 
    61.09     0.134816 
    35.08     0.574061 
    28.37     0.807233 
    28.29     0.813342 
    99.82     0.000000 
    99.82     0.000000 
    46.80     0.316249 
    99.82     0.000000 
    35.15     0.570681 
    32.48     0.653516 
    62.32     0.124090 
    99.82     0.000000 
    67.34     0.087643 
    99.82     0.000000 
    32.22     0.661829 
    99.82     0.000000 
    77.91     0.039748 
    59.21     0.152896 
    99.82     0.000000 
    99.82     0.000000 
    54.93     0.199306 
    43.52     0.375126 
    32.95     0.639579 
    99.82     0.000000 
    42.32     0.397500 
    54.78     0.201826 
    54.76     0.202165 
    56.51     0.181489 
    38.70     0.477559 
    99.82     0.000000 
    99.82     0.000000 
    99.82     0.000000 
    99.82     0.000000 
    41.98     0.406376 
    99.82     0.000000 
    46.18     0.326950 
    58.75     0.157147 
    99.82     0.000000 
    52.25     0.233894 
    99.82     0.000000 
    99.82     0.000000 
    66.55     0.092671 
    49.83     0.267855 
    99.82     0.000000 
    99.82     0.000000 
    99.82     0.000000 
    57.75     0.168179 
    64.14     0.109398 
    60.66     0.138900 
    76.47     0.044709 
    99.82     0.000000 
    64.86     0.104550 
    99.82     0.000000 
    99.82     0.000000 
    99.82     0.000000 
    88.29     0.016065 
    87.59     0.017072 
    99.71     0.001106 
    90.89     0.012782 
    99.82     0.000000 
    95.14     0.008038 
    99.83     0.000000 
    81.18     0.029866 
    99.82     0.000000 
    99.82     0.000000 
    99.82     0.000000 
    99.82     0.000000 
    21.48     1.194129 
    50.84     0.254373 
    43.95     0.366979 
    99.82     0.000000 
    99.82     0.000000 
    39.55     0.457841 
    32.65     0.648672 
    99.83     0.000000 
    29.80     0.751590 
    26.00     0.921452 
    59.32     0.151659 
    26.10     0.914043 
    31.41     0.690279 
    99.82     0.000000 
    31.30     0.695805 
    52.59     0.230099 
    55.24     0.196581 
    99.82     0.000000 
    61.38     0.132109 
    29.75     0.752870 
    99.82     0.000000 
    99.82     0.000000 
    99.82     0.000000 
    32.37     0.657732 
    33.97     0.604747 
    40.88     0.427497 
    99.83     0.000000 
    99.82     0.000000 
    29.24     0.773713 
    99.82     0.000000 
    99.82     0.000000 
    99.82     0.000000 
    99.82     0.000000 
    99.82     0.000000 
    99.82     0.000000 
    25.17     0.964821 
    29.34     0.768467 
    43.60     0.373255 
    45.53     0.338189 
    34.80     0.582035 
    99.82     0.000000 
    99.82     0.000000 
    99.82     0.000000 
    33.28     0.628284 
    99.82     0.000000 
    30.83     0.710645 
    99.82     0.000000 
    43.52     0.374949 
    99.82     0.000000 
    54.04     0.210431 
    99.82     0.000000 
    99.82     0.000000 
    99.82     0.000000 
    99.83     0.000000 
    85.38     0.020639 
    40.31     0.441292 
    99.82     0.000000 
    99.82     0.000000 
    56.24     0.184342 
    42.42     0.396745 
    99.82     0.000000 
    59.43     0.150394 
    51.60     0.243595 
    99.82     0.000000 
    57.09     0.174888 
    69.28     0.076605 
    99.82     0.000000 
    50.15     0.264058 
    99.83     0.000000 
    99.82     0.000000 
    99.82     0.000000 
    99.82     0.000000 
    80.62     0.031422 
    55.37     0.195346 
    56.05     0.186336 
    56.04     0.186435 
    89.79     0.014086 
    99.82     0.000000 
    99.82     0.000000 
    99.82     0.000000 
    64.88     0.104330 
    99.82     0.000000 
    99.82     0.000000 
    57.30     0.172438 
    99.82     0.000000 
    70.05     0.072298 
    98.26     0.004204 
    57.59     0.169619 
    91.49     0.012086 
    99.82     0.000000 
    86.60     0.018596 
    99.82     0.000000 
    92.32     0.011150 
    99.83     0.000000 
    87.45     0.017274 
    87.18     0.017698 
    99.83     0.000000 
    99.83     0.000000 
    99.82     0.000000 
    99.82     0.000000 
    22.46     1.124174 
    59.00     0.154982 
    23.63     1.049633 
    43.48     0.375775 
    99.82     0.000000 
    20.26     1.288178 
    18.88     1.408109 
    31.35     0.692752 
    99.82     0.000000 
    99.82     0.000000 
    99.82     0.000000 
    21.31     1.207883 
    99.82     0.000000 
    20.54     1.266516 
    99.82     0.000000 
    99.82     0.000000 
    99.82     0.000000 
    20.94     1.238489 
    20.19     1.296896 
    99.82     0.000000 
    99.82     0.000000 
    27.20     0.861185 
    62.85     0.119571 
    63.08     0.117823 
    41.12     0.423381 
    99.82     0.000000 
    31.11     0.701143 
    99.82     0.000000 
    27.77     0.837410 
    99.82     0.000000 
    25.83     0.928475 
    99.82     0.000000 
    27.21     0.859862 
    99.82     0.000000 
    89.38     0.014606 
    35.86     0.550394 
    99.82     0.000000 
    45.27     0.342428 
    99.83     0.000000 
    32.56     0.649834 
    31.29     0.696276 
    50.23     0.263046 
    29.75     0.752983 
    28.36     0.809176 
    48.48     0.288524 
    99.82     0.000000 
    99.82     0.000000 
    99.83     0.000000 
    31.52     0.687364 
    99.82     0.000000 
    53.66     0.215751 
    60.52     0.140356 
    39.06     0.470177 
    61.51     0.130872 
    99.82     0.000000 
    99.82     0.000000 
    99.82     0.000000 
    32.15     0.664881 
    40.46     0.436933 
    40.35     0.439445 
    61.00     0.135629 
    51.91     0.238636 
    99.82     0.000000 
    61.53     0.130658 
    99.82     0.000000 
    37.51     0.508008 
    99.83     0.000000 
    43.71     0.370638 
    50.81     0.254992 
    99.82     0.000000 
    82.39     0.026906 
    45.65     0.336080 
    48.37     0.290559 
    51.97     0.238099 
    45.63     0.336644 
    52.26     0.233869 
    99.82     0.000000 
    99.82     0.000000 
    99.82     0.000000 
    58.20     0.162829 
    69.75     0.074075 
    99.82     0.000000 
    58.38     0.160926 
    67.96     0.084044 
    68.63     0.080218 
    99.82     0.000000 
    99.82     0.000000 
    94.04     0.009250 
    99.82     0.000000 
    99.82     0.000000 
    99.82     0.000000 
    99.82     0.000000 
    84.27     0.022776 
    87.28     0.017535 
    99.82     0.000000 
    88.45     0.015842 
    99.82     0.000000 
    99.82     0.000000 
    87.53     0.017162 
    99.82     0.000000 
    99.82     0.000000 
    99.82     0.000000 
    99.83     0.000000 
    99.82     0.000000 
    99.82     0.000000 
    22.81     1.102954 
    19.74     1.332178 
    51.81     0.240519 
    19.90     1.318163 
    99.82     0.000000 
    99.82     0.000000 
    99.82     0.000000 
    99.83     0.000000 
    99.82     0.000000 
    35.12     0.572869 
    20.19     1.296375 
    99.82     0.000000 
    26.27     0.906630 
    99.82     0.000000 
    23.00     1.091131 
    39.60     0.456520 
    99.82     0.000000 
    26.86     0.879338 
    99.83     0.000000 
    99.82     0.000000 
    99.82     0.000000 
    27.66     0.840442 
    99.82     0.000000 
    99.82     0.000000 
    99.82     0.000000 
    47.06     0.311863 
    30.10     0.738672 
    99.82     0.000000 
    31.43     0.688587 
    46.01     0.329288 
    99.82     0.000000 
    37.62     0.504727 
    99.82     0.000000 
    41.60     0.413388 
    99.82     0.000000 
    99.82     0.000000 
    69.80     0.073761 
    50.60     0.256526 
    99.82     0.000000 
    33.64     0.615324 
    48.05     0.296324 
    48.45     0.288770 
    99.82     0.000000 
    28.37     0.807790 
    52.75     0.227814 
    37.64     0.503540 
    99.83     0.000000 
    59.91     0.145334 
    52.90     0.225387 
    55.53     0.192718 
    53.48     0.218126 
    99.82     0.000000 
    51.60     0.243596 
    99.82     0.000000 
    99.82     0.000000 
    99.82     0.000000 
    59.28     0.152130 
    51.37     0.245663 
    73.46     0.056750 
    45.06     0.346982 
    99.82     0.000000 
    37.65     0.502771 
    37.19     0.514809 
    61.17     0.133914 
    99.82     0.000000 
    60.58     0.139814 
    99.83     0.000000 
    52.85     0.226019 
    99.82     0.000000 
    99.82     0.000000 
    59.25     0.152534 
    99.82     0.000000 
    59.24     0.152687 
    99.82     0.000000 
    99.82     0.000000 
    99.82     0.000000 
    99.82     0.000000 
    58.95     0.155731 
    73.38     0.057101 
    99.82     0.000000 
    99.82     0.000000 
    78.26     0.038605 
    99.82     0.000000 
    60.55     0.140007 
    67.16     0.088764 
    98.42     0.003963 
    88.31     0.016031 
    81.99     0.027804 
    84.82     0.021679 
    99.82     0.000000 
    81.31     0.029508 
    85.19     0.020981 
    99.82     0.000000 
    81.76     0.028362 
    81.25     0.029665 
    99.82     0.000000 
    99.82     0.000000 
    25.41     0.952548 
    99.82     0.000000 
    99.83     0.000000 
    99.82     0.000000 
    99.82     0.000000 
    99.82     0.000000 
    46.76     0.317173 
    54.28     0.208393 
    99.82     0.000000 
    59.11     0.153661 
    21.11     1.224845 
    24.95     0.978682 
    99.82     0.000000 
    20.45     1.271409 
    21.67     1.182063 
    59.79     0.146610 
    99.82     0.000000 
    99.82     0.000000 
    99.82     0.000000 
    46.10     0.328858 
    25.17     0.963419 
    49.80     0.268659 
    64.90     0.104156 
    46.73     0.318047 
    23.22     1.077435 
    25.06     0.968638 
    99.82     0.000000 
    99.82     0.000000 
    71.86     0.063573 
    30.24     0.734253 
    56.79     0.178212 
    47.17     0.309043 
    25.63     0.940549 
    44.28     0.359537 
    99.83     0.000000 
    99.82     0.000000 
    99.82     0.000000 
    46.48     0.320883 
    31.15     0.698889 
    99.82     0.000000 
    99.82     0.000000 
    99.82     0.000000 
    39.55     0.457858 
    99.82     0.000000 
    99.82     0.000000 
    35.93     0.547754 
    99.82     0.000000 
    80.42     0.031974 
    99.82     0.000000 
    46.95     0.313515 
    99.82     0.000000 
    99.82     0.000000 
    39.92     0.450286 
    99.50     0.001815 
    99.82     0.000000 
    99.82     0.000000 
    47.10     0.310830 
    32.45     0.654803 
    66.82     0.090806 
    44.55     0.355471 
    64.17     0.109125 
    51.56     0.244454 
    43.39     0.377852 
    99.82     0.000000 
    99.82     0.000000 
    99.82     0.000000 
    67.86     0.084672 
    99.82     0.000000 
    99.82     0.000000 
    99.82     0.000000 
    50.30     0.261715 
    99.82     0.000000 
    47.09     0.311171 
    51.08     0.250374 
    99.82     0.000000 
    59.66     0.148047 
    46.17     0.327125 
    77.90     0.039787 
    99.82     0.000000 
    99.82     0.000000 
    74.38     0.052759 
    57.38     0.171389 
    95.76     0.007345 
    69.92     0.073064 
    99.83     0.000000 
    68.12     0.083361 
    99.82     0.000000 
    63.92     0.110819 
    99.82     0.000000 
    89.01     0.015099 
    99.82     0.000000 
    99.82     0.000000 
    99.82     0.000000 
    99.82     0.000000 
    87.44     0.017295 
    86.22     0.019214 
    81.84     0.028158 
    85.89     0.019774 
    99.82     0.000000 
    99.82     0.000000 
    99.82     0.000000 
    32.16     0.664558 
    43.66     0.371836 
    99.82     0.000000 
    99.82     0.000000 
    99.83     0.000000 
    26.92     0.875785 
    18.80     1.416593 
    99.82     0.000000 
    99.82     0.000000 
    99.82     0.000000 
    28.37     0.808464 
    99.82     0.000000 
    38.31     0.487541 
    33.93     0.607992 
    99.82     0.000000 
    99.82     0.000000 
    34.63     0.584519 
    31.53     0.686949 
    31.96     0.669883 
    22.43     1.131476 
    99.82     0.000000 
    99.82     0.000000 
    23.19     1.079180 
    99.82     0.000000 
    99.82     0.000000 
    38.77     0.475431 
    29.51     0.762551 
    99.82     0.000000 
    28.34     0.810920 
    57.68     0.168853 
    99.82     0.000000 
    30.31     0.730800 
    99.82     0.000000 
    99.82     0.000000 
    46.36     0.323037 
    29.80     0.751462 
    68.88     0.078720 
    59.80     0.146465 
    24.79     0.985693 
    99.83     0.000000 
    99.82     0.000000 
    32.23     0.661300 
    99.82     0.000000 
    31.31     0.694672 
    99.82     0.000000 
    38.86     0.473464 
    99.82     0.000000 
    44.19     0.362296 
    43.69     0.370908 
    99.82     0.000000 
    99.83     0.000000 
    78.77     0.036942 
    56.09     0.185925 
    32.56     0.649815 
    52.86     0.225985 
    99.82     0.000000 
    99.82     0.000000 
    99.82     0.000000 
    99.82     0.000000 
    99.82     0.000000 
    61.91     0.127209 
    99.82     0.000000 
    99.83     0.000000 
    66.90     0.090196 
    51.05     0.251008 
    37.64     0.503321 
    38.46     0.483481 
    99.82     0.000000 
    99.82     0.000000 
    79.95     0.033304 
    99.82     0.000000 
    69.31     0.076436 
    51.77     0.241108 
    99.82     0.000000 
    99.82     0.000000 
    58.37     0.161213 
    68.73     0.079651 
    99.83     0.000000 
    99.82     0.000000 
    99.82     0.000000 
    58.36     0.161366 
    57.59     0.169656 
    69.96     0.072835 
    57.72     0.168559 
    76.38     0.045042 
    60.22     0.142322 
    63.57     0.113874 
    99.83     0.000000 
    56.50     0.181526 
    82.91     0.025684 
    88.17     0.016240 
    85.65     0.020144 
    99.82     0.000000 
    98.05     0.004521 
    99.82     0.000000 
    99.82     0.000000 
    99.66     0.001306 
    91.03     0.012616 
    83.38     0.024638 
    99.82     0.000000 
    21.72     1.178506 
    24.59     0.998396 
    99.82     0.000000 
    59.56     0.149364 
    22.65     1.112374 
    99.82     0.000000 
    20.54     1.270055 
    10.58     2.732977 
     9.74     3.000000 
     9.74     3.000000 
    10.18     2.841897 
    13.99     2.016085 
     9.74     3.000000 
     9.74     3.000000 
    12.35     2.320795 
    18.46     1.452896 
    19.54     1.349900 
    27.19     0.862429 
    99.82     0.000000 
    99.83     0.000000 
    40.67     0.433769 
    38.24     0.489646 
    27.82     0.834265 
    26.31     0.903358 
    17.33     1.566954 
    11.47     2.501997 
     9.74     3.000000 
    10.88     2.654406 
     9.74     3.000000 
     9.74     3.000000 
     9.74     3.000000 
    10.89     2.649291 
    14.65     1.901119 
    14.65     1.901154 
    12.36     2.300087 
     9.74     3.000000 
     9.74     3.000000 
     9.74     3.000000 
    13.99     2.008956 
    11.04     2.605692 
    12.66     2.245278 
    12.84     2.209807 
    15.52     1.787368 
    24.17     1.021692 
    16.51     1.657635 
    15.38     1.808417 
    11.92     2.405324 
    17.28     1.572790 
    29.24     0.773785 
    21.63     1.187407 
    33.54     0.619677 
    36.97     0.520131 
    50.07     0.265773 
    30.10     0.738546 
    99.82     0.000000 
    99.83     0.000000 
    44.22     0.361088 
    99.83     0.000000 
    58.16     0.163422 
    40.28     0.442120 
    99.82     0.000000 
    52.54     0.230760 
    99.82     0.000000 
    56.72     0.179232 
    89.57     0.014378 
    99.82     0.000000 
    52.19     0.235042 
    40.35     0.439550 
    68.93     0.078392 
    47.17     0.309051 
    99.82     0.000000 
    99.82     0.000000 
    99.82     0.000000 
    99.82     0.000000 
    99.82     0.000000 
    49.79     0.268941 
    68.30     0.082157 
    62.65     0.121422 
    99.82     0.000000 
    48.30     0.291407 
    99.82     0.000000 
    99.82     0.000000 
    99.82     0.000000 
    99.82     0.000000 
    99.82     0.000000 
    99.82     0.000000 
    99.82     0.000000 
    99.82     0.000000 
    77.30     0.041757 
    99.82     0.000000 
    99.82     0.000000 
    99.82     0.000000 
    85.44     0.020532 
    99.82     0.000000 
    99.82     0.000000 
    99.82     0.000000 
    90.20     0.013619 
    83.40     0.024598 
    95.87     0.007220 
    99.82     0.000000 
    99.82     0.000000 
    99.82     0.000000 
    20.00     1.312631 
    40.06     0.445851 
    56.11     0.185515 
    99.82     0.000000 
    99.82     0.000000 
    99.82     0.000000 
    30.24     0.734411 
    99.82     0.000000 
    56.51     0.181479 
    74.18     0.053607 
    37.25     0.514008 
    62.48     0.123047 
    35.16     0.570374 
    99.82     0.000000 
    99.82     0.000000 
    99.82     0.000000 
    99.82     0.000000 
    21.89     1.165802 
    99.82     0.000000 
    29.03     0.782062 
    30.35     0.728093 
    68.78     0.079383 
    29.34     0.767877 
    77.41     0.041357 
    42.66     0.391425 
    99.82     0.000000 
    41.78     0.409051 
    32.49     0.651941 
    99.83     0.000000 
    99.82     0.000000 
    66.66     0.091847 
    26.66     0.889393 
    38.50     0.481408 
    41.28     0.419091 
    99.83     0.000000 
    32.15     0.665144 
    99.82     0.000000 
    53.43     0.218882 
    99.82     0.000000 
    99.82     0.000000 
    30.11     0.736463 
    99.82     0.000000 
    39.96     0.448115 
    99.82     0.000000 
    29.04     0.780605 
    99.82     0.000000 
    67.93     0.084199 
    99.82     0.000000 
    32.76     0.644307 
    99.82     0.000000 
    99.82     0.000000 
    33.94     0.606845 
    99.82     0.000000 
    99.82     0.000000 
    33.29     0.627992 
    32.45     0.654653 
    99.82     0.000000 
    99.82     0.000000 
    99.82     0.000000 
    99.82     0.000000 
    57.82     0.167164 
    43.12     0.382454 
    62.14     0.125150 
    99.82     0.000000 
    99.82     0.000000 
    94.68     0.008553 
    80.48     0.031817 
    99.82     0.000000 
    99.82     0.000000 
    99.82     0.000000 
    99.82     0.000000 
    99.82     0.000000 
    44.60     0.355182 
    67.48     0.086659 
    99.82     0.000000 
    47.31     0.308464 
    81.72     0.028479 
    66.20     0.094880 
    70.10     0.072136 
    99.82     0.000000 
    99.82     0.000000 
    99.82     0.000000 
    99.82     0.000000 
    75.42     0.048739 
    73.08     0.058226 
    73.72     0.055555 
    99.82     0.000000 
    99.82     0.000000 
    70.87     0.068250 
    99.82     0.000000 
    82.28     0.027170 
    99.82     0.000000 
    94.51     0.008739 
    96.00     0.007088 
    83.98     0.023363 
    83.03     0.025412 
    83.23     0.024911 
    99.82     0.000000 
    99.82     0.000000 
    99.82     0.000000 
    99.82     0.000000 
    99.82     0.000000 
    48.74     0.284897 
    53.74     0.214418 
    99.82     0.000000 
    36.23     0.540987 
    40.31     0.441376 
    99.82     0.000000 
    99.82     0.000000 
    27.39     0.854616 
    99.82     0.000000 
    35.80     0.552393 
    59.76     0.147054 
    34.56     0.587856 
    99.82     0.000000 
    99.82     0.000000 
    99.82     0.000000 
    99.83     0.000000 
    99.82     0.000000 
    25.43     0.948721 
    43.28     0.378349 
    34.47     0.591472 
    42.42     0.396461 
    27.61     0.843308 
    99.82     0.000000 
    27.56     0.846418 
    52.63     0.229229 
    99.82     0.000000 
    55.59     0.191955 
    99.82     0.000000 
    28.14     0.819281 
    32.65     0.648963 
    39.69     0.453936 
    27.56     0.846914 
    58.75     0.157146 
    37.19     0.515256 
    43.78     0.369475 
    99.82     0.000000 
    99.82     0.000000 
    27.46     0.849310 
    53.33     0.220537 
    28.51     0.805306 
    32.38     0.657145 
    99.82     0.000000 
    44.53     0.356205 
    64.39     0.107262 
    29.13     0.776759 
    29.34     0.768749 
    99.82     0.000000 
    99.82     0.000000 
    99.82     0.000000 
    99.82     0.000000 
    99.82     0.000000 
    72.02     0.062745 
    99.82     0.000000 
    39.67     0.454743 
    99.82     0.000000 
    99.82     0.000000 
    99.82     0.000000 
    99.82     0.000000 
    53.88     0.212850 
    45.21     0.343956 
    99.82     0.000000 
    99.82     0.000000 
    99.82     0.000000 
    41.34     0.418186 
    99.82     0.000000 
    54.72     0.202518 
    55.82     0.189340 
    99.82     0.000000 
    99.82     0.000000 
    99.82     0.000000 
    99.82     0.000000 
    99.83     0.000000 
    99.82     0.000000 
    61.58     0.130239 
    68.37     0.081882 
    99.82     0.000000 
    99.82     0.000000 
    99.82     0.000000 
    99.82     0.000000 
    99.82     0.000000 
    72.85     0.059289 
    99.82     0.000000 
    99.82     0.000000 
    99.82     0.000000 
    73.79     0.055239 
    99.82     0.000000 
    62.73     0.120610 
    68.35     0.081954 
    83.43     0.024545 
    84.10     0.023132 
    99.82     0.000000 
    99.82     0.000000 
    99.83     0.000000 
    83.06     0.025319 
    84.22     0.022884 
    99.82     0.000000 
    99.82     0.000000 
    85.69     0.020083 
    99.82     0.000000 
    99.82     0.000000 
    99.82     0.000000 
    99.82     0.000000 
    99.82     0.000000 
    26.26     0.907142 
    99.82     0.000000 
    99.82     0.000000 
    98.71     0.003490 
    31.15     0.698648 
    32.12     0.666450 
    99.82     0.000000 
    44.70     0.352266 
    99.82     0.000000 
    99.82     0.000000 
    28.37     0.808220 
    99.82     0.000000 
    99.82     0.000000 
    99.82     0.000000 
    99.82     0.000000 
    99.82     0.000000 
    41.22     0.420914 
    25.23     0.960144 
    30.99     0.706436 
    57.01     0.175841 
    63.91     0.110964 
    25.69     0.935314 
    99.82     0.000000 
    36.79     0.526411 
    99.83     0.000000 
    58.97     0.155320 
    99.82     0.000000 
    52.53     0.230854 
    28.77     0.791945 
    36.15     0.542837 
    99.82     0.000000 
    99.82     0.000000 
    99.82     0.000000 
    99.82     0.000000 
    25.50     0.945620 
    31.05     0.703257 
    99.82     0.000000 
    58.40     0.160717 
    42.66     0.391441 
    28.07     0.823243 
    99.82     0.000000 
    31.11     0.700122 
    80.37     0.032121 
    99.83     0.000000 
    99.82     0.000000 
    99.82     0.000000 
    99.82     0.000000 
    99.82     0.000000 
    99.82     0.000000 
    41.12     0.423426 
    37.18     0.515950 
    99.82     0.000000 
    99.82     0.000000 
    72.48     0.060617 
    99.82     0.000000 
    45.51     0.338823 
    47.64     0.302151 
    99.82     0.000000 
    99.82     0.000000 
    94.13     0.009153 
    99.82     0.000000 
    47.59     0.302998 
    99.82     0.000000 
    91.62     0.011944 
    99.82     0.000000 
    99.82     0.000000 
    47.50     0.305162 
    99.82     0.000000 
    60.99     0.135749 
    99.82     0.000000 
    61.52     0.130716 
    99.83     0.000000 
    51.36     0.245823 
    56.64     0.180326 
    62.27     0.124649 
    99.82     0.000000 
    60.07     0.144044 
    99.82     0.000000 
    99.82     0.000000 
    99.82     0.000000 
    99.82     0.000000 
    99.82     0.000000 
    76.78     0.043603 
    99.82     0.000000 
    59.25     0.152513 
    68.46     0.081301 
    99.82     0.000000 
    82.11     0.027610 
    84.63     0.022055 
    99.82     0.000000 
    94.98     0.008222 
    99.82     0.000000 
    98.47     0.003877 
    83.29     0.024823 
    99.82     0.000000 
    88.59     0.015657 
    99.82     0.000000 
    79.11     0.035815 
    99.82     0.000000 
    99.82     0.000000 
    38.35     0.486567 
    46.13     0.327948 
    20.96     1.232496 
    16.57     1.647986 
    27.40     0.852559 
    99.82     0.000000 
    22.61     1.117701 
    11.93     2.402068 
    12.66     2.253518 
    35.94     0.547222 
    17.68     1.528529 
    10.18     2.837965 
    12.51     2.273422 
    16.08     1.707374 
    17.99     1.495867 
    58.01     0.165297 
    23.99     1.028479 
    63.14     0.117236 
    99.82     0.000000 
    99.82     0.000000 
    99.82     0.000000 
    24.61     0.993908 
    99.82     0.000000 
    99.82     0.000000 
    99.82     0.000000 
    23.61     1.053071 
    99.82     0.000000 
    25.50     0.945429 
    99.82     0.000000 
    99.82     0.000000 
    99.82     0.000000 
    39.41     0.462406 
    24.60     0.995886 
    18.69     1.427402 
    39.98     0.447743 
    20.36     1.282416 
    99.82     0.000000 
    40.84     0.429373 
    37.30     0.511795 
    41.20     0.421412 
    39.95     0.448691 
    99.82     0.000000 
    99.82     0.000000 
    99.82     0.000000 
    99.83     0.000000 
    29.31     0.770095 
    45.99     0.329468 
    99.82     0.000000 
    99.82     0.000000 
    99.82     0.000000 
    99.82     0.000000 
    65.38     0.100474 
    58.91     0.155930 
    38.61     0.480781 
    62.62     0.121791 
    63.31     0.115799 
    39.68     0.454475 
    99.82     0.000000 
    40.73     0.431716 
    99.82     0.000000 
    66.40     0.093618 
    48.29     0.291732 
    40.87     0.427661 
    44.25     0.360521 
    99.82     0.000000 
    99.82     0.000000 
    38.24     0.489543 
    99.82     0.000000 
    44.68     0.352618 
    55.98     0.187447 
    99.82     0.000000 
    99.82     0.000000 
    61.43     0.131780 
    99.82     0.000000 
    48.78     0.284462 
    99.83     0.000000 
    53.99     0.210946 
    86.54     0.018694 
    99.82     0.000000 
    94.20     0.009079 
    65.11     0.102588 
    63.29     0.115945 
    95.23     0.007953 
    99.82     0.000000 
    99.83     0.000000 
    99.82     0.000000 
    99.83     0.000000 
    99.82     0.000000 
    99.82     0.000000 
    81.25     0.029667 
    99.82     0.000000 
    99.82     0.000000 
    85.11     0.021128 
    86.96     0.018028 
    99.82     0.000000 
    82.84     0.025833 
    93.23     0.010145 
    99.82     0.000000 
    99.82     0.000000 
    52.45     0.231926 
    89.72     0.014177 
    35.15     0.570889 
    99.82     0.000000 
    33.72     0.612963 
    25.63     0.940397 
    34.94     0.575790 
    99.82     0.000000 
    21.88     1.166925 
    23.16     1.081825 
    99.82     0.000000 
    99.82     0.000000 
    27.19     0.862536 
    91.74     0.011803 
    25.80     0.931932 
    99.82     0.000000 
    99.83     0.000000 
    34.62     0.584767 
    55.94     0.187925 
    99.82     0.000000 
    99.82     0.000000 
    99.82     0.000000 
    99.82     0.000000 
    99.82     0.000000 
    23.54     1.059530 
    31.62     0.683388 
    99.82     0.000000 
    99.82     0.000000 
    99.82     0.000000 
    76.74     0.043784 
    99.83     0.000000 
    33.42     0.621901 
    99.82     0.000000 
    99.82     0.000000 
    99.82     0.000000 
    49.63     0.271443 
    99.82     0.000000 
    99.82     0.000000 
    99.82     0.000000 
    88.04     0.016423 
    80.10     0.032850 
    99.82     0.000000 
    29.34     0.767876 
    56.99     0.176085 
    34.55     0.588700 
    99.82     0.000000 
    99.82     0.000000 
    99.82     0.000000 
    99.82     0.000000 
    99.82     0.000000 
    51.90     0.238793 
    39.22     0.464611 
    99.82     0.000000 
    57.74     0.168301 
    59.27     0.152299 
    99.82     0.000000 
    99.82     0.000000 
    99.82     0.000000 
    46.32     0.324295 
    99.83     0.000000 
    99.82     0.000000 
    59.35     0.151175 
    99.82     0.000000 
    99.83     0.000000 
    99.82     0.000000 
    99.82     0.000000 
    99.82     0.000000 
    99.82     0.000000 
    65.94     0.096686 
    57.76     0.167939 
    99.82     0.000000 
    99.82     0.000000 
    44.67     0.353177 
    99.82     0.000000 
    99.82     0.000000 
    99.83     0.000000 
    99.82     0.000000 
    99.82     0.000000 
    91.47     0.012098 
    99.82     0.000000 
    99.82     0.000000 
    59.42     0.150476 
    99.82     0.000000 
    99.82     0.000000 
    63.62     0.113467 
    99.82     0.000000 
    59.01     0.154846 
    99.83     0.000000 
    99.82     0.000000 
    99.82     0.000000 
    82.29     0.027153 
    99.82     0.000000 
    99.83     0.000000 
    99.82     0.000000 
    99.82     0.000000 
    99.82     0.000000 
    99.82     0.000398 
    82.85     0.025783 
    91.75     0.011774 
    99.82     0.000000 
    99.83     0.000000 
    99.82     0.000000 
    99.83     0.000000 
    99.82     0.000000 
    99.82     0.000000 
    23.79     1.041542 
    19.54     1.351062 
    99.82     0.000000 
    99.82     0.000000 
    23.61     1.055313 
    99.82     0.000000 
    26.36     0.902154 
    99.82     0.000000 
    99.82     0.000000 
    20.06     1.304984 
    28.83     0.789322 
    28.74     0.796114 
    32.15     0.665519 
    42.72     0.389785 
    39.10     0.467598 
    99.82     0.000000 
    99.82     0.000000 
    99.82     0.000000 
    73.32     0.057308 
    27.19     0.862544 
    39.46     0.460376 
    72.42     0.060910 
    66.02     0.096075 
    22.82     1.101320 
    40.46     0.437269 
    29.05     0.779726 
    99.82     0.000000 
    33.41     0.622317 
    99.82     0.000000 
    41.99     0.405815 
    99.82     0.000000 
    29.82     0.750131 
    45.09     0.346108 
    32.24     0.660351 
    99.82     0.000000 
    53.32     0.220833 
    29.50     0.763844 
    99.82     0.000000 
    99.82     0.000000 
    99.82     0.000000 
    99.82     0.000000 
    99.83     0.000000 
    99.82     0.000000 
    36.64     0.528413 
    30.49     0.725499 
    99.82     0.000000 
    37.19     0.515097 
    99.82     0.000000 
    99.82     0.000000 
    99.82     0.000000 
    99.82     0.000000 
    41.87     0.407001 
    99.82     0.000000 
    99.82     0.000000 
    99.82     0.000000 
    99.82     0.000000 
    99.82     0.000000 
    99.83     0.000000 
    99.83     0.000000 
    54.27     0.208703 
    38.38     0.484612 
    52.90     0.225331 
    48.02     0.296549 
    79.36     0.035092 
    42.53     0.394357 
    66.56     0.092586 
    51.91     0.238664 
    99.82     0.000000 
    99.82     0.000000 
    48.08     0.295384 
    55.06     0.198018 
    45.24     0.342627 
    56.14     0.185049 
    99.83     0.000000 
    99.82     0.000000 
    99.82     0.000000 
    65.02     0.103304 
    76.75     0.043730 
    69.00     0.078058 
    59.75     0.147090 
    99.82     0.000000 
    99.82     0.000000 
    58.06     0.164620 
    99.82     0.000000 
    62.16     0.124954 
    90.06     0.013791 
    99.82     0.000000 
    99.82     0.000000 
    99.82     0.000000 
    99.82     0.000000 
    84.81     0.021688 
    92.71     0.010711 
    98.63     0.003630 
    91.10     0.012530 
    83.67     0.024014 
    99.83     0.000000 
    27.81     0.834745 
    23.35     1.071599 
    24.54     1.000168 
    38.77     0.475463 
    24.17     1.020230 
    16.66     1.644230 
    10.00     2.901461 
    11.77     2.437580 
    14.19     1.969819 
    33.83     0.611432 
    54.29     0.208180 
    28.35     0.810111 
    99.82     0.000000 
    42.51     0.395147 
    30.10     0.738875 
    62.56     0.122213 
    34.02     0.603274 
    99.82     0.000000 
    99.82     0.000000 
    56.53     0.181390 
    21.12     1.223364 
    16.17     1.701614 
    19.90     1.320783 
    12.52     2.271355 
    11.92     2.404809 
    11.17     2.577320 
    11.72     2.451327 
    10.79     2.672755 
     9.74     3.000000 
    13.53     2.087947 
     9.89     2.946042 
    10.00     2.905486 
    11.77     2.434384 
    13.26     2.129153 
    10.49     2.749687 
    11.46     2.509415 
     9.74     3.000000 
     9.75     2.987240 
    10.48     2.763920 
     9.89     2.947336 
     9.74     3.000000 
    10.03     2.896269 
     9.74     3.000000 
    11.30     2.551736 
    11.46     2.512098 
    13.24     2.146195 
    18.54     1.437371 
    33.29     0.627605 
    99.82     0.000000 
    99.82     0.000000 
    48.00     0.296985 
    41.72     0.410881 
    99.82     0.000000 
    44.86     0.349182 
    33.93     0.607468 
    99.82     0.000000 
    99.82     0.000000 
    99.82     0.000000 
    69.40     0.076000 
    56.71     0.179438 
    43.27     0.378925 
    99.83     0.000000 
    73.34     0.057188 
    49.07     0.279543 
    53.06     0.223349 
    53.98     0.211129 
    39.94     0.449284 
    50.07     0.265743 
    76.92     0.043096 
    99.82     0.000000 
    99.82     0.000000 
    99.82     0.000000 
    49.38     0.275588 
    99.82     0.000000 
    99.82     0.000000 
    99.82     0.000000 
    99.82     0.000000 
    99.83     0.000000 
    52.38     0.232851 
    99.83     0.000000 
    99.82     0.000000 
    59.43     0.150376 
    59.04     0.154378 
    65.56     0.099495 
    99.82     0.000000 
    56.63     0.180413 
    89.48     0.014487 
    66.79     0.090981 
    87.06     0.017853 
    99.83     0.000000 
    89.59     0.014354 
    99.82     0.000000 
    93.14     0.010228 
    81.64     0.028685 
    81.15     0.029946 
    99.83     0.000000 
    93.65     0.009690 
    96.41     0.006607 
    85.55     0.020329 
    99.82     0.000000 
    99.82     0.000000 
    99.82     0.000000 
    99.82     0.000000 
    23.54     1.059680 
    22.99     1.092956 
    35.25     0.567832 
    99.83     0.000000 
    99.82     0.000000 
    20.10     1.300152 
    23.96     1.035050 
    99.82     0.000000 
    99.82     0.000000 
    25.42     0.950593 
    20.25     1.291395 
    99.82     0.000000 
    73.04     0.058441 
    40.00     0.447004 
    99.82     0.000000 
    99.82     0.000000 
    24.95     0.978113 
    99.82     0.000000 
    99.82     0.000000 
    99.82     0.000000 
    99.82     0.000000 
    52.15     0.235065 
    99.82     0.000000 
    99.83     0.000000 
    27.12     0.866554 
    99.83     0.000000 
    99.82     0.000000 
    99.82     0.000000 
    99.83     0.000000 
    99.82     0.000000 
    99.82     0.000000 
    99.82     0.000000 
    99.82     0.000000 
    99.82     0.000000 
    99.82     0.000000 
    99.82     0.000000 
    25.43     0.949274 
    99.82     0.000000 
    30.51     0.723851 
    32.96     0.638574 
    99.82     0.000000 
    99.83     0.000000 
    99.82     0.000000 
    99.82     0.000000 
    99.82     0.000000 
    99.82     0.000000 
    99.82     0.000000 
    99.82     0.000000 
    39.10     0.468253 
    40.33     0.440256 
    63.32     0.115645 
    99.82     0.000000 
    99.82     0.000000 
    32.49     0.652112 
    35.09     0.573618 
    88.15     0.016259 
    99.82     0.000000 
    99.82     0.000000 
    99.82     0.000000 
    99.82     0.000000 
    51.20     0.248845 
    99.82     0.000000 
    99.82     0.000000 
    99.82     0.000000 
    44.81     0.350099 
    99.82     0.000000 
    41.12     0.423645 
    99.82     0.000000 
    61.53     0.130657 
    45.97     0.329798 
    99.82     0.000000 
    96.53     0.006457 
    99.83     0.000000 
    44.86     0.349017 
    48.16     0.294401 
    57.03     0.175446 
    60.68     0.138586 
    99.82     0.000000 
    99.82     0.000000 
    55.66     0.191300 
    99.82     0.000000 
    56.01     0.187033 
    71.26     0.066255 
    99.82     0.000000 
    99.82     0.000000 
    99.82     0.000000 
    75.71     0.047579 
    59.18     0.153271 
    90.95     0.012710 
    82.19     0.027384 
    99.82     0.000000 
    99.82     0.000000 
    81.21     0.029793 
    99.82     0.000000 
    96.40     0.006626 
    88.40     0.015923 
    99.82     0.000000 
    98.96     0.003058 
