constructTestCases(): generating 11 specified cases ...  DONE
Procedure Optimizer.Optimize()
Oracle probabilites : disabled
Optimizer(): Simulated Annealing , Random-normalized optimality [%]
Optimizer(): config:  [[0.0], [2.5], [], 10, 10, 0.75, 0.01, 0.5, 0.01]
Optimizer(): selective: [  0  ]
Optimizer(): evals/step: 50
Optimizer(): numParams: 1 , completeRepeats: 100
MABsolver_config: algorithms: UCBtuned , CP Disabled , CPT Davor , Reset AllMovingCutoff
MABsolver_config: params: types:  Direct  Direct  Direct  Direct  Direct  
MABsolver_config: params: numInputs:  0  0  0  0  0  
MABsolver_config: params: weights:  [  0.770000  ]  [  2.000000  ]  [  1.000000  ]  [  50.000000  ]  [  1.000000  ]  
BanditTestBatch: casesIDs:  0  1  2  3  4  5  6  7  8  9  
BanditTestBatch: numCases: 10
BanditTestBatch: maxim sum reward: 3919.0
BanditTestBatch: random reward: 2805.0
 Evals       Score          p00       case01    case02    case03    case04    case05    case06    case07    case08    case09    case10 
     1       53.22      0.77000        91.72     67.04     74.40     28.43     -5.44     42.12     53.35     59.10     88.34     33.14 
     2       45.97      0.28588        36.16     92.43     75.36     28.11     17.56      4.58     32.68     30.12     84.32     58.36 
     3       50.25      0.99844        80.04     60.72     65.36     12.85      9.11     52.20     52.33     57.77     89.65     22.48 
     4       48.33      0.55170        75.12     76.40     85.68     16.16    -11.00     13.68     54.14     49.58     83.57     39.96 
     5       19.80      0.03597        50.92     33.44     17.64     13.23     -8.00     -2.16     -3.24      8.98     89.93     -2.78 
     6       48.98      0.38520        76.68     86.83     64.44     21.76     21.22     -1.76     43.41     38.49     85.21     53.49 
     7       43.63      0.24463        33.12     89.71     59.92     39.36     10.22      0.22     37.21     24.09     87.08     55.37 
     8       43.45      0.18128        51.76     92.11     49.00     43.68     21.67      0.92     15.51     22.58     88.60     48.67 
     9       50.99      0.58750        84.88     76.85     75.92      9.33      4.78     28.00     49.79     53.00     88.43     38.91 
    10       51.92      0.57239        75.52     78.40     79.04     17.71     17.67     16.80     48.21     52.34     90.35     43.14 
    11       44.35      0.23568        59.72     88.05     52.12     37.97      6.78      3.08     28.70     24.95     88.27     53.85 
    12       47.19      0.38872        63.32     81.23     67.84     35.73    -11.56      6.14     41.86     41.75     90.45     55.17 
    13       48.68      0.51571        67.52     77.23     77.88     19.15      2.00      9.50     49.52     48.44     90.90     44.67 
    14       48.70      0.34769        63.20     93.89     68.96     28.00     13.56     -2.54     40.70     31.64     89.53     60.09 
    15       51.28      0.55057        76.60     72.40     85.76     24.00      7.67     15.80     51.32     49.05     90.06     40.17 
    16       49.74      0.36901        71.52     87.09     69.28     22.99     20.11      7.90     39.97     35.11     89.80     53.59 
    17       49.65      0.92135        82.28     65.68     61.48      8.96     -3.67     53.28     56.89     56.77     89.27     25.59 
    18       51.19      1.26665        86.44     61.01     58.64      9.92      8.00     66.06     55.49     58.52     88.00     19.86 
    19       45.16      1.78275        84.56     45.15     39.08      9.07     -3.00     72.42     41.00     59.05     90.11     14.21 
    20       45.25      1.81900        71.80     50.43     47.36      6.99     -7.44     69.72     47.59     59.59     91.86     14.64 
    21       44.06      1.73074        77.72     48.83     46.92      2.29    -13.78     71.66     45.35     59.16     89.16     13.32 
    22       45.28      1.83924        75.64     46.29     43.84      8.16      9.11     69.26     42.00     58.76     85.97     13.79 
    23       44.69      1.87443        78.88     42.43     43.40      5.65      1.33     68.48     43.35     61.32     88.46     13.57 
    24       41.81      2.13021        77.28     35.12     43.28      5.07      0.78     68.56     40.02     57.90     80.12      9.95 
    25       44.84      1.75265        84.16     44.72     42.88      6.99    -14.11     70.46     42.98     62.11     92.20     15.98 
    26       39.45      2.02009        69.92     39.71     40.88     -1.65    -14.78     66.62     40.22     61.74     81.18     10.63 
    27       39.63      2.26563        72.08     41.60     33.44      0.48     -3.22     67.96     32.75     60.51     79.48     11.21 
    28       41.07      2.14965        73.36     36.32     37.92      7.31     -7.11     68.72     39.33     62.79     79.14     12.90 
    29       40.53      2.22659        70.08     44.32     33.48     -4.53     -3.67     70.20     44.24     60.38     80.02     10.83 
    30       39.73      2.18765        66.60     46.56     32.48      8.85     -6.44     65.06     38.65     59.51     77.04      8.98 
    31       45.22      1.77364        83.84     42.85     45.52      7.68     -6.67     69.46     43.30     61.24     90.52     14.48 
    32       44.98      2.01649        80.04     40.96     42.36     17.97      6.44     69.14     38.44     61.68     80.93     11.84 
    33       44.50      1.94814        73.36     47.44     36.76      2.61     10.67     70.40     46.52     59.84     85.61     11.81 
    34       45.17      1.81907        75.12     46.03     44.92      5.55     -8.78     76.34     47.22     59.42     89.10     16.77 
    35       44.66      1.91743        75.80     46.69     43.60     11.09      4.67     67.10     43.49     61.05     82.86     10.28 
    36       47.57      1.67393        80.28     51.44     44.64     12.69     -1.56     66.66     54.27     60.68     91.27     15.36 
    37       43.36      1.89091        81.12     49.41     42.84     -0.48    -15.22     66.78     49.97     61.46     87.37     10.38 
    38       44.70      1.92935        73.80     43.60     32.08     14.51     12.67     69.48     45.59     58.44     85.07     11.80 
    39       40.31      2.27042        73.44     39.60     30.28      6.56      6.00     67.24     31.98     60.73     75.95     11.27 
    40       39.78      2.30236        67.72     39.81     39.84      7.63    -13.11     60.58     42.22     61.35     77.94     13.79 
    41       42.21      2.13981        72.08     37.36     43.40      9.23     -0.22     67.40     40.95     60.81     80.38     10.67 
    42       41.92      2.11793        66.16     38.53     39.96     13.71     -2.78     68.58     42.10     59.02     81.03     12.86 
    43       43.98      1.88295        74.68     47.36     41.96      4.91    -11.56     69.88     46.56     61.05     88.73     16.26 
    44       41.54      2.10750        73.08     42.51     37.80      1.07      2.44     68.96     40.41     60.63     80.02      8.47 
    45       46.57      1.84750        81.36     44.48     46.08     10.19      5.78     66.82     46.87     62.76     86.74     14.60 
    46       41.60      2.08199        61.76     40.48     39.60      3.79      7.67     62.28     46.48     60.18     81.61     12.20 
    47       40.79      2.17308        74.40     44.75     44.52     -1.71     -7.22     64.46     37.48     60.36     78.46     12.37 
    48       43.93      1.90553        75.28     48.16     44.48     -0.91      8.44     71.86     32.59     61.84     83.86     13.64 
    49       41.35      2.08958        68.12     41.49     31.16      6.29      8.78     63.72     37.67     63.58     81.14     11.56 
    50       40.13      2.07506        67.32     44.85     38.88      8.91    -17.67     64.98     39.79     59.24     82.90     12.14 
    51       44.69      1.92539        80.00     45.81     41.20     -2.24     12.56     67.68     44.40     62.27     83.61     11.57 
    52       45.43      1.83835        76.64     42.29     39.36      2.88     12.78     72.30     47.49     59.00     88.65     12.90 
    53       43.04      1.91896        75.56     42.03     39.44     -3.31     -1.11     69.46     42.87     62.09     87.28     16.11 
    54       43.27      1.91394        75.00     40.88     39.44     10.72     -0.89     68.08     41.62     59.98     86.51     11.36 
    55       43.28      1.68294        77.20     46.19     41.36      2.88    -10.67     68.34     41.83     59.96     93.53     12.14 
    56       47.76      1.69316        80.32     58.67     43.52      6.83      2.22     73.48     47.35     62.33     89.77     13.12 
    57       44.58      1.83643        78.56     45.47     39.36      9.87     -4.11     71.10     41.25     61.89     87.10     15.27 
    58       44.48      1.77105        75.16     45.92     41.24      4.91      1.22     70.98     43.63     58.92     87.37     15.44 
    59       47.21      1.78284        80.08     51.01     47.60      2.72      7.00     71.58     44.71     60.92     91.73     14.78 
    60       43.19      1.96435        73.48     37.01     41.56      8.32      1.00     71.08     39.89     60.37     84.11     15.09 
    61       47.33      1.77458        83.52     50.77     52.04     13.60     -1.33     64.54     44.95     58.89     90.02     16.31 
    62       47.76      1.71426        84.72     50.35     48.48      6.99      7.89     70.54     46.06     57.80     89.09     15.69 
    63       47.17      1.53582        84.12     51.76     57.12      7.73    -10.22     65.04     48.19     58.10     91.99     17.83 
    64       43.20      1.81755        72.72     41.44     36.92      6.67      4.67     67.96     42.84     60.70     89.02      9.07 
    65       46.92      1.65141        79.76     45.39     53.80      8.53      5.89     69.98     46.97     59.08     88.69     11.11 
    66       46.60      1.69880        81.92     51.55     41.40      9.87     -6.44     71.40     48.16     61.93     92.48     13.78 
    67       47.95      1.66910        75.44     46.03     51.56     11.31      8.44     70.48     49.38     61.43     90.40     15.07 
    68       49.65      1.62182        82.08     48.88     46.96     15.09      7.11     75.04     48.38     61.38     93.64     17.91 
    69       46.29      1.73996        81.32     43.71     42.48     12.32     -0.78     74.64     42.62     62.61     87.67     16.30 
    70       47.43      1.58075        79.04     50.75     48.20      5.92     -0.78     71.88     47.59     61.50     94.73     15.48 
    71       45.49      1.81838        83.48     46.69     53.20      4.43     -4.22     67.42     42.52     59.34     89.34     12.73 
    72       46.64      1.52111        68.72     52.00     47.76      6.72     -7.67     69.02     58.67     61.74     91.26     18.15 
    73       45.37      1.69358        82.64     45.55     44.72      6.51     -4.33     66.00     47.48     62.48     91.07     11.58 
    74       46.45      1.71294        80.60     45.79     47.88     12.53      3.67     69.84     42.11     60.60     91.00     10.44 
    75       49.06      1.65697        79.56     47.95     46.08     25.28      4.22     71.36     46.54     61.77     92.66     15.15 
    76       48.62      1.50427        83.88     53.25     51.20      7.36     11.89     68.52     47.71     59.05     89.32     13.98 
    77       47.76      1.53984        80.84     52.03     43.92      5.39     -1.00     81.52     45.46     60.65     90.66     18.17 
    78       47.48      1.46810        79.16     52.69     51.72      7.52     -0.11     66.80     51.87     61.12     91.11     12.94 
    79       48.10      1.32334        91.56     49.23     59.80      4.96     -7.33     65.74     50.41     61.21     90.23     15.19 
    80       50.58      1.44225        84.84     50.08     57.16     22.08      1.33     70.26     51.19     62.23     90.62     15.96 
    81       49.21      1.38350        85.40     52.69     55.08      8.16      2.11     70.96     46.73     62.58     88.73     19.60 
    82       44.31      1.50391        80.80     52.69     44.92      2.93    -13.44     63.72     44.46     60.45     91.85     14.75 
    83       49.32      1.39371        85.64     54.96     46.36     15.09     -0.67     70.68     49.03     60.81     91.24     20.07 
    84       48.67      1.50435        81.92     50.21     48.44      7.04      8.00     69.54     49.41     60.39     93.41     18.32 
    85       48.80      1.38641        85.76     50.37     48.60     15.31     -1.33     65.28     53.32     61.24     90.02     19.44 
    86       50.49      1.43338        82.08     58.24     52.56      9.33     15.11     67.54     51.87     60.72     91.68     15.78 
    87       45.99      1.49350        84.52     51.49     48.40      0.91      0.00     62.26     46.06     60.82     88.15     17.30 
    88       49.54      1.40557        81.36     53.68     58.80      7.73      8.78     74.32     50.89     58.04     88.20     13.59 
    89       46.45      1.42020        84.80     53.79     56.84     -5.87     -5.89     65.62     52.24     59.02     89.41     14.56 
    90       50.70      1.39015        86.68     56.35     52.56     16.91     19.56     60.66     49.03     60.09     86.00     19.20 
    91       48.82      1.45671        83.40     55.20     50.24     22.03    -10.56     68.66     50.59     59.86     90.15     18.58 
    92       48.22      1.46440        79.24     51.52     54.64      4.69      9.56     68.92     46.24     61.49     90.39     15.48 
    93       48.73      1.45528        83.48     49.31     50.52     16.53      5.22     68.82     50.60     58.90     87.48     16.47 
    94       50.88      1.46181        89.84     55.12     51.44     10.45     12.44     70.28     48.86     62.63     93.22     14.52 
    95       46.93      1.45394        84.88     52.37     51.12     11.47     -7.11     65.88     49.63     57.54     88.44     15.10 
    96       51.87      1.46848        86.60     51.44     56.68     12.85     20.00     70.88     52.46     59.99     90.49     17.32 
    97       49.55      1.45721        88.40     50.13     49.16     10.72      2.44     68.62     54.56     60.89     93.12     17.41 
    98       47.67      1.46353        84.20     53.95     42.80     -0.69      9.67     69.10     48.37     60.10     91.07     18.14 
    99       48.96      1.46826        82.52     50.56     56.04     10.29     -3.67     72.06     46.73     62.17     93.48     19.41 
   100       47.86      1.47662        84.12     51.25     52.44      9.07      0.11     67.16     49.13     61.25     88.90     15.19 
   101       46.71      1.47120        84.36     49.12     47.84      0.85     -6.89     73.18     49.38     59.91     91.34     18.04 
   102       46.94      1.46848        85.08     53.68     50.40     -2.03      1.78     64.88     47.13     59.70     91.40     17.36 
   103       46.23      1.51478        88.36     48.45     53.44      1.92    -10.89     71.62     42.79     59.85     92.85     13.89 
   104       47.68      1.51098        79.80     47.71     49.24     13.44      0.56     66.58     48.33     61.99     92.22     16.93 
   105       46.48      1.82185        82.28     41.65     43.20     10.08     13.67     69.22     44.05     58.34     90.50     11.78 
   106       46.36      1.80315        77.40     44.35     39.84     18.19      2.33     71.18     42.51     61.03     91.23     15.57 
   107       47.15      1.33062        82.76     51.23     54.40      3.20    -14.33     64.16     60.10     62.31     91.81     15.88 
   108       50.04      1.36518        78.84     61.07     50.04     17.60     -0.11     67.16     54.51     58.66     94.16     18.52 
   109       51.29      0.96835        89.36     64.77     69.32     -0.85     -3.22     65.72     57.06     58.82     86.63     25.26 
   110       49.80      1.14353        86.76     57.81     53.24      4.11     -0.22     64.32     60.87     62.99     87.45     20.70 
   111       54.31      0.69361        95.12     72.05     75.96     24.43      1.67     37.96     53.63     57.26     91.36     33.69 
   112       46.35      0.53239        81.60     73.04     70.44      6.40     -8.11     17.38     44.70     49.75     84.15     44.14 
   113       48.02      0.43695        69.76     83.41     80.92     20.75     -2.67      1.34     42.40     43.63     89.66     51.04 
   114       50.76      0.72608        92.16     72.59     71.48      9.39      2.56     29.74     52.24     52.97     90.84     33.62 
   115       48.41      0.75181        87.72     71.55     60.24     10.61     -6.56     33.86     48.44     59.42     88.24     30.62 
   116       42.40      0.21467        47.36     90.93     54.48     38.08     -2.78      4.16     26.65     25.77     86.57     52.75 
   117       49.52      1.14491        82.76     61.68     61.72      6.51     -5.78     65.62     54.56     59.68     88.13     20.31 
   118       50.09      1.27887        90.12     52.24     60.00      9.81      2.78     68.18     49.17     61.35     87.89     19.31 
   119       46.78      1.60384        82.04     48.21     46.72      7.04     -9.22     73.48     49.46     61.91     93.91     14.20 
   120       42.81      1.81244        73.36     49.28     41.60      1.81     -9.22     65.10     41.95     61.64     87.66     14.93 
   121       44.67      2.02106        78.12     41.25     38.16     10.93      6.22     74.54     40.11     62.83     82.98     11.59 
   122       38.74      2.36059        69.76     39.01     34.64     -8.69     10.67     62.72     34.57     60.01     75.85      8.89 
   123       45.31      1.91385        74.00     40.80     44.24      7.68      6.89     72.24     44.00     60.98     87.39     14.85 
   124       45.64      1.76548        73.00     50.64     48.60      1.33     -0.00     70.80     44.94     59.59     92.84     14.65 
   125       42.13      2.01863        81.56     41.57     36.80      1.60     -1.67     66.50     36.06     61.55     87.32     10.01 
   126       39.64      2.41137        72.04     37.95     34.08      1.97      0.33     67.40     37.05     60.58     72.57     12.43 
   127       43.27      2.16836        77.04     41.68     43.32      7.41     -5.33     71.02     37.92     62.85     81.08     15.68 
   128       40.10      2.40933        66.20     34.88     35.84     15.68     -3.78     73.40     34.81     59.21     73.86     10.89 
   129       44.35      1.85017        80.76     45.63     38.84     -0.11      1.78     67.68     43.86     61.60     88.48     14.99 
   130       42.36      2.24055        72.96     44.11     38.12      2.56      5.11     67.82     40.29     61.83     77.98     12.85 
   131       45.97      1.86076        82.32     38.29     46.08     11.63     -0.44     73.38     48.06     60.79     85.05     14.53 
   132       41.46      2.25150        70.72     37.97     41.16     -2.29     12.22     65.88     39.79     62.00     79.33      7.78 
   133       43.35      1.96498        72.56     44.83     40.80      6.61      2.44     66.96     40.78     61.55     84.32     12.68 
   134       43.15      2.04433        74.00     42.72     39.88     13.92      2.11     68.08     39.44     58.31     83.02     10.04 
   135       39.94      2.24783        79.00     32.11     40.00     -2.45     -4.11     65.52     38.75     61.87     78.95      9.73 
   136       46.74      1.73491        80.28     50.24     44.96     18.03     -5.11     71.64     44.78     59.97     88.49     14.12 
   137       46.55      1.66364        79.76     45.49     40.16     13.49      6.44     69.20     42.73     59.80     92.16     16.21 
   138       43.97      1.79310        77.44     43.92     47.44      6.45     -5.22     68.54     40.75     59.40     88.17     12.77 
   139       46.11      1.65131        87.76     46.00     48.16      2.99      1.89     66.66     43.63     58.10     92.02     13.93 
   140       50.58      1.23376        83.72     62.56     58.60     17.76     -8.78     62.76     54.00     62.96     91.55     20.63 
   141       53.04      0.99455        85.36     60.72     64.12     18.88     11.44     52.72     59.76     62.55     88.31     26.51 
   142       51.12      1.11713        83.36     60.32     61.72      7.47     14.67     58.54     51.62     60.27     92.75     20.46 
   143       51.49      0.90986        78.28     60.67     64.96     11.57     15.33     57.96     52.44     57.97     87.87     27.84 
   144       50.96      0.62102        79.96     79.76     77.00     20.32     -1.67     25.24     49.52     56.94     88.05     34.43 
   145       49.64      0.55457        68.64     80.85     79.80     20.43      9.11     11.14     48.05     48.17     87.76     42.46 
   146       51.91      0.81756        88.48     68.00     79.40     16.11     -9.89     43.14     54.60     59.64     87.00     32.60 
   147       51.18      0.56789        92.76     77.36     74.72     16.75      3.78     20.46     48.19     48.45     86.46     42.84 
   148       52.76      0.83612        87.48     71.95     73.16     23.47      8.11     40.02     51.92     58.99     86.92     25.56 
   149       50.84      1.16959        86.92     55.23     56.56     10.40     12.00     65.54     53.37     59.91     87.12     21.32 
   150       49.78      1.30203        92.80     57.87     52.84      8.05      1.22     66.90     50.87     61.43     88.36     17.42 
   151       44.92      1.60071        89.04     48.43     44.00      0.48    -22.11     70.16     50.41     61.35     92.00     15.41 
   152       51.67      1.09345        90.92     57.63     59.64     16.16      7.56     59.70     54.40     60.31     86.12     24.30 
   153       50.27      1.04728        91.24     63.25     57.44      5.33     -5.11     62.34     56.83     59.34     89.26     22.78 
   154       55.43      0.88352        98.16     68.80     70.92     10.67     12.44     56.74     59.17     62.25     85.50     29.62 
   155       51.21      0.82792        88.44     70.45     66.16      1.60     12.22     45.42     55.90     58.04     86.32     27.53 
   156       48.96      1.16321        84.48     59.36     66.64      3.63     -3.22     56.94     50.52     60.60     89.26     21.42 
   157       50.34      1.01422        90.52     65.07     65.72      9.71     -6.78     58.58     56.30     60.32     84.38     19.57 
   158       50.69      0.73137        90.28     74.21     70.84     15.79    -10.56     33.68     54.56     55.60     91.27     31.23 
   159       52.89      0.69692        78.68     77.84     79.04     14.45      5.56     35.50     54.33     55.29     93.28     34.95 
   160       50.96      0.53204        78.64     76.72     74.48     14.35     13.78     17.78     49.94     50.49     87.70     45.69 
   161       54.11      0.66533        94.16     73.23     79.84     19.25      9.56     33.10     52.37     55.34     86.69     37.59 
   162       50.49      0.83880        82.08     67.73     65.32     11.89      4.22     38.56     58.32     59.94     88.22     28.64 
   163       51.46      0.65846        85.28     78.72     69.44      5.55     10.56     34.86     51.13     53.77     88.24     37.10 
   164       49.79      0.81632        86.72     72.56     61.72     13.92      1.22     38.24     52.00     56.52     86.46     28.49 
   165       49.60      0.78023        76.48     72.43     65.92     24.48     -4.78     37.68     49.17     57.75     86.78     30.07 
   166       49.95      0.81764        86.20     68.03     66.28      9.97      2.11     39.88     52.00     57.88     88.77     28.38 
   167       51.12      0.65822        84.40     73.33     73.16     21.97      0.67     27.38     49.65     56.14     88.13     36.32 
   168       52.37      0.76154        87.72     68.27     69.12     14.56     16.11     36.44     53.92     58.77     87.90     30.94 
   169       50.32      0.57834        83.24     77.65     78.96     28.00     -0.67      7.16     52.06     52.44     87.04     37.32 
   170       52.73      0.64588        82.16     72.64     82.36     17.39     14.22     23.54     53.56     51.59     93.39     36.42 
   171       50.82      0.65448        90.92     75.01     78.08     17.97    -10.11     24.68     52.71     54.46     91.65     32.81 
   172       51.58      0.60849        79.76     72.45     73.24     19.09      3.44     33.90     48.19     56.55     89.60     39.56 
   173       52.82      0.66197        90.84     70.64     62.92     23.25      8.33     37.98     52.37     52.49     87.34     42.05 
   174       51.54      0.66683        84.44     77.92     72.00     20.37     -4.11     29.86     52.24     58.45     88.11     36.09 
   175       50.37      0.64162        78.32     71.23     69.00     18.24      8.44     25.44     54.65     51.93     90.39     36.07 
   176       51.59      0.66351        84.76     73.33     76.92     12.37     -5.89     32.26     55.40     58.75     86.61     41.42 
   177       51.22      0.75860        95.24     68.00     71.24      7.15     -5.56     43.70     55.05     58.72     86.03     32.59 
   178       49.62      0.71397        85.20     75.84     67.64     14.51    -12.89     36.96     52.37     55.35     87.17     34.05 
   179       51.01      0.60832        83.64     77.97     78.52     11.57      4.44     25.40     46.87     54.25     87.07     40.31 
   180       50.90      0.50400        83.72     79.73     77.92     13.97      8.56     16.28     44.25     50.39     88.26     45.93 
   181       48.93      0.57116        65.36     78.85     73.96     19.52      4.33     18.80     46.49     51.89     91.04     39.10 
   182       52.22      0.59309        95.16     80.43     74.16     15.31      4.11     23.06     47.86     53.65     87.72     40.79 
   183       50.92      0.60708        70.76     71.63     83.48     29.39     -1.11     26.34     48.92     56.10     85.92     37.81 
   184       49.25      0.60509        73.44     75.36     71.76     14.67     -5.22     28.24     50.21     53.67     86.87     43.54 
   185       49.10      0.63338        90.60     77.17     70.16     22.61    -16.44     25.80     49.79     51.80     85.04     34.43 
   186       48.01      0.53944        73.08     75.73     77.08     15.68      2.44      6.86     46.59     51.19     88.93     42.57 
   187       49.48      0.58326        73.96     82.56     67.08     16.80      1.89     16.54     52.14     53.40     88.63     41.83 
   188       50.52      0.64934        79.52     74.13     74.56     12.75     14.44     20.38     51.71     54.05     89.63     34.05 
   189       47.64      0.52430        69.08     82.05     71.08     29.49     -9.44      7.04     48.59     49.02     86.41     43.04 
   190       50.40      0.61835        82.12     72.83     71.68     18.19      8.11     25.50     45.86     50.49     90.63     38.64 
   191       47.74      0.56670        75.24     74.21     69.20     12.11      4.22     16.36     49.05     52.52     86.43     38.10 
   192       49.18      0.63652        69.96     78.69     75.00      4.91     11.89     22.84     54.02     53.08     83.72     37.74 
   193       48.76      0.58191        72.72     71.92     74.08     22.40      5.44      8.42     51.89     55.56     85.85     39.28 
   194       50.14      0.59595        76.44     75.55     78.92     18.40     -1.22     19.22     51.73     56.07     88.23     38.05 
   195       51.29      0.58373        77.96     82.29     74.40     24.59      6.33     18.40     49.54     53.76     87.74     37.94 
   196       50.78      0.58116        83.04     82.99     71.40      6.77      7.44     17.24     54.06     51.19     92.67     40.98 
   197       49.01      0.58364        77.76     79.09     75.24     18.83     -6.67     16.36     51.71     48.95     90.63     38.15 
   198       52.52      0.59784        80.56     79.09     70.88     27.41     11.44     19.32     50.38     56.53     91.09     38.46 
   199       51.08      0.60218        79.36     79.15     68.56      4.80      4.11     35.10     55.10     52.60     90.52     41.53 
   200       50.27      0.60627        84.28     78.40     77.88      9.60      7.00     15.92     50.62     53.29     89.30     36.44 
   201       50.69      0.60334        80.48     76.69     70.16     19.41      3.44     15.78     53.56     56.10     91.37     39.94 
   202       49.89      0.59676        88.52     75.44     74.48     18.93     -8.44     24.18     51.63     53.66     84.69     35.78 
   203       46.81      0.59784        77.28     73.20     76.20      4.91     -8.00      9.52     50.32     53.75     90.25     40.69 
   204       51.27      0.74194        83.08     71.76     81.16     13.76      3.33     27.84     54.51     58.55     85.44     33.25 
   205       49.06      0.55469        74.00     76.03     70.00     18.08     22.00      7.56     48.44     48.34     84.76     41.38 
   206       48.51      0.65962        81.20     72.00     68.28     11.04     -6.22     30.74     53.67     53.24     86.58     34.62 
   207       52.54      0.84648        86.72     68.16     71.96     16.53      0.22     40.04     56.00     61.25     93.13     31.35 
   208       51.66      1.02977        91.56     65.92     65.88     12.05      0.33     51.70     55.43     59.93     88.54     25.21 
   209       51.02      1.12678        85.08     58.43     65.44      4.43     13.89     59.68     51.17     61.39     89.46     21.22 
   210       50.50      0.67296        85.48     81.52     78.20     12.91     -2.00     27.92     48.14     51.20     84.53     37.07 
   211       46.49      0.28178        40.20     89.44     72.44     38.13     15.22      1.88     37.94     27.27     85.02     57.36 
   212       51.98      0.67764        77.52     77.76     81.12     26.13      8.22     22.34     51.44     54.04     92.80     28.38 
   213       50.70      1.07587        88.68     61.04     67.44     -2.35      7.67     61.56     53.48     59.33     86.74     23.41 
   214       51.27      1.21359        91.28     58.53     59.48     10.45     -0.67     66.82     54.83     62.82     89.12     20.00 
   215       46.18      1.63291        82.16     46.29     44.32      1.65      5.33     70.24     46.56     58.97     91.24     15.00 
   216       41.43      2.01062        72.28     40.27     36.72      4.11     -4.22     67.76     40.67     59.93     84.67     12.11 
   217       42.60      2.00952        70.64     45.55     39.16      5.01     -1.33     72.26     39.97     61.35     84.59      8.78 
   218       45.96      1.52892        83.08     52.37     54.08     -0.91    -19.22     71.16     46.84     58.84     92.33     21.02 
   219       51.85      1.29970        90.84     60.53     53.20      9.81     11.33     66.38     57.44     59.70     90.39     18.86 
   220       44.71      1.72769        77.08     42.19     41.16     11.25     -1.89     68.76     47.33     59.09     88.56     13.53 
   221       47.63      1.54066        80.84     47.25     49.60      4.85      8.44     72.02     48.56     58.21     90.14     16.33 
   222       46.45      1.54589        84.32     47.95     39.32     -2.93      5.78     67.94     49.08     60.83     93.88     18.32 
   223       46.41      1.72881        82.32     53.23     43.52     -4.00      6.11     72.10     49.05     59.43     91.69     10.70 
   224       48.35      1.44080        82.96     58.91     51.48      3.09      5.44     64.84     46.38     60.55     93.51     16.32 
   225       47.25      1.43143        83.56     48.16     51.00     16.75     -7.44     68.32     48.71     60.52     87.53     15.40 
   226       49.38      1.29261        88.20     62.75     46.24      1.33     -1.67     65.24     55.30     64.20     93.70     18.48 
   227       49.85      1.43016        86.88     49.68     54.16     12.43      3.22     68.42     53.33     61.88     90.23     18.23 
   228       49.17      1.43959        83.40     50.27     51.44     10.88      7.78     70.24     53.22     59.66     89.41     15.46 
   229       50.27      1.20389        92.32     58.48     62.08      3.31     -6.44     69.00     52.16     62.89     91.28     17.67 
   230       46.80      1.50841        83.92     44.69     49.52     15.79    -13.00     66.72     46.97     61.55     91.48     20.35 
   231       43.00      1.78586        76.04     40.27     47.60     -0.53     -6.44     69.92     38.48     59.56     89.66     15.47 
   232       44.65      1.92725        80.48     48.08     43.72      8.91     -0.00     65.72     41.21     59.87     86.76     11.72 
   233       45.55      1.68012        70.84     49.39     47.72      6.72     -2.33     73.32     44.11     59.77     92.22     13.78 
   234       41.87      2.09941        73.68     40.45     33.12      1.60      5.11     65.38     44.25     60.25     82.49     12.38 
   235       43.61      2.23353        75.60     40.51     39.48     10.40     12.89     65.38     40.40     60.25     78.51     12.67 
   236       39.78      2.15540        75.08     43.41     41.48     -7.04     -9.56     64.56     38.87     59.59     81.83      9.53 
   237       44.43      1.98846        76.52     42.27     40.04     13.87      3.22     73.72     42.51     59.78     84.14      8.22 
   238       42.34      2.14832        71.96     43.92     34.68     18.77     -8.89     71.06     42.21     61.61     80.11      8.01 
   239       44.85      1.92420        77.28     48.51     38.00      2.24      9.56     69.08     45.13     60.74     86.62     11.36 
   240       45.55      1.92684        78.96     44.11     44.04      8.43     13.00     66.80     41.46     59.33     86.45     12.95 
   241       41.93      2.16047        76.16     41.36     41.16     -1.97      9.67     64.48     37.41     60.90     79.77     10.35 
   242       40.94      2.36246        66.88     42.93     37.76      7.36     10.11     66.18     37.33     59.59     72.19      9.11 
   243       39.92      2.38446        67.08     39.17     41.64      3.89     -0.44     67.52     37.92     59.46     74.78      8.14 
   244       42.56      2.11295        71.92     43.84     40.96     -0.91      7.89     66.62     40.32     60.21     82.21     12.57 
   245       43.63      1.98312        76.76     43.47     39.64      3.31      1.22     71.44     40.27     60.96     85.22     14.05 
   246       44.57      1.72011        77.92     44.88     48.20      2.83     -6.78     70.74     47.67     57.52     88.13     14.58 
   247       43.05      2.04578        77.96     37.95     44.16     12.75     -5.44     63.92     43.37     57.76     83.29     14.80 
   248       43.07      1.98106        73.88     41.71     43.84      3.04      1.67     67.04     40.86     60.05     85.29     13.33 
   249       43.87      1.84883        77.08     43.52     37.40      6.29      1.56     69.48     46.21     60.02     88.52      8.58 
   250       44.10      1.94638        76.96     46.56     36.68      8.96     -2.11     72.00     41.95     59.71     86.89     13.41 
   251       47.17      1.71991        78.24     43.68     44.60     18.03      3.89     70.70     47.52     58.40     92.48     14.19 
   252       48.16      1.61851        83.84     52.40     43.40     11.52      4.11     70.92     47.71     61.13     91.75     14.77 
   253       49.16      1.26728        81.36     50.80     52.44      8.85      8.11     66.24     54.25     59.30     91.15     19.06 
   254       48.00      1.45222        86.28     50.80     53.36      1.97     -5.67     72.58     51.67     59.29     91.22     18.54 
   255       51.07      1.19251        86.68     57.65     62.20      6.03     -0.22     68.54     54.35     62.68     91.02     21.78 
   256       50.00      1.01080        84.20     61.01     63.40      4.16     -3.11     58.92     56.56     60.97     90.82     23.09 
   257       48.76      1.28093        74.84     57.47     60.32      9.23      1.22     67.14     52.59     61.42     87.42     15.99 
   258       49.16      0.86969        76.68     68.24     69.60     15.79     -6.67     43.16     50.95     58.46     87.54     27.90 
   259       53.24      0.91058        85.92     66.88     64.92     15.79      9.00     59.64     54.24     60.15     88.94     26.95 
   260       52.66      1.18567        88.68     56.88     59.04     18.77     12.56     60.04     55.57     59.00     94.38     21.65 
   261       50.32      1.18873        89.80     61.63     56.32      1.44      1.89     67.66     58.37     61.51     89.37     15.23 
   262       51.49      1.23029        85.60     55.87     62.60     11.09     12.22     64.62     54.13     59.21     89.74     19.84 
   263       49.54      1.06958        84.92     56.21     65.32      8.32     -6.78     60.06     58.11     58.36     89.61     21.26 
   264       47.01      1.33425        85.40     50.29     53.40     13.33     -3.33     60.28     51.16     56.95     84.35     18.23 
   265       48.22      1.38364        82.32     49.81     47.76     14.88     -5.56     64.36     58.73     62.02     89.61     18.30 
   266       51.29      1.31796        84.48     59.41     57.68     19.04      3.00     61.06     57.86     59.96     90.30     20.09 
   267       50.34      1.29537        85.48     56.99     55.16     10.51      5.00     67.60     54.40     61.40     90.16     16.67 
   268       52.85      1.11334        92.12     56.64     62.60     10.29      8.11     61.22     61.49     61.48     89.59     24.91 
   269       48.78      1.29497        83.72     51.79     44.68      8.85      3.56     66.76     59.86     58.88     89.22     20.51 
   270       50.31      1.29271        82.04     59.12     60.24      6.19     16.56     63.18     50.35     60.20     87.27     17.93 
   271       50.55      0.92443        90.48     67.20     60.60      1.76      4.44     48.98     56.14     59.75     91.37     24.80 
   272       51.34      1.13318        92.08     59.89     57.12     10.13      5.67     66.38     56.68     57.77     89.04     18.62 
   273       51.78      1.23809        90.60     56.64     60.12     17.65      3.56     64.14     57.00     61.96     88.29     17.79 
   274       50.61      1.25982        86.44     58.19     57.08     15.36     10.78     59.54     51.56     62.48     88.44     16.27 
   275       47.46      1.18051        91.24     53.28     52.12      2.88    -14.00     63.86     57.54     60.61     89.08     17.98 
   276       49.14      1.36692        80.76     52.11     58.80     14.40      3.56     66.22     46.44     62.44     90.49     16.16 
   277       50.30      1.18208        87.08     55.12     57.24     16.96    -10.00     72.16     54.41     61.61     92.33     16.11 
   278       49.78      1.18109        84.08     55.95     56.88     17.81     -6.33     62.52     54.11     58.63     91.82     22.30 
   279       49.90      1.32487        88.44     53.65     57.84     11.68     -1.67     68.90     54.03     60.11     89.22     16.77 
   280       46.82      1.23037        88.40     51.09     58.76      1.44    -13.33     61.88     54.75     59.01     84.93     21.26 
   281       48.41      1.34899        86.84     52.37     49.52     11.20     -0.33     66.04     51.16     61.59     88.96     16.78 
   282       52.33      1.22098        94.36     57.97     52.60     13.65      3.67     67.66     58.81     60.37     90.55     23.63 
   283       51.88      1.17091        89.64     53.09     59.28     12.05     10.78     64.82     56.71     61.20     91.56     19.63 
   284       49.99      1.14125        82.80     59.23     57.44      9.07     -6.78     72.78     53.40     61.03     88.46     22.52 
   285       49.40      1.16701        80.52     60.77     59.20      8.32      0.11     60.48     55.49     58.71     87.77     22.62 
   286       50.20      1.24009        87.08     59.33     57.16      8.80      6.89     64.84     50.57     62.55     85.95     18.81 
   287       51.59      1.19780        92.80     59.92     59.64     11.79     -0.56     68.22     54.75     62.39     89.98     16.99 
   288       49.61      1.25351        81.60     57.47     54.76      2.29      8.67     62.84     55.59     61.80     93.27     17.84 
   289       53.94      1.13488        89.92     59.55     65.44     17.71     16.33     57.44     62.05     61.67     88.76     20.52 
   290       52.23      1.14213        94.64     56.59     59.24      8.96      4.78     72.04     56.19     60.51     86.00     23.35 
   291       49.71      1.09751        88.12     60.03     59.08      5.01      1.67     61.58     54.51     57.37     85.12     24.59 
   292       49.98      1.09963        81.92     60.77     51.44     12.37      2.78     63.72     50.43     61.19     91.55     23.63 
   293       50.64      1.20286        85.76     56.00     57.08     12.27      2.89     63.52     55.43     61.36     90.64     21.48 
   294       49.82      1.13609        84.40     51.07     57.80     19.89      1.00     60.32     54.59     59.06     91.91     18.19 
   295       50.23      1.14429        83.04     58.35     56.84     10.29      6.89     59.74     53.00     60.59     91.11     22.49 
   296       48.70      1.14726        91.60     56.27     59.72      7.95    -10.22     61.82     54.32     60.97     87.08     17.48 
   297       51.21      1.13991        85.96     58.37     64.32      6.88      5.00     61.98     57.60     58.71     92.05     21.22 
   298       51.12      1.12520        89.84     54.85     68.44      6.56      0.89     55.10     59.56     61.80     91.34     22.84 
   299       48.40      1.14323        87.32     62.03     55.80     11.09    -19.11     67.80     54.92     57.66     86.74     19.77 
   300       50.45      1.13095        79.84     62.27     58.52     16.11     -1.00     66.80     55.08     61.54     87.32     18.05 
   301       50.00      1.13442        88.76     50.93     56.20      6.67     -2.44     67.14     56.46     61.88     89.60     24.80 
   302       50.93      1.13706        87.80     56.53     59.92     11.25      3.78     62.76     55.24     61.58     89.80     20.59 
   303       51.06      1.12528        91.56     61.71     57.04      9.49      4.11     64.18     55.33     60.78     87.20     19.20 
   304       50.54      1.13488        89.84     64.29     62.68      4.80     -5.00     67.38     55.44     58.60     88.63     18.70 
   305       45.59      1.75004        81.72     50.08     46.64      4.80     -2.56     69.00     43.00     59.80     90.96     12.47 
   306       50.18      0.60964        83.88     79.68     74.72     18.08     -7.00     17.94     50.24     54.20     90.45     39.57 
   307       50.34      1.09924        85.64     61.63     59.28      2.08      8.11     66.70     53.73     58.34     87.04     20.80 
   308       49.21      1.39761        88.92     54.48     54.88     -0.85      2.33     71.54     53.05     60.12     91.54     16.05 
   309       50.28      0.58785        75.04     75.28     75.96     16.00     11.89     15.48     50.41     52.30     91.73     38.68 
   310       50.81      0.66468        72.88     75.25     81.80     14.03      3.11     31.98     51.81     52.63     87.35     37.22 
   311       29.72      0.10567        37.52     86.59     31.80     25.65      8.89     -0.98     -6.67     15.00     87.18     12.20 
   312       46.73      1.20108        88.60     50.85     53.20     -4.91     -6.00     64.94     54.00     61.07     86.80     18.78 
   313       49.75      1.03573        85.84     61.36     57.76      9.17      2.44     54.04     53.79     59.91     90.03     23.17 
   314       47.03      1.28785        85.44     56.69     48.64      4.80    -12.56     60.22     51.48     62.55     93.47     19.54 
   315       49.77      1.23923        87.16     58.69     55.88      1.49     -2.00     69.60     54.13     62.39     90.12     20.21 
   316       46.95      1.52317        87.60     47.73     48.68      7.47    -10.89     70.80     49.48     60.30     91.71     16.64 
   317       44.65      1.94387        82.12     42.77     42.04      7.31      2.89     65.68     44.10     59.69     86.29     13.58 
   318       48.70      1.41504        85.56     50.91     57.80     10.51     -4.78     68.68     50.86     59.80     91.22     16.44 
   319       44.12      1.57362        82.36     37.89     43.44      3.15     -8.78     69.36     43.46     62.12     93.53     14.70 
   320       49.17      1.36824        85.40     51.81     54.00     17.97     -6.11     70.18     52.06     59.05     91.32     16.01 
   321       52.21      0.82238        84.08     62.24     67.24     18.13     14.00     43.14     57.21     58.33     89.71     28.01 
   322       41.87      0.30859        27.96     85.84     58.52     32.05     -6.56      7.58     38.06     28.93     88.68     57.58 
   323       48.13      0.61536        69.64     76.53     72.56      7.20     -5.44     30.90     52.05     54.37     88.55     34.98 
   324       52.06      0.64277        85.88     74.77     84.00     11.89      1.33     32.52     50.67     54.94     87.29     37.30 
   325       37.56      0.15566        34.08     94.29     42.20     40.48     17.22      1.16      4.44     11.48     89.47     40.80 
   326       51.89      0.99444        85.72     67.87     69.08     10.40      7.89     54.08     54.84     59.76     84.64     24.65 
   327       48.58      1.42864        81.04     53.23     51.36     22.93    -11.00     69.96     48.73     59.69     89.90     19.94 
   328       51.67      0.82640        81.04     74.16     74.84     17.28      0.67     38.08     54.03     56.73     88.57     31.28 
   329       47.40      0.57344        86.44     79.47     72.00     11.68     -5.44     10.12     46.46     50.65     84.96     37.65 
   330       46.23      0.37393        66.84     87.04     75.60     14.83     -3.44      3.80     42.76     33.23     84.58     57.10 
   331       49.02      0.45849        74.04     77.79     74.88     22.72      0.56     15.32     43.24     45.88     90.12     45.64 
   332       51.31      0.64165        84.00     79.09     75.20     16.64      3.22     24.40     51.62     52.47     88.68     37.75 
   333       52.99      1.03042        89.68     65.07     64.24      4.27     19.44     60.98     53.89     59.58     92.17     20.57 
   334       51.11      0.76053        79.72     68.99     71.04     15.84      8.33     39.98     51.78     55.53     87.48     32.46 
   335       49.98      0.50477        65.48     85.36     81.04     25.23      5.22     10.60     48.08     47.43     84.64     46.68 
   336       47.90      0.25887        73.84     98.99     56.08     35.47      3.56      1.58     33.76     30.28     88.79     56.70 
   337       35.79      0.11816        52.36     82.85     37.36     47.15     15.33      4.36     -5.49     10.60     89.87     23.48 
   338       42.90      0.24134        38.12     95.31     46.28     31.47     20.89      1.66     27.70     21.90     88.45     57.19 
   339       42.97      0.18994        50.00     96.35     53.76     42.08     11.44      6.34     17.63     16.68     85.30     50.16 
   340       52.95      0.56972        86.28     80.00     84.16     20.85     11.22     12.72     49.73     53.64     91.30     39.63 
   341       50.68      0.59613        88.76     70.80     70.36     18.93      1.89     20.48     54.54     50.89     88.69     41.42 
   342       51.42      0.65718        78.40     75.65     74.64      7.47      9.89     32.74     55.97     58.15     85.45     35.84 
   343       51.61      0.73279        81.28     73.71     77.44     22.72    -10.44     35.42     56.00     60.91     86.39     32.69 
   344       51.52      0.65845        82.92     65.76     75.40     19.95      1.11     33.40     58.41     55.72     87.05     35.47 
   345       44.49      0.32025        41.40     86.96     68.24     21.23     13.00      2.90     36.24     31.51     86.33     57.06 
   346       51.40      0.94705        84.08     61.55     71.84      9.39      0.67     55.48     59.81     57.47     87.10     26.65 
   347       48.42      1.22663        82.68     57.33     59.60      5.76     -8.89     71.92     46.84     59.88     89.90     19.14 
   348       47.89      1.12513        87.76     61.55     61.76      6.51    -16.56     58.88     53.00     58.07     85.51     22.47 
   349       48.12      1.21700        80.24     64.05     59.84      1.33     -3.00     61.48     52.41     58.97     87.78     18.14 
   350       49.72      0.60472        89.72     75.31     69.08     29.33     -1.78     14.52     42.13     51.36     84.20     43.30 
   351       51.08      1.07955        87.20     61.95     56.76     17.65      7.67     58.16     53.86     60.51     87.10     19.98 
   352       55.08      0.76869        94.76     75.81     76.52     14.29      4.11     48.86     57.95     59.31     89.45     29.69 
   353       51.03      0.55563        85.00     75.39     76.44     19.52      6.11     21.62     48.97     47.96     87.40     41.86 
   354       51.07      0.49151        75.16     79.33     80.28     26.51      4.44     19.68     47.81     47.53     86.23     43.70 
   355       51.00      0.52733        84.12     72.88     70.64     31.15     -3.22     15.82     51.56     50.92     86.82     49.31 
   356       52.49      0.70464        90.80     74.48     78.84     13.44     -0.00     34.26     53.40     56.77     90.20     32.69 
   357       50.07      0.49507        82.48     78.40     70.52     29.44     -0.22      7.98     50.30     51.61     85.95     44.26 
   358       47.15      0.52508        63.16     79.39     75.60     18.77    -12.00     16.96     53.08     47.71     88.87     39.94 
   359       51.64      0.72412        92.68     75.12     69.16      6.45      1.44     36.48     55.05     59.03     88.10     32.85 
   360       51.04      0.85805        80.60     64.61     70.36     12.05      3.67     45.90     56.27     60.79     87.61     28.52 
   361       52.24      0.75298        86.12     75.15     72.96     12.21     -1.44     46.58     49.70     54.60     90.49     36.00 
   362       51.72      0.68037        93.64     66.13     77.88      8.64      6.89     34.42     51.29     54.01     88.42     35.84 
   363       51.94      0.65104        79.60     79.60     73.92     20.00      1.56     29.94     54.46     56.95     87.31     36.09 
   364       47.91      0.58271        81.52     75.87     68.56      8.69     -1.22     16.22     54.84     51.49     85.48     37.63 
   365       52.34      0.60916        87.72     75.23     82.08     17.65     10.56     21.68     46.75     54.28     88.01     39.43 
   366       48.92      0.57476        82.08     75.09     70.72     20.21     -9.22     18.08     52.67     50.58     88.28     40.69 
   367       51.15      0.49074        83.72     82.67     81.84     27.47      0.89     14.06     46.19     44.04     86.34     44.28 
   368       49.99      0.34311        66.68     88.11     79.20     39.95     13.11     -4.28     41.06     33.69     86.51     55.89 
   369       45.09      0.34722        59.36     89.17     66.64     33.01    -12.33      1.86     35.19     33.87     88.59     55.58 
   370       48.45      0.38020        79.72     81.36     74.48     24.43      5.33     -5.10     41.19     41.30     87.29     54.53 
   371       49.38      0.57589        80.48     70.83     74.60     14.67      2.44     25.44     48.73     51.76     84.17     40.70 
   372       46.46      0.45453        68.80     76.13     77.92      6.35     -0.56     15.28     41.67     41.80     89.41     47.79 
   373       49.58      0.53824        97.96     77.92     82.52     11.41     -3.44      1.34     51.16     49.08     87.07     40.83 
   374       50.78      0.63759        82.80     75.65     77.88     19.47      1.56     27.76     46.54     54.06     86.10     36.01 
   375       47.86      0.53354        78.00     83.23     80.04     16.00    -15.33      3.50     52.03     51.03     90.59     39.52 
   376       49.73      0.55573        79.96     85.95     67.72     21.76      7.00      8.78     50.06     48.36     88.28     39.47 
   377       51.52      0.64722        85.60     70.24     69.68     22.99      8.33     22.30     54.95     54.89     90.91     35.27 
   378       52.19      0.67647        83.36     76.37     75.48     17.17      6.11     29.08     52.35     57.36     87.65     36.94 
   379       51.33      0.82408        84.60     68.08     69.04     16.53      7.78     35.56     56.56     57.64     88.44     29.11 
   380       51.15      0.92753        86.96     65.65     73.88      2.77      6.00     47.72     56.05     60.66     88.60     23.23 
   381       51.03      0.87875        92.16     68.16     62.72     14.56    -12.00     52.26     56.84     56.06     90.32     29.21 
   382       51.01      0.98905        91.96     66.19     61.80      9.01     -3.67     53.30     56.56     62.23     88.00     24.77 
   383       52.22      1.02011        86.04     68.96     62.80     18.72    -11.22     63.46     58.03     62.07     86.21     27.09 
   384       52.44      1.13585        87.24     58.64     54.92     12.75     23.00     70.10     48.24     60.17     87.67     21.70 
   385       49.49      1.12869        79.12     62.11     53.64     13.12      3.67     59.10     55.84     62.64     89.24     16.43 
   386       51.93      1.15092        87.16     54.67     67.04     10.45     12.22     61.26     55.33     64.11     87.95     19.07 
   387       49.90      1.13604        86.64     58.64     61.48      7.20      1.33     63.10     49.65     62.99     87.07     20.93 
   388       50.89      1.06128        89.12     55.89     59.48     14.08      4.22     62.36     55.95     61.54     85.27     20.94 
   389       51.55      1.12571        87.64     57.68     65.44     12.43      0.22     64.40     61.14     60.04     85.02     21.43 
   390       49.79      1.11442        95.52     59.04     63.84      5.12     -6.44     62.52     52.54     56.15     88.53     21.10 
   391       51.07      1.16614        93.12     61.15     54.80     15.47     -9.00     64.68     59.54     60.54     87.97     22.46 
   392       52.71      1.11474        91.00     57.84     63.12     16.53     11.89     64.46     49.19     59.23     88.21     25.63 
   393       50.27      1.14297        93.56     58.85     61.68     10.19      1.33     64.18     52.83     57.70     84.95     17.47 
   394       48.20      1.12211        86.64     60.93     55.64      4.48     -9.22     59.34     53.43     61.23     88.17     21.38 
   395       53.58      1.10328        87.04     59.41     55.88     20.69      9.11     68.36     58.54     59.57     90.30     26.91 
   396       49.20      1.09223        87.80     55.41     60.76     13.65    -19.11     63.92     59.13     58.62     88.33     23.46 
   397       49.05      1.10842        86.28     58.56     61.08     13.60     -9.33     58.80     52.79     62.28     89.73     16.72 
   398       51.03      1.10821        90.24     60.40     61.44      4.69     -6.44     66.74     57.67     61.43     90.34     23.81 
   399       49.77      1.09534        84.84     63.09     55.76      2.40      6.44     60.72     55.29     60.44     88.59     20.12 
   400       49.77      1.09344        87.96     61.65     63.08     10.40     -8.56     58.80     55.78     56.32     88.38     23.93 
   401       50.54      1.10716        86.64     59.71     60.64     18.93     -0.22     57.04     57.56     57.00     88.02     20.06 
   402       50.44      1.11177        89.56     59.55     60.92     23.79    -15.22     64.18     55.48     60.16     85.52     20.48 
   403       52.47      1.09681        91.36     60.69     62.20     13.55      5.33     61.36     52.90     61.59     92.73     22.99 
   404       52.42      1.11029        90.00     61.55     66.48     11.20     11.89     59.00     55.60     59.76     87.06     21.65 
   405       49.88      1.10328        83.36     63.57     57.00     -1.55      6.00     66.60     58.35     59.02     87.55     18.94 
   406       49.19      1.37347        84.04     53.36     60.44     12.85    -12.00     72.54     52.60     61.42     90.54     16.07 
   407       47.10      1.45043        88.64     45.15     47.12      0.75      1.78     69.66     55.17     58.68     88.77     15.33 
   408       48.71      0.86947        94.80     70.27     61.52      4.53    -16.89     49.78     50.35     56.68     88.84     27.22 
   409       51.15      0.99808        91.16     62.96     63.56     20.75     -3.00     55.20     55.54     57.11     85.14     23.11 
   410       47.62      0.42312        61.20     83.63     70.80     20.00      7.33      6.58     50.54     41.43     87.44     47.23 
   411       49.81      0.60105        76.68     77.41     66.64     19.41     -1.78     23.68     52.56     50.98     92.44     40.05 
   412       51.90      0.75950        83.88     72.88     73.36     16.59     -0.67     38.68     52.86     59.15     89.02     33.23 
   413       50.17      0.50170        67.80     77.79     77.80     36.32      2.56     16.60     44.41     48.20     84.35     45.90 
   414       23.44      0.03040        53.28     26.29     28.32      4.48     28.22      4.24     -3.48      2.33     93.23     -2.54 
   415       49.26      0.56812        87.76     73.47     83.08     16.05     -7.78      8.12     45.83     53.24     88.51     44.36 
   416       52.16      0.83200        86.28     68.72     71.08     17.92     -0.11     38.96     59.75     56.29     90.94     31.74 
   417       51.74      1.02974        94.84     59.81     65.16     13.44     -2.78     61.50     55.35     59.90     86.47     23.75 
   418       50.51      1.22379        84.72     59.97     58.08     -1.87     10.11     67.96     56.43     59.59     85.80     24.27 
   419       52.33      0.65128        84.60     80.75     71.76     13.44      2.78     30.04     55.76     57.58     88.43     38.16 
   420       52.79      0.86583        92.64     68.61     61.56     14.40     -0.44     56.44     59.02     58.20     91.64     25.86 
   421       49.60      0.59557        83.12     74.21     70.88     16.27     -4.00     23.22     49.21     51.71     89.53     41.86 
   422       53.36      0.71500        87.36     69.84     71.40     25.39     12.33     33.12     56.79     57.64     87.29     32.44 
   423       50.65      1.11513        86.32     55.89     65.68     12.53      2.00     63.84     51.89     61.77     88.03     18.49 
   424       50.11      1.11396        87.64     62.21     63.24      2.61    -14.22     67.58     59.54     57.58     90.96     23.95 
   425       53.78      1.11691        90.00     55.01     70.76     10.83     12.00     65.48     58.51     60.92     92.64     21.62 
   426       49.78      0.90004        90.56     65.31     69.28      7.63    -11.33     51.02     53.38     58.91     91.13     21.95 
   427       50.87      1.24972        86.60     60.43     56.80     20.11      6.56     67.70     48.48     59.41     85.15     17.51 
   428       53.72      0.95436        97.84     66.77     70.20     14.99      3.56     55.70     56.44     58.50     86.87     26.28 
   429       51.02      0.63527        75.32     77.39     75.68     21.17      1.33     30.18     53.21     52.42     87.72     35.74 
   430       47.62      0.53345        86.08     80.29     67.48     16.53     -9.33      5.92     50.30     50.83     89.43     38.67 
   431       47.97      1.34444        86.80     55.81     55.40     10.45    -11.33     66.98     54.25     61.38     84.07     15.89 
   432       48.18      1.36578        82.52     50.37     52.12     13.28     -9.78     70.64     50.00     61.96     90.28     20.38 
   433       46.95      1.61578        82.00     47.15     44.60      6.35      5.33     69.76     48.35     60.27     91.55     14.17 
   434       45.47      1.73288        79.84     47.17     45.96     20.05    -17.89     70.02     42.87     60.09     92.66     13.89 
   435       48.99      1.40101        77.68     50.96     52.52     15.31      9.44     67.82     49.87     59.05     91.07     16.20 
   436       51.94      1.00317        88.00     65.76     59.72     18.51      7.44     48.86     58.44     60.19     89.41     23.07 
   437       52.05      0.67272        83.20     73.60     79.76      7.15      5.89     36.12     51.65     54.07     91.14     37.89 
   438       47.10      0.37216        79.48     82.00     68.96     10.88      5.67     -1.82     38.83     38.65     88.88     59.46 
   439       54.82      0.98837        96.76     66.69     66.40      8.96      7.44     59.44     56.62     63.26     94.86     27.74 
   440       51.03      1.12956        92.80     65.49     63.56     14.40    -17.89     63.76     56.52     60.54     89.03     22.11 
   441       49.34      1.22893        85.88     58.93     53.36     10.77     -6.33     66.08     54.73     58.95     90.96     20.05 
   442       50.88      1.11370        89.56     64.13     59.08      5.76      0.44     65.50     57.24     58.62     88.70     19.79 
   443       49.77      0.62435        68.28     78.77     71.64     18.83      4.33     25.86     49.67     53.51     87.38     39.41 
   444       50.85      0.96640        85.44     59.47     69.80      8.05      9.33     51.54     56.14     58.13     87.34     23.30 
   445       50.74      0.92584        81.76     63.44     65.12     20.43     -9.22     57.04     55.79     60.05     86.44     26.54 
   446       49.61      0.78009        84.44     70.16     63.12     15.04     -2.78     27.38     59.21     59.00     89.78     30.77 
   447       48.93      0.97895        92.40     60.29     60.28      5.07     -1.33     43.14     55.84     59.16     89.77     24.72 
   448       50.03      0.89930        88.60     63.71     65.88     12.48     -4.22     45.66     55.56     57.59     86.87     28.15 
   449       48.71      1.18269        90.52     55.71     51.08      5.76      5.22     56.28     53.14     61.38     88.67     19.37 
   450       52.20      0.93428        91.20     62.40     68.40     18.24     -1.56     55.00     53.67     60.17     86.78     27.69 
   451       51.89      0.64412        92.88     69.01     73.00     10.19     12.11     32.88     51.54     52.72     87.40     37.19 
   452       49.85      1.08033        87.64     60.00     61.36      5.12      1.67     59.96     52.54     59.80     85.39     25.05 
   453       53.41      0.90015        94.32     61.92     67.20     16.59      2.89     53.24     59.30     59.25     91.00     28.40 
   454       52.58      1.06316        90.24     65.41     60.56      7.41      6.56     67.22     57.03     61.17     90.09     20.12 
   455       52.69      0.75514        87.96     73.65     80.36     19.25     14.44     30.48     44.97     54.82     88.01     32.96 
   456       51.52      0.68279        83.92     69.36     80.92     27.63     -0.56     29.48     48.10     54.23     88.67     33.51 
   457       51.81      0.71198        88.36     73.04     75.12     17.87      1.89     34.56     50.56     53.21     90.43     33.05 
   458       48.32      0.95975        86.84     60.05     65.60      8.53    -14.89     52.72     52.10     60.67     88.21     23.32 
   459       49.68      0.73031        82.60     69.92     71.52      7.84      5.33     27.72     50.49     59.34     89.12     32.93 
   460       51.61      0.63590        91.40     74.03     71.04     26.08     -6.56     23.84     54.22     54.39     87.13     40.49 
   461       52.53      0.71362        88.32     74.43     64.60     13.33     12.78     33.36     52.46     57.58     90.71     37.77 
   462       50.97      0.59569        73.60     76.91     78.96     22.83      4.56     19.02     53.83     52.70     85.38     41.95 
   463       53.23      0.79693        92.44     68.56     75.40     14.83      8.33     43.96     53.71     55.32     89.96     29.74 
   464       55.00      0.89903        88.72     69.25     68.12     23.95      7.56     57.28     55.19     63.11     88.68     28.11 
   465       50.36      0.79882        88.00     66.27     74.04     13.65     -1.89     32.34     54.95     57.42     91.53     27.27 
   466       50.75      0.91243        88.20     66.99     71.88      3.15     -2.78     49.46     60.14     57.88     87.38     25.16 
   467       50.79      1.00619        90.96     62.43     62.92     10.72     -7.89     59.64     56.46     60.15     90.94     21.53 
   468       53.38      1.02311        92.84     60.11     64.44     15.15     13.00     60.24     56.44     59.27     87.75     24.54 
   469       51.77      0.96646        84.04     72.03     66.44     11.47      5.56     57.56     52.03     57.71     87.33     23.52 
   470       49.24      0.75899        93.08     67.28     65.92     11.79    -12.56     38.58     51.68     57.04     87.06     32.48 
   471       48.82      1.16026        83.88     61.12     61.24     17.01    -13.56     62.12     51.46     57.36     88.99     18.56 
   472       50.07      0.77075        84.40     65.87     78.20     13.44    -12.00     38.52     55.62     57.98     86.62     32.04 
   473       52.42      0.84129        96.84     69.63     71.04     10.77     -6.00     45.64     57.40     59.30     85.97     33.58 
   474       53.87      1.01786        90.00     67.28     60.96     23.25     19.78     57.34     52.24     56.67     88.72     22.42 
   475       50.61      1.19592        87.84     60.56     53.64     12.96      3.22     63.56     54.48     59.90     88.23     21.75 
   476       48.99      1.10366        90.88     53.01     57.88      2.67     -7.00     65.42     53.49     60.73     89.37     23.46 
   477       49.47      1.14685        88.96     54.96     55.16      9.49     -2.00     62.26     52.63     60.85     88.45     23.94 
   478       51.15      1.14183        83.52     62.13     66.68      2.19      8.11     67.52     52.98     58.92     91.49     17.99 
   479       53.19      0.88413        83.84     61.31     69.60     26.93     -7.56     57.58     56.95     64.65     92.29     26.26 
   480       51.35      1.08120        91.12     59.44     66.04     12.59     -3.22     58.94     50.41     62.39     90.56     25.27 
   481       52.01      1.16063        86.60     59.47     54.60     17.76      5.67     72.04     53.14     62.38     89.12     19.28 
   482       52.37      1.05480        91.84     59.39     66.44     20.85      2.33     56.42     58.17     58.43     89.18     20.60 
   483       50.61      1.15446        86.16     55.07     59.32      1.55     15.22     67.92     55.06     61.47     83.11     21.25 
   484       50.16      0.95736        87.76     65.87     60.76     10.72     -3.22     54.24     55.48     57.40     88.15     24.42 
   485       50.16      0.99512        85.44     65.84     59.24      5.44     -5.67     58.88     56.81     60.04     89.67     25.93 
   486       51.40      0.95239        87.20     66.83     68.20      8.91      3.00     48.08     58.95     60.08     86.49     26.22 
   487       50.83      1.01210        84.04     68.19     59.84      9.07      8.89     54.56     53.06     59.43     87.51     23.70 
   488       50.39      1.08980        88.20     61.95     59.84      5.92      5.56     58.30     53.94     59.16     87.48     23.58 
   489       53.62      1.01522        90.96     66.16     72.72     20.75     -1.33     57.88     55.14     62.68     87.71     23.56 
   490       52.59      1.06912        93.60     68.35     57.40     -0.48      8.67     73.52     55.32     61.85     85.36     22.31 
   491       49.29      0.95631        88.68     67.49     65.08     10.67    -12.44     45.90     56.22     60.02     85.54     25.70 
   492       50.97      0.97118        90.28     68.53     70.28      3.15    -16.56     55.30     61.56     61.39     93.75     22.06 
   493       51.63      1.06165        91.12     62.88     63.08      7.41      2.78     61.32     57.06     59.28     90.83     20.51 
   494       53.34      1.07680        87.76     69.09     57.52     15.31      9.11     64.88     54.14     62.55     92.09     20.96 
   495       49.49      1.00600        84.64     65.01     61.56      6.24     -2.44     49.00     56.59     58.63     90.89     24.74 
   496       50.46      1.02500        87.64     60.48     61.28     -0.11      5.78     63.62     57.38     56.24     89.50     22.79 
   497       51.32      1.02577        85.36     61.33     72.28      5.23      2.11     56.98     58.22     57.96     90.77     22.95 
   498       50.07      1.02954        88.76     62.00     62.52      8.00     -4.67     62.76     51.60     60.86     88.35     20.47 
   499       53.66      1.02034        92.00     60.96     67.00     13.23      4.44     63.48     61.81     60.85     89.48     23.35 
   500       49.77      1.00904        90.92     64.16     57.72      3.25      6.67     54.34     53.65     60.26     85.34     21.42 
   501       53.18      1.02904        92.64     59.01     60.68     17.76      8.89     61.14     57.95     61.64     86.57     25.57 
   502       50.74      1.01936        87.32     56.91     62.84     11.68     -0.44     53.16     54.44     62.17     91.20     28.12 
   503       53.08      1.01034        92.76     64.83     65.52     11.57     10.89     60.24     53.60     59.34     86.33     25.77 
   504       50.81      1.01474        91.28     63.01     57.92     15.25     -4.56     54.66     57.49     59.43     88.46     25.11 
   505       53.40      1.01799        87.60     67.52     62.24     11.41     10.33     60.30     57.90     61.53     89.74     25.46 
   506       49.61      1.01786        85.68     61.79     57.92     17.87     -9.89     61.14     54.65     55.93     86.10     24.96 
   507       53.67      0.74664        82.20     64.85     68.60     34.29     -0.11     47.64     60.11     58.66     89.67     30.80 
   508       46.37      0.33850        58.08     93.31     67.24     23.04      8.11     -0.30     38.08     35.21     85.99     54.98 
   509       49.39      0.44010        75.96     84.08     76.56     20.43     -5.89     14.84     47.46     48.22     85.41     46.84 
   510       37.48      0.15674        33.88     94.24     49.52     48.75     16.00     -0.48     -4.13     14.21     89.13     33.69 
   511       53.27      0.87464        84.08     69.41     69.36     10.72     10.11     53.30     59.10     60.58     89.20     26.86 
   512       52.45      0.82289        92.60     72.35     70.24     13.28      3.44     37.60     53.57     58.61     91.49     31.30 
   513       53.04      0.76768        92.00     72.40     69.00     19.04      7.00     40.30     53.13     56.89     88.24     32.41 
   514       46.74      0.43763        57.12     84.19     56.32     18.77     16.33      9.92     43.81     44.45     89.57     46.89 
   515       49.13      1.18664        81.60     55.71     60.52     12.27     -9.44     70.32     50.05     61.99     88.00     20.31 
   516       51.79      0.88108        84.44     74.69     63.92      9.87      3.44     45.98     54.65     59.47     89.90     31.49 
   517       50.96      1.15409        90.88     55.57     67.72     17.55     -4.00     54.68     60.25     59.03     86.79     21.12 
   518       52.06      0.81944        86.56     69.41     77.76     19.25      2.00     41.44     53.48     58.39     83.94     28.33 
   519       48.16      0.44280        58.24     84.11     69.16     29.01      7.11     20.16     42.35     35.79     88.83     46.83 
   520       43.36      0.18965        46.92     91.71     72.20     40.21      7.89     -3.00     19.41     21.40     86.27     50.57 
   521       42.46      0.18387        45.48     96.48     68.44     41.65      4.78      5.56     12.79     15.97     83.47     50.00 
   522       44.84      0.30877        44.36     87.44     69.72     27.25     -1.56      3.56     40.67     30.16     88.04     58.74 
   523       50.74      0.49739        80.76     82.40     77.04     18.99      4.67     17.48     49.44     44.61     90.98     40.99 
   524       52.16      0.74125        96.96     73.65     68.20      8.96      7.78     33.78     56.76     55.75     89.34     30.44 
   525       47.72      0.36183        75.44     84.93     65.04     28.53      0.56      3.02     39.35     38.08     88.52     53.73 
   526       50.77      0.79113        75.68     72.61     67.00     13.28      9.44     40.70     52.95     57.09     86.87     32.10 
   527       51.28      0.48738        81.96     85.57     72.20     25.33     -5.33     19.00     50.30     50.87     86.77     46.09 
   528       51.81      0.57000        82.56     76.13     74.16     25.28      9.44     21.16     51.63     50.07     88.27     39.35 
   529       53.00      0.66228        86.88     73.73     81.40      5.07     14.11     21.92     60.97     55.75     92.89     37.33 
   530       48.10      0.96206        87.88     58.51     58.72     -1.55     -1.44     49.52     54.83     62.11     89.42     22.96 
   531       49.70      0.42711        71.92     82.75     69.80     28.21      8.67     19.44     39.21     41.52     85.52     49.99 
   532       18.05      0.02976        22.56     38.85     18.08     12.85     -3.67      5.76     -6.30      6.55     86.36     -0.58 
   533       50.16      0.53477        74.44     81.76     76.92     17.01     -0.11     17.04     50.46     50.41     87.21     46.44 
   534       39.78      0.18601        25.52     97.60     45.04     40.00      8.22      4.80     19.63     17.51     90.08     49.43 
   535       46.29      0.24800        55.68     98.27     48.28     29.76     17.33      1.90     32.70     25.38     93.31     60.30 
   536       50.56      0.42134        61.56     92.85     86.04     28.32      0.89      7.56     46.32     38.44     89.83     53.80 
   537       21.32      0.02579        28.12     35.09     34.12     11.57     20.78     -1.98     -2.44      7.12     85.43     -4.62 
   538       53.04      0.66938        86.48     69.25     78.28     22.08      1.44     38.18     53.17     56.82     88.59     36.06 
   539       50.42      0.80988        81.40     69.87     68.16     12.21      5.33     34.00     56.38     58.40     83.87     34.58 
   540       49.60      1.04704        86.56     64.27     51.88      8.27      2.22     52.34     57.56     58.44     88.65     25.81 
   541       51.98      0.77442        85.12     66.24     77.64     21.28     -3.33     39.86     54.65     59.88     88.70     29.79 
   542       52.54      0.96884        85.44     62.51     65.72      9.12     17.78     58.04     52.08     61.13     86.93     26.69 
   543       50.77      1.22959        90.16     57.47     53.32     16.75     -2.11     67.18     56.59     58.58     90.54     19.19 
   544       51.42      1.03739        90.56     63.84     61.24     13.60     -0.56     62.20     54.70     59.58     85.33     23.74 
   545       50.41      0.76243        82.80     67.60     74.00     21.07     -8.22     37.62     51.56     57.63     88.52     31.52 
   546       50.40      1.00787        92.60     59.23     56.84      5.76      7.11     61.22     52.08     60.97     85.29     22.93 
   547       50.10      1.34526        85.20     58.51     53.12      6.13      9.67     68.90     49.51     61.08     90.78     18.14 
   548       51.25      0.88468       100.36     60.00     79.68     12.11     -6.44     42.66     50.19     59.13     87.85     27.00 
   549       51.99      0.66677        78.24     69.44     79.36     20.11      6.78     33.66     50.90     55.67     89.38     36.33 
   550       45.03      0.37960        52.16     80.03     61.72     30.88      5.11     -3.16     44.68     39.70     86.96     52.22 
   551       48.50      0.57262        80.16     74.24     81.96     16.59    -10.89     12.92     48.11     55.30     87.46     39.12 
   552       49.52      0.53931        73.12     79.84     77.40     18.29      9.33     15.38     45.79     48.76     84.84     42.44 
   553       52.35      0.86529        91.12     61.04     79.80      7.73      2.56     49.78     55.24     60.71     86.50     28.98 
   554       51.89      1.19582        88.12     65.92     54.12     16.85      5.33     67.50     50.67     59.50     91.17     19.73 
   555       47.89      1.49187        82.36     53.15     54.80      5.60     -5.89     69.32     48.79     61.48     92.16     17.12 
   556       49.50      1.48557        85.00     47.20     53.92     10.56     14.44     68.34     47.10     62.79     89.71     15.98 
   557       48.44      1.45546        85.04     51.04     46.28     13.39     -4.22     73.58     49.63     61.53     88.37     19.78 
   558       47.99      1.63874        80.96     52.43     50.76      7.25     -2.44     72.96     45.70     62.34     93.50     16.41 
   559       44.98      1.87721        82.72     45.12     40.68     14.13     -4.33     65.90     45.76     60.05     86.72     13.02 
   560       46.44      1.80260        76.92     48.08     44.80     12.69      2.11     68.44     45.78     60.25     89.14     16.20 
   561       43.04      2.03750        77.84     40.48     39.68      3.41      1.22     69.18     42.90     60.71     82.44     12.53 
   562       42.80      2.03966        77.56     38.40     40.60      7.04      1.33     67.38     43.33     58.44     80.98     12.93 
   563       45.17      1.55726        80.36     47.68     46.24      7.89    -14.22     69.10     49.29     62.56     88.82     14.02 
   564       47.48      1.64600        81.48     47.04     46.56     -7.09     19.22     71.88     50.37     59.71     91.57     14.02 
   565       50.50      1.36832        82.88     49.73     53.96      9.76     14.33     74.88     55.33     60.71     84.81     18.65 
   566       51.04      1.09896        89.40     66.21     61.72      9.17     -1.00     63.02     54.90     60.17     86.07     20.73 
     1       52.11      0.77000        80.52     76.75     68.96     15.09      1.89     44.48     54.60     58.22     89.99     30.56 
     2       51.88      0.58815        69.76     76.45     73.44     24.75      9.22     21.34     57.92     54.20     88.40     43.36 
     3       51.37      0.68916        83.84     74.19     76.40     11.57     10.56     34.32     49.24     56.47     89.21     27.89 
     4       51.57      0.84474        86.76     68.03     64.00     15.47      8.56     43.94     53.95     57.13     86.81     31.01 
     5       45.99      0.34189        65.04     86.56     68.64     21.60      3.33      2.32     41.25     33.31     88.28     49.56 
     6       51.02      1.12943        86.76     59.12     57.84     17.60      6.56     58.12     55.30     60.57     87.79     20.56 
     7       52.25      0.92527        94.36     67.07     60.40     21.39     -7.11     58.80     55.83     58.83     84.87     28.10 
     8       51.40      1.13123        87.48     54.77     70.32     13.97     13.00     56.48     50.54     58.46     88.84     20.12 
     9       49.81      0.74909        83.28     74.05     63.08      7.63      2.56     33.38     53.86     57.75     91.77     30.70 
    10       53.38      0.72388        93.28     69.07     70.56     20.91      7.89     34.72     56.41     57.72     88.51     34.69 
    11       52.62      0.87697        93.96     66.53     71.72     15.25     -5.56     54.04     55.10     59.13     88.70     27.37 
    12       52.63      0.65914        74.56     78.05     77.80     24.11      0.89     34.50     57.05     54.55     90.34     34.48 
    13       51.10      1.06502        83.80     61.39     65.12     11.04     -0.33     61.36     56.48     60.44     89.89     21.79 
    14       46.69      0.29440        52.12     90.21     72.96     36.48      4.44      0.18     35.13     30.25     84.40     60.75 
    15       52.36      0.61322        77.88     75.81     75.16     28.48      6.00     21.48     51.16     55.60     89.62     42.36 
    16       48.12      0.31929        56.36     86.35     78.32     36.53      4.00      3.94     37.08     32.94     87.75     57.90 
    17       53.49      0.69758        89.00     79.55     67.48     21.81      6.33     43.62     54.78     53.60     86.29     32.41 
    18       51.13      1.15183        83.36     58.88     62.48      3.36      1.89     67.96     56.13     62.75     88.85     25.69 
    19       43.16      0.27849        37.68     90.99     56.20     32.16      9.44      3.96     33.03     25.45     86.97     55.75 
    20       49.87      1.16851        84.08     58.35     55.76     22.51     -2.67     63.90     50.94     58.69     84.84     22.30 
    21       50.29      0.95812        85.36     64.67     61.72      8.69      3.78     50.34     57.25     59.27     85.62     26.19 
    22       48.69      0.40525        68.28     84.16     71.80     33.65      1.78      2.92     48.27     41.25     84.75     49.99 
    23       50.65      1.10926        93.08     61.20     64.52     10.40     -6.89     62.00     52.83     58.78     86.12     24.51 
    24       54.24      0.65303        84.84     67.92     71.20     20.48     19.22     40.08     53.22     57.77     88.75     38.93 
    25       50.27      0.63139        85.72     75.73     70.92     20.80    -12.11     28.20     51.79     55.10     90.14     36.40 
    26       51.94      0.57399        93.12     79.47     81.04     19.09     -4.67     19.34     48.79     51.53     91.36     40.31 
    27       49.58      0.74223        91.52     67.17     66.12     14.56     -1.89     34.44     50.60     54.63     88.72     29.90 
    28       50.78      0.81021        90.20     67.17     69.76     17.49     -5.44     42.22     50.71     58.74     87.28     29.69 
    29       48.38      0.24253        54.56     92.88     67.56     44.00     16.00      3.38     36.78     24.95     88.05     55.60 
    30       52.13      0.92049        90.28     58.83     69.00     24.05     -2.22     51.76     56.70     56.43     88.63     27.80 
    31       51.50      0.63568        76.80     80.93     69.68     21.92      3.44     32.60     50.98     51.69     89.51     37.42 
    32       49.96      0.46007        61.48     79.71     85.24     23.15      1.56     21.78     48.52     44.44     88.05     45.69 
    33       50.38      0.95940        85.68     64.11     62.20     18.83     -9.33     54.60     54.32     58.87     85.37     29.21 
    34       52.46      1.10126        89.20     70.13     60.96     23.79     -9.33     64.30     55.63     59.85     87.68     22.33 
    35       49.65      0.86468        89.20     64.37     67.64     10.56     -0.22     42.04     55.68     54.57     88.16     24.47 
    36       48.26      1.45675        84.76     52.16     53.36     17.44     -8.56     71.34     48.90     60.83     89.91     12.49 
    37       48.35      1.27165        84.16     45.49     51.80      5.76      4.00     68.54     50.05     62.19     91.74     19.75 
    38       47.23      1.20327        88.84     56.53     56.48      3.68    -14.00     60.28     52.35     62.26     86.30     19.56 
    39       50.46      1.13595        92.60     53.07     60.80     14.08     -0.00     62.24     55.43     58.70     89.11     18.58 
    40       47.16      1.28888        81.88     59.04     54.40      6.40    -14.33     63.44     51.70     59.81     91.90     17.37 
    41       51.95      1.18053        94.40     60.37     60.40     16.80      1.67     65.68     50.46     62.14     87.85     19.78 
    42       49.60      1.23777        84.88     59.25     58.12     15.95     -5.33     63.40     53.22     60.17     88.73     17.64 