constructTestCases(): generating 11 specified cases ...  DONE
Procedure Optimizer.Optimize()
Oracle probabilites : disabled
Optimizer(): Simulated Annealing , Random-normalized optimality [%]
Optimizer(): config:  [[0.2], [9.9], [], 10, 10, 0.75, 0.01, 0.5, 0.01]
Optimizer(): selective: [  1  ]
Optimizer(): evals/step: 10
Optimizer(): numParams: 1 , completeRepeats: 100
MABsolver_config: algorithms: EpsGreedy , CP DavorTom , CPT Davor , Reset AllZero
MABsolver_config: params: types:  Direct  Direct  Direct  Direct  Direct  
MABsolver_config: params: numInputs:  0  0  0  0  0  
MABsolver_config: params: weights:  [  0.140000  ]  [  2.000000  ]  [  1.000000  ]  [  50.000000  ]  [  1.000000  ]  
BanditTestBatch: casesIDs:  0  1  2  3  4  5  6  7  8  9  
BanditTestBatch: numCases: 10
BanditTestBatch: maxim sum reward: 3919.0
BanditTestBatch: random reward: 2805.0
 Evals       Score          p01       case01    case02    case03    case04    case05    case06    case07    case08    case09    case10 
     1       43.80      2.00000        49.60     66.93     82.80     21.33      4.44     60.90     15.40     54.36     69.07     13.15 
     2       53.77      3.81546        65.40     76.93     70.40     46.67     24.44     42.60     31.90     64.18     79.37     35.80 
     3       43.11      5.33341        43.80     81.33     72.20     49.07    -12.78     10.70     17.38     57.67     80.41     31.36 
     4       54.68      3.09195        70.40     77.73     91.80     21.60     24.44     55.00     42.54     60.22     74.01     29.01 
     5       43.56      3.07021        76.80     68.53     70.20    -18.93    -27.22     66.20     37.38     62.76     73.02     26.85 
     6       44.97      2.68274        69.40     67.73     65.60     10.93    -21.11     49.50     36.98     74.25     69.84     26.60 
     7       52.63      3.86774        80.60     72.80     81.80      6.93     27.22     43.70     31.98     71.16     76.01     34.14 
     8       37.08      1.46217        43.80     84.40     71.00    -19.47      6.67     53.90     11.27     56.18     67.85     -4.75 
     9       51.67      3.72671        73.20     88.13     60.60     25.07      6.11     48.60     31.03     65.56     73.74     44.69 
    10       51.05      3.13326        42.60     62.67     63.40      8.27     31.67     65.70     58.65     66.00     73.24     38.33 
    11       47.00      5.14176        79.20     91.07     77.40      5.87     12.78     41.70      4.68     59.20     68.62     29.44 
    12       50.78      4.47327        60.80     70.80     86.40     58.40     18.33     39.30     13.81     58.76     79.91     21.23 
    13       51.37      4.08309        71.00     91.47     71.40     26.67     17.78     57.50     19.92     62.18     73.42     22.35 
    14       44.44      5.81944        71.80     81.87     80.40     26.93     10.00     21.50     11.35     57.16     78.23      5.19 
    15       44.73      5.90599        80.40     82.53     80.20     13.33     12.22     22.20     -3.25     59.85     71.25     28.52 
    16       48.43      7.09184        60.00     98.13     71.40     33.60     36.11     24.70     12.22     47.75     78.64     21.79 
    17       43.01      6.30524        65.00     81.33     89.20     26.13     19.44      6.80     10.56     48.58     73.56      9.51 
    18       37.26      8.04595        69.40     84.13     85.80     17.33    -10.00      6.90      4.44     46.47     68.12      0.00 
    19       39.47      7.39196        81.00     84.93     63.00     33.87    -18.89      5.30      8.81     45.16     76.24     15.25 
    20       44.65      7.53896        75.40     97.33     83.20     56.53    -13.33     13.70     12.70     39.64     75.74      5.56 
    21       43.33      5.13096        68.40     89.60     76.00     18.13     -7.78     28.50     11.03     56.44     74.29     18.70 
    22       40.76      6.34338        55.20     84.13     84.20     23.47     -2.22     11.30     -0.48     54.84     77.60     19.57 
    23       39.51      6.76374        84.60     80.80     91.60     17.60     -0.56     -5.20      3.49     49.38     77.82     -4.44 
    24       44.75      5.75082        69.00     79.60     83.60     37.87     10.00     29.00      0.16     56.80     72.97      8.52 
    25       43.19      7.29495        74.40     83.60     68.40     36.80     23.89     -3.40      5.40     52.18     76.05     14.57 
    26       46.22      6.98565        91.00     83.33     88.80     33.07     -3.33     17.60     10.48     47.82     80.32     13.09 
    27       44.97      6.45340        69.80     85.73     73.00     40.00     24.44     17.50      1.90     52.00     81.86      3.46 
    28       48.24      7.56910        72.40     91.07     87.20     32.53     13.33     20.70     20.24     47.89     77.19     19.81 
    29       46.61      5.75965        74.00     78.27     86.20     34.40     41.11     14.50      6.43     49.75     75.19      6.23 
    30       54.73      4.89181        64.20     78.80     84.20     50.40     39.44     47.20     16.75     68.95     79.00     18.40 
    31       57.07      3.36447        68.20     94.27     84.60     32.27     21.67     63.70     31.11     69.67     69.25     35.93 
    32       43.30      2.21400        60.80     76.80     70.40    -13.87    -13.33     62.20     33.81     69.71     71.16     15.31 
    33       40.39      1.84796        53.20     76.27     76.80      3.73     -5.56     55.10      9.84     58.22     64.63     11.67 
    34       45.09      2.66331        60.60     59.87     63.40     23.20    -23.89     58.30     44.29     69.24     69.07     26.79 
    35       51.19      4.39420        72.80     88.00     73.60     10.40     15.00     55.40     25.87     65.45     77.41     27.96 
    36       50.60      4.71119        70.20     83.60     72.80     26.67     30.00     37.10      8.10     66.18     75.37     35.99 
    37       50.51      4.64936        75.40     84.13     40.40     50.40     34.44     45.70     14.21     62.62     79.00     18.77 
    38       51.13      4.01544        72.40     99.33     56.60      7.20     22.22     50.80     33.17     71.09     70.66     27.78 
    39       49.85      3.48069        89.00     61.47     68.80     26.13    -18.33     64.60     38.25     62.44     72.52     33.58 
    40       51.04      3.62207        70.20     74.53     83.20     24.00     -1.67     36.30     53.17     69.96     79.18     21.48 
    41       36.50      2.15458        49.80     58.27     74.80    -27.73    -22.78     61.10     23.33     57.05     69.21     21.98 
    42       51.39      4.37294        66.00     88.53     60.00     11.20     27.78     43.70     34.21     67.71     80.05     34.75 
    43       41.74      5.46383        79.00     78.93     83.40     35.73     -6.67     27.30     -7.86     55.38     72.83     -0.62 
    44       45.10      3.05928        49.60     67.87     67.40     -7.20    -20.00     66.50     43.49     74.25     65.40     43.70 
    45       52.73      3.28023        82.00     86.27     44.60     -6.40     32.22     61.30     42.78     72.91     70.98     40.62 
    46       53.08      3.60254        72.20     86.27     71.40     13.87      8.33     65.80     39.37     62.36     75.87     35.37 
    47       50.53      3.11023        72.20     79.47     54.00      6.40      7.78     61.70     39.52     73.13     73.97     37.16 
    48       55.55      3.23517        62.60     86.00     57.00     26.67     42.22     60.30     45.63     65.05     71.20     38.83 
    49       55.49      3.30329        83.40     90.53     67.60     22.67     30.00     52.20     34.29     66.04     71.93     36.23 
    50       57.55      3.24397        79.80     63.73     95.40     26.40     16.67     72.90     29.52     73.24     74.60     43.27 
    51       50.58      4.05543        61.40     93.87     79.80     -7.20     23.89     53.60     18.17     66.44     71.97     43.89 
    52       52.93      3.89591        65.40     78.27     77.20      5.33     45.56     51.30     33.57     73.89     70.84     27.90 
    53       40.62      4.25524        71.80     82.13     69.40     -3.73    -30.56     35.00      6.59     68.44     77.37     29.75 
    54       54.95      4.31926        65.20    101.20     73.20     64.00     22.78     47.50     -5.16     69.75     72.47     38.58 
    55       43.98      2.40252        54.60     78.93     87.00     -3.73     -6.11     50.40     25.87     64.18     69.80     18.83 
    56       52.28      4.01703        69.40     78.53     69.80     22.13     16.67     38.50     45.79     73.24     78.19     30.56 
    57       48.12      3.22893        81.80     73.87     67.00     19.20    -26.67     57.40     33.33     68.15     71.43     35.68 
    58       57.69      3.71375        70.60     78.13     75.40     70.67     -2.78     56.00     49.92     69.96     71.93     37.04 
    59       45.92      3.07448        49.80     63.33     68.80     26.40     -7.22     53.70     37.70     70.95     69.12     26.67 
    60       49.03      3.00802        66.00     67.87     93.20      0.00     11.67     52.90     40.00     64.55     72.56     21.54 
    61       49.30      2.81172        64.40     73.73     68.20     16.27     12.22     63.70     29.05     61.56     71.34     32.53 
    62       45.49      3.46669        59.00     75.87     62.20     -1.60      0.00     61.10     16.59     72.04     73.33     36.42 
    63       49.38      2.92821        79.60     50.13     72.80      2.67     -4.44     72.90     41.43     70.62     70.20     37.90 
    64       49.33      4.45741        76.00     87.33     68.80      6.93     24.44     46.90     20.40     70.47     75.74     16.30 
    65       52.55      3.16911        77.60     74.00     82.20     11.20     -3.89     62.00     54.68     65.49     75.83     26.36 
    66       52.17      4.26167        71.00     75.87     73.60      3.73     52.22     41.50     34.76     68.58     83.08     17.35 
    67       54.08      4.37509        73.60     83.20    104.60     25.87      6.67     47.80     38.65     64.18     72.02     24.20 
    68       47.74      4.08677        65.80     95.87     61.40     34.67    -32.22     52.70     24.29     67.56     78.10     29.26 
    69       46.26      4.22819        54.80     92.80     58.40     37.87    -15.00     50.30     18.97     61.56     72.83     30.06 
    70       49.97      4.42771        51.80     76.27     83.00     15.73     21.11     53.80     22.46     70.69     76.19     28.64 
    71       49.29      4.07298        81.60     79.07     65.20     30.67    -18.89     48.30     31.90     69.64     71.88     33.58 
    72       45.70      3.81751        69.00     74.93     67.20      0.80    -19.44     56.60     32.46     66.22     76.78     32.41 
    73       50.87      4.00091        73.40     73.07     79.60     13.33     13.89     52.10     24.76     71.71     77.19     29.69 
    74       52.41      3.85030        71.40     89.33     56.80      6.93     44.44     47.80     35.08     63.45     76.60     32.28 
    75       56.12      3.56712        56.40     76.00     90.40     14.40     38.33     60.60     39.29     67.96     82.49     35.37 
    76       51.43      3.44898        79.20     73.20     74.20     18.13    -16.67     75.00     29.52     67.56     74.06     40.06 
    77       49.11      4.28947        67.20     78.80     78.00     20.80    -17.22     56.30     35.48     69.93     78.14     23.64 
    78       51.03      3.58964        67.80     73.20     65.40     32.80      9.44     54.10     37.62     69.35     73.61     26.98 
    79       50.23      4.00989        77.00     92.40     65.80     19.20     -6.67     40.60     47.86     63.67     73.42     29.01 
    80       51.91      3.57579        59.40     69.20     75.40     12.27      1.11     66.10     60.40     65.96     74.97     34.32 
    81       52.32      3.77452        63.40     90.53     76.60    -19.20     59.44     51.30     25.48     72.33     72.11     31.23 
    82       48.94      3.45693        73.40     66.80     71.80      0.53     21.67     61.00     28.10     62.62     73.74     29.75 
    83       42.37      3.55266        38.20     86.67     68.00      7.20    -34.44     60.10     27.78     62.25     74.33     33.58 
    84       49.79      3.97619        64.40     90.67     76.80      7.20     -4.44     48.20     44.60     59.60     75.83     35.06 
    85       46.96      3.76170        63.80     85.33     56.80      4.80    -12.22     68.70     28.02     63.35     73.88     37.16 
    86       53.74      3.67090        72.40     82.93     57.60     33.87     28.89     40.50     39.68     77.20     74.97     29.38 
    87       46.70      3.67154        59.80     63.47     78.00     -0.80      5.00     60.80     29.37     65.64     72.43     33.33 
    88       51.15      3.60184        52.40     66.40     56.00     32.80     25.56     69.10     41.75     65.16     69.30     33.02 
    89       49.11      4.02612        70.00     66.67     84.00    -13.87     -2.22     57.00     36.43     69.38     74.20     49.51 
    90       50.39      3.73625        51.80     92.27     66.20     36.53    -28.89     77.10     37.30     69.85     74.92     26.79 
    91       54.38      3.69985        67.80     67.60     75.40     56.53      6.67     59.40     26.51     72.69     70.29     40.93 
    92       51.22      3.71050        61.20     72.27     77.20     20.53     18.89     48.10     26.51     69.49     76.55     41.42 
    93       50.28      3.71756        73.40     84.80     57.80      2.13      7.78     59.80     43.57     66.91     72.97     33.64 
    94       51.81      3.72508        71.00     77.20     95.20     29.07     -6.67     46.50     23.25     71.75     75.46     35.31 
    95       52.46      3.75642        81.60     71.47     71.00     15.73     15.56     72.60     16.67     72.18     74.42     33.40 
    96       51.57      3.73687        57.80     92.00     74.20     -6.40     25.00     64.30     34.68     68.36     68.98     36.79 
    97       48.98      3.70585        69.80     72.27     61.20      8.27      7.78     44.70     32.70     68.51     77.87     46.67 
    98       53.97      3.71742        75.20     84.27     61.80     21.07     25.00     60.40     30.95     66.36     72.20     42.47 
    99       41.22      3.67062        23.80     77.20     71.00     -1.07     -8.89     38.20     32.86     69.38     72.97     36.79 
   100       53.13      3.73689        74.20     73.87     54.80     27.20     18.89     64.60     33.17     71.45     79.59     33.52 
   101       49.12      3.71222        70.00     76.00     70.40      1.33      1.11     59.10     39.92     63.24     76.51     33.58 
   102       49.63      3.71375        87.20     84.13     89.00    -21.07    -18.33     61.50     40.24     61.82     71.07     40.74 
   103       50.70      3.82245        87.80     78.53     83.40      8.53      5.56     58.30     12.14     67.49     70.79     34.44 
   104       41.71      5.30406        84.20     66.00     86.40     12.53    -31.67     45.30      0.56     65.75     75.28     12.72 
   105       51.35      3.55393        62.20     72.00     69.00      4.80      0.56     67.50     51.90     77.05     72.29     36.17 
   106       41.06      1.73318        56.80     69.33     58.20    -14.40     57.22     43.00      4.29     57.93     70.25      8.02 
   107       56.04      4.25091        70.20     98.40     86.20     23.73     25.56     65.80     18.49     69.96     66.98     35.06 
   108       45.84      5.21840        65.00     68.13     75.80     29.60     12.78     28.10     15.32     65.31     83.67     14.69 
   109       42.92      5.61872        53.00     88.53     76.20     17.87     20.56     26.10      4.13     58.80     79.14      4.88 
   110       42.30      4.20634        58.20     90.00     55.20     -5.60     -7.78     51.40     18.81     62.15     74.83     25.80 
   111       53.77      4.14654        62.00     89.47     84.80     21.07     30.00     51.30     31.35     72.76     75.69     19.26 
   112       51.79      3.27371        60.80     78.40     82.20     -2.67     37.22     62.30     22.06     72.00     71.07     34.51 
   113       39.87      1.26828        30.00     70.00     66.20      0.53     42.78     56.70     20.71     48.40     66.30     -2.96 
   114       34.07      1.69177        48.40     65.60     68.40    -15.47    -27.22     53.00     23.73     50.91     70.16      3.21 
   115       53.53      2.88347        59.00     57.07     67.40     26.67     44.44     68.40     35.40     71.82     73.24     31.85 
   116       55.02      3.89654        44.00     73.20     91.80     37.33     38.89     65.60     25.95     68.55     72.83     32.04 
   117       51.47      3.96743        76.00     86.13     58.80     -3.47     32.78     54.70     29.60     65.89     76.69     37.53 
   118       47.93      2.96904        75.40     59.60     81.60      1.87      0.56     63.10     22.94     68.00     77.14     29.07 
   119       44.16      5.10862        62.80     92.53     74.20     50.13    -29.44     38.80      9.05     56.44     75.78     11.36 
   120       56.16      4.34707        66.80     85.60     87.60     25.33     24.44     55.70     36.35     73.75     74.69     31.30 
   121       44.96      4.86784        58.20     84.93     71.20      1.33     15.56     54.70      7.06     56.95     78.55     21.11 
   122       40.86      2.42719        74.80     75.20     48.40    -10.13    -36.11     64.60     42.70     58.33     69.21     21.60 
   123       49.15      3.93016        76.60     85.47     70.60     -0.53      6.67     60.80     26.27     68.65     72.52     24.44 
   124       48.68      3.35892        82.60     77.33     57.20     15.73     -7.22     49.00     46.75     67.82     73.24     24.32 
   125       46.82      4.56847        56.60     81.87     63.40     22.93     36.67     30.40     17.46     60.33     70.75     27.78 
   126       49.63      4.15107        85.80     70.27     71.20     20.27    -19.44     52.60     35.71     70.44     76.60     32.90 
   127       44.68      4.45402        63.60     77.87     75.20     -6.13      3.33     32.50     32.62     65.49     75.51     26.79 
   128       48.96      3.08942        52.20     62.27     87.00     24.53    -13.33     59.30     51.75     66.65     74.97     24.26 
   129       48.58      4.70668        82.40     58.67     78.60     43.20    -14.44     32.20     29.76     69.13     77.91     28.33 
   130       54.03      3.69180        72.00     78.40     77.20     29.07     13.33     66.90     23.89     70.36     72.93     36.17 
   131       34.21      1.85140        43.60     64.53     62.40     -6.40    -17.22     55.30      8.89     62.40     66.67      1.91 
   132       36.80      1.82622        60.80     64.80     80.00    -28.80    -22.78     62.20      8.49     59.60     73.42     10.25 
   133       42.30      5.29578        71.80     76.53     76.40      5.60     -5.56     34.20     10.00     59.45     75.60     18.95 
   134       56.20      4.01792        68.00     80.27     77.80     45.60     38.89     50.60     28.65     67.02     71.56     33.58 
   135       54.76      4.15273        72.00     84.40     72.60      1.33     46.11     57.60     37.94     65.16     78.28     32.16 
   136       45.47      5.55388        63.60     90.40     70.00     26.13     18.89     19.30     10.48     52.84     83.27     19.75 
   137       42.79      4.14179        42.40     78.67     84.00     -7.73     26.11     48.80      0.48     69.16     72.52     13.46 
   138       49.49      2.63513        67.20     73.60     69.80     16.00     12.78     65.00     34.44     67.78     68.98     19.32 
   139       51.82      4.03100        84.60     85.47     74.00     28.27     -7.78     33.20     41.27     71.05     74.83     33.27 
   140       50.11      3.21585        57.40     81.60     62.20     31.47      8.89     65.60     23.81     71.67     71.38     27.10 
   141       57.80      4.16398        67.00     85.33     88.80     56.80     13.33     48.10     48.41     63.42     73.20     33.64 
   142       40.38      5.01514        79.00     86.40     66.00    -11.73      0.56     26.40     13.97     61.31     73.33      8.58 
   143       50.16      3.30968        72.00     68.40     71.00     19.20      7.22     63.90     34.84     63.38     71.56     30.12 
   144       53.98      4.23472        74.00     79.87     77.60     21.60     21.11     56.90     42.38     65.02     77.41     23.89 
   145       48.34      3.17668        66.20     83.73     76.80     -2.67    -11.67     66.20     36.27     67.71     69.61     31.23 
   146       55.24      4.67310        89.80     98.93     66.40     25.07     32.22     41.10     24.44     58.95     78.96     36.54 
   147       43.56      4.99856        73.00     80.80     76.80      2.40     -8.33     25.90     35.63     64.55     74.06     10.80 
   148       51.02      3.85562        64.40     69.73     82.60     18.93      8.33     53.50     40.48     66.98     78.14     27.10 
   149       48.88      3.14773        53.40     96.53     75.00     -3.73      3.89     70.10     25.95     69.02     70.48     28.15 
   150       50.78      4.54000        60.40     92.27     80.80     -9.87     47.78     39.80     34.68     64.98     79.59     17.35 
   151       48.07      5.20172        78.60     82.67     71.60     62.40     -5.56     27.50     12.70     55.78     77.73     17.28 
   152       55.77      3.80177        67.00     69.20     82.00     28.80     17.22     64.00     39.76     71.02     74.47     44.26 
   153       49.79      3.20261        60.80     78.13     66.80     21.87    -11.11     67.10     35.00     70.80     72.88     35.62 
   154       49.65      3.95704        73.40     79.73     82.00      9.60      5.00     55.80     11.51     62.65     75.42     41.42 
   155       47.85      4.14496        58.20     71.20     91.20     -0.00      8.33     59.60     18.81     68.76     70.52     31.91 
   156       51.43      3.83685        65.20     82.67     64.80     25.60     22.22     52.60     47.38     59.82     74.88     19.14 
   157       50.45      4.54403        76.00     84.27     72.20      0.53     27.78     60.60     25.40     62.84     76.73     18.15 
   158       51.18      4.61507        81.00     88.27     67.20     29.60      5.00     51.10     31.67     52.91     82.63     22.47 
   159       52.77      3.97180        77.00     81.47     81.20     18.13      4.44     64.10     31.19     67.02     77.73     25.43 
   160       45.07      4.81110        71.40     86.80     75.40     13.60     11.67     32.90     16.03     55.02     70.93     16.98 
   161       50.21      3.38139        51.60     78.53     74.40      6.13      8.33     66.50     36.43     68.33     73.97     37.90 
   162       44.45      4.11209        61.80     71.33     81.60     16.53    -12.22     44.50     13.41     63.45     77.69     26.42 
   163       51.66      3.10719        63.20     76.80     69.00      6.67     11.11     75.70     37.38     64.47     75.01     37.22 
   164       49.14      4.12150        59.00     80.80     75.20     24.80     14.44     32.50     37.14     67.56     77.01     22.96 
   165       51.24      4.12369        48.60     90.00     60.80     27.20     35.56     49.20     33.33     69.71     71.61     26.42 
   166       47.85      4.27145        59.20     83.47     77.40      0.53     22.78     35.20     12.06     71.27     76.69     39.88 
   167       49.73      3.34370        66.40     71.07     70.60     14.67     -3.33     77.30     37.86     62.91     71.16     28.70 
   168       45.52      4.02018        65.00     66.67     82.40    -11.73    -15.00     58.70     38.49     66.84     77.64     26.17 
   169       53.26      3.76427        79.20     77.20     59.00     18.40     20.56     61.20     30.95     72.58     74.10     39.44 
   170       53.03      3.92702        70.40     63.73     81.00     34.13      7.78     54.10     43.10     68.04     70.25     37.78 
   171       58.95      4.15390        81.60     83.87     88.60     48.53     26.67     60.10     25.16     61.53     78.91     34.51 
   172       41.06      4.77203        49.20     83.20     77.40      2.93    -11.67     24.00     23.57     62.11     85.08     14.81 
