constructTestCases(): generating 11 specified cases ...  DONE
Procedure Optimizer.Optimize()
!!! --- WARNING --- !!! Oracle probabilites : ENABLED !!! --- WARNING --- !!!
Optimizer(): Simulated Annealing , Random-normalized optimality [%]
Optimizer(): config:  [[0.0], [0.4], [], 10, 10, 0.75, 0.01, 0.5, 0.01]
Optimizer(): selective:  0.000000  
Optimizer(): evals/step: 10
Optimizer(): numParams: 1 , completeRepeats: 100
MABsolver_config: algorithms: EpsGreedy , CP Disabled , CPT Davor , Reset: TODO
MABsolver_config: params: types:  Direct  Direct  Direct  Direct  
MABsolver_config: params: numInputs:  0  0  0  0  
MABsolver_config: params: weights:  [  0.100000  ]  [  2.000000  ]  [  0.000000  ]  [  5.000000  ]  
BanditTestBatch: casesIDs:  0  1  2  3  4  
BanditTestBatch: numCases: 5
BanditTestBatch: maxim sum reward: 1170.0
BanditTestBatch: random reward: 939.5

    88.53     0.100000 
    85.31     0.010720 
    11.11     0.000000 
    78.73     0.205765 
    11.11     0.000000 
    85.83     0.133026 
    11.11     0.000000 
    65.74     0.003048 
    75.56     0.242431 
    59.21     0.400000 
    61.68     0.379211 
    76.28     0.227167 
    59.75     0.400000 
    78.22     0.211717 
    70.31     0.291628 
    63.99     0.359703 
    70.55     0.294097 
    66.46     0.329469 
    59.07     0.400000 
    59.64     0.395531 
    71.87     0.275230 
    81.72     0.172715 
    87.09     0.107081 
    80.78     0.184660 
    90.04     0.085214 
    89.23     0.087089 
    89.57     0.083104 
    86.19     0.119395 
    79.35     0.200108 
    85.21     0.134361 
    75.72     0.242585 
    79.16     0.193945 
    82.47     0.165872 
    88.11     0.088018 
    90.80     0.040465 
    91.20     0.056784 
    87.81     0.018823 
    11.11     0.000000 
    92.71     0.048015 
    11.11     0.000000 
    85.72     0.131366 
    91.38     0.036328 
    91.46     0.050248 
    86.78     0.115275 
    91.89     0.059788 
    80.98     0.006337 
    93.21     0.028617 
    11.11     0.000000 
    92.34     0.053670 
    87.43     0.094130 
    93.11     0.044426 
    91.68     0.032032 
    11.11     0.000000 
    89.91     0.065796 
    91.17     0.045631 
    11.11     0.000000 
    11.11     0.000000 
    92.44     0.029536 
    90.95     0.065174 
    89.56     0.079052 
    83.69     0.147470 
    89.46     0.087814 
    88.02     0.095197 
    89.56     0.086047 
    83.90     0.148473 
    86.80     0.107325 
    85.11     0.137811 
    82.94     0.157273 
    84.32     0.146558 
    78.99     0.201732 
    81.52     0.176448 
    87.88     0.100588 
    88.34     0.105308 
    85.61     0.127949 
    85.38     0.142008 
    88.90     0.097955 
    92.03     0.059231 
    84.35     0.015282 
    80.84     0.015434 
    91.64     0.061749 
    87.65     0.101174 
    89.15     0.037978 
    90.88     0.067811 
    91.12     0.045726 
    91.92     0.050894 
    91.83     0.032806 
    91.49     0.051377 
    90.75     0.047804 
    91.05     0.038810 
    87.21     0.019976 
    91.32     0.055756 
    92.67     0.052588 
    92.16     0.054897 
    90.73     0.052004 
    92.18     0.054357 
    91.73     0.055517 
    91.59     0.054516 
    90.68     0.055441 
    90.65     0.058343 
    91.09     0.053866 
    91.28     0.050494 
    92.14     0.054357 
    11.11     0.000000 
    91.65     0.038866 
    11.11     0.000000 
    87.79     0.107326 
    91.33     0.025023 
    11.11     0.000000 
    11.11     0.000000 
    91.13     0.034058 
    11.11     0.000000 
    11.11     0.000000 
    11.11     0.000000 
    11.11     0.000000 
    85.78     0.130885 
    69.65     0.304666 
    75.64     0.239141 
    86.40     0.129726 
    80.48     0.184479 
    89.18     0.083310 
    78.31     0.211652 
    88.27     0.103676 
    77.17     0.224987 
    88.52     0.085783 
    77.68     0.219643 
    83.79     0.147460 
    79.12     0.202689 
    76.35     0.229479 
    76.95     0.221015 
    71.38     0.277527 
    76.07     0.238179 
    76.13     0.235533 
    76.80     0.227785 
    69.36     0.302376 
    68.69     0.308043 
    70.90     0.279157 
    72.80     0.273219 
    59.90     0.400000 
    68.77     0.310809 
    72.14     0.273548 
    83.97     0.152979 
    89.26     0.082518 
    86.42     0.116763 
    85.16     0.136951 
    78.51     0.203408 
    85.51     0.131934 
    91.02     0.056520 
    11.11     0.000000 
    87.31     0.114340 
    83.14     0.162876 
    83.45     0.147442 
    80.18     0.194047 
    81.07     0.179200 
    80.08     0.190341 
    72.35     0.276675 
    85.54     0.131380 
    82.93     0.161362 
    86.84     0.126293 
    82.80     0.164762 
    76.38     0.229958 
    81.13     0.178866 
    73.39     0.259099 
    82.00     0.169819 
    78.67     0.206232 
    80.29     0.183712 
    86.36     0.131395 
    83.41     0.159638 
    79.63     0.199322 
    84.06     0.150815 
    87.27     0.114973 
    83.07     0.159318 
    77.14     0.218254 
    82.51     0.167088 
    78.63     0.203620 
    83.43     0.154915 
    85.55     0.129653 
    86.19     0.131446 
    88.18     0.098084 
    89.45     0.086554 
    88.55     0.095879 
    88.19     0.105490 
    89.66     0.090086 
    88.07     0.101822 
    88.13     0.094577 
    87.27     0.095988 
    88.00     0.097310 
    86.86     0.115598 
    86.82     0.116585 
    90.12     0.078271 
    88.01     0.101369 
    89.58     0.081174 
    90.55     0.067311 
    90.13     0.065782 
    90.40     0.065349 
    90.07     0.068397 
    91.84     0.068257 
    89.52     0.067965 
    91.11     0.065193 
    90.81     0.064413 
    91.08     0.062911 
    92.09     0.062234 
    90.26     0.060392 
    90.20     0.062234 
    88.42     0.090430 
    91.69     0.051334 
    89.49     0.064160 
    11.11     0.000000 
    11.11     0.000000 
    11.11     0.000000 
    11.11     0.000000 
    76.42     0.223843 
    70.62     0.005873 
    11.11     0.000000 
    11.11     0.000000 
    11.11     0.000000 
    11.11     0.000000 
    79.82     0.196837 
    11.11     0.000000 
    11.11     0.000000 
    84.19     0.147697 
    87.70     0.100194 
    11.11     0.000000 
    75.27     0.239295 
    84.33     0.146617 
    90.96     0.037126 
    81.11     0.180309 
    68.01     0.314348 
    74.82     0.243970 
    72.70     0.267919 
    79.42     0.194291 
    91.58     0.066880 
    89.93     0.084343 
    89.91     0.076185 
    11.11     0.000000 
    11.11     0.000000 
    78.94     0.201132 
    81.86     0.162335 
    91.30     0.061042 
    87.30     0.111699 
    85.36     0.133179 
    75.62     0.231885 
    82.32     0.165649 
    82.91     0.158253 
    82.98     0.159973 
    86.43     0.120216 
    76.38     0.226719 
    76.20     0.231359 
    89.75     0.038622 
    86.88     0.021253 
    11.11     0.000000 
    11.11     0.000000 
    11.11     0.000000 
    89.19     0.096837 
    88.87     0.094212 
    82.57     0.164789 
    83.23     0.150827 
    82.74     0.162698 
    81.01     0.182625 
    91.00     0.062437 
    91.25     0.042308 
    90.69     0.078095 
    11.11     0.000000 
    84.04     0.142586 
    85.84     0.122638 
    91.89     0.030478 
    11.11     0.000000 
    91.70     0.049258 
    65.61     0.003412 
    11.11     0.000000 
    91.48     0.039838 
    75.36     0.007190 
    91.05     0.062222 
    89.99     0.072604 
    91.54     0.057454 
    89.64     0.076719 
    86.43     0.011768 
    89.91     0.031481 
    90.80     0.056922 
    90.34     0.078801 
    90.34     0.068666 
    89.01     0.063955 
    89.66     0.023996 
    91.70     0.041122 
    91.67     0.050396 
    89.72     0.066495 
    90.38     0.042005 
    89.51     0.041993 
    90.36     0.058946 
    90.51     0.047072 
    90.83     0.064722 
    89.19     0.082054 
    89.13     0.087134 
    89.38     0.084373 
    89.81     0.067789 
    91.54     0.061059 
    91.69     0.063825 
    91.57     0.064154 
    90.98     0.067255 
    89.15     0.061366 
    91.82     0.060088 
    90.90     0.059690 
    91.87     0.059036 
    90.32     0.060336 
    90.88     0.059036 
    11.11     0.000000 
    84.63     0.141872 
    86.42     0.127868 
    11.11     0.000000 
    86.69     0.116988 
    74.74     0.252722 
    60.29     0.400000 
    59.81     0.400000 
    59.76     0.400000 
    69.08     0.304606 
    62.55     0.369693 
    70.38     0.289913 
    82.72     0.164842 
    69.28     0.302002 
    73.97     0.251568 
    87.47     0.114486 
    11.11     0.000000 
    83.00     0.162842 
    81.85     0.165854 
    82.44     0.164926 
    85.76     0.122771 
    73.87     0.255903 
    79.66     0.188077 
    73.11     0.266440 
    62.74     0.368330 
    59.49     0.400000 
    59.26     0.400000 
    59.79     0.400000 
    73.64     0.257028 
    81.39     0.176945 
    86.69     0.115484 
    80.37     0.191145 
    85.17     0.134814 
    81.73     0.171308 
    75.47     0.237955 
    83.17     0.157222 
    76.62     0.225928 
    84.89     0.132236 
    88.33     0.016083 
    92.18     0.055397 
    83.43     0.157527 
    87.11     0.012141 
    11.11     0.000000 
    11.11     0.000000 
    91.23     0.040107 
    85.30     0.135404 
    83.98     0.150660 
    74.49     0.246150 
    82.56     0.156501 
    86.84     0.124558 
    92.91     0.036712 
    91.96     0.011699 
    87.62     0.017014 
    11.11     0.000000 
    90.25     0.045324 
    91.13     0.072264 
    87.86     0.020596 
    11.11     0.000000 
    87.94     0.026035 
    87.57     0.104629 
    87.08     0.113959 
    82.47     0.167572 
    86.55     0.120803 
    91.07     0.071887 
    90.02     0.025297 
    11.11     0.000000 
    92.15     0.025259 
    11.11     0.000000 
    11.11     0.000000 
    90.20     0.040071 
    65.86     0.005398 
    91.60     0.063379 
    91.64     0.031556 
    90.69     0.067058 
    91.21     0.037243 
    90.52     0.036990 
    92.04     0.034496 
    90.10     0.065759 
    88.25     0.104786 
    89.07     0.095520 
    88.97     0.095184 
    87.22     0.114152 
    90.40     0.072637 
    93.00     0.052584 
    91.34     0.056267 
    90.18     0.067179 
    89.80     0.083609 
    90.73     0.059077 
    91.97     0.045176 
    88.22     0.069463 
    92.58     0.046257 
    91.42     0.047472 
    92.10     0.049339 
    90.01     0.049753 
    91.10     0.049701 
    91.15     0.052153 
    90.73     0.051404 
    92.28     0.050133 
    91.35     0.048898 
    90.47     0.051167 
    91.07     0.048898 
    11.11     0.000000 
    78.83     0.207648 
    75.14     0.241839 
    70.75     0.287890 
    73.84     0.250045 
    83.48     0.158917 
    68.57     0.314050 
    69.90     0.298572 
    60.02     0.400000 
    59.64     0.400000 
    59.41     0.400000 
    72.92     0.264938 
    84.52     0.137042 
    83.28     0.161129 
    86.60     0.122915 
    90.21     0.051160 
    89.21     0.030756 
    11.11     0.000000 
    91.66     0.056582 
    78.61     0.200644 
    81.24     0.169746 
    74.22     0.250442 
    83.23     0.162441 
    79.98     0.189347 
    85.56     0.127212 
    74.27     0.260087 
    63.05     0.366113 
    59.95     0.400000 
    69.97     0.294195 
    63.96     0.355974 
    72.88     0.261670 
    82.11     0.169630 
    89.57     0.057344 
    11.11     0.000000 
    11.11     0.000000 
    11.11     0.000000 
    82.42     0.168709 
    11.11     0.000000 
    90.75     0.069300 
    83.22     0.160802 
    11.11     0.000000 
    90.49     0.067031 
    86.74     0.118495 
    81.65     0.178158 
    88.81     0.093362 
    83.43     0.159258 
    77.36     0.221298 
    78.80     0.202933 
    87.34     0.106942 
    91.06     0.024048 
    11.11     0.000000 
    87.80     0.105779 
    91.52     0.065602 
    90.49     0.060308 
    11.11     0.000000 
    75.21     0.006133 
    83.88     0.146220 
    91.96     0.034490 
    92.48     0.047582 
    90.61     0.019187 
    86.57     0.012505 
    11.11     0.000000 
    11.11     0.000000 
    92.24     0.045079 
    89.97     0.075460 
    91.26     0.037227 
    11.11     0.000000 
    11.11     0.000000 
    91.13     0.057561 
    87.13     0.109480 
    89.78     0.017250 
    92.97     0.028855 
    91.41     0.045888 
    91.74     0.031167 
    90.80     0.054325 
    11.11     0.000000 
    90.99     0.039140 
    88.44     0.083090 
    90.85     0.066066 
    91.48     0.038443 
    89.89     0.055371 
    90.13     0.026034 
    48.97     0.001725 
    74.35     0.009664 
    90.01     0.040287 
    90.97     0.065239 
    91.84     0.046769 
    85.80     0.026240 
    92.09     0.059319 
    92.11     0.044989 
    91.48     0.043982 
    90.14     0.047349 
    92.11     0.045858 
    89.91     0.047582 
    90.99     0.044009 
    93.11     0.042884 
    90.00     0.046319 
    89.66     0.041220 
    93.20     0.040581 
    91.78     0.040745 
    91.82     0.040581 
    11.11     0.000000 
    84.94     0.136436 
    72.14     0.273939 
    59.72     0.400000 
    63.07     0.366733 
    78.80     0.203572 
    87.26     0.109178 
    89.70     0.083444 
    77.74     0.216959 
    86.05     0.119883 
    87.85     0.034591 
    89.79     0.086026 
    11.11     0.000000 
    11.11     0.000000 
    87.77     0.104584 
    89.11     0.095095 
    11.11     0.000000 
    82.38     0.169895 
    85.44     0.015351 
    11.11     0.000000 
    11.11     0.000000 
    11.11     0.000000 
    89.70     0.091206 
    88.94     0.093135 
    89.65     0.086730 
    89.44     0.040798 
    86.17     0.121367 
    74.46     0.248538 
    91.18     0.042971 
    85.06     0.133808 
    93.45     0.047120 
    11.11     0.000000 
    88.35     0.099853 
    81.44     0.170723 
    90.51     0.080968 
    11.11     0.000000 
    11.11     0.000000 
    88.55     0.097194 
    78.46     0.205776 
    76.74     0.228151 
    72.25     0.272680 
    62.44     0.374152 
    63.77     0.357010 
    65.62     0.343467 
    59.57     0.400000 
    74.31     0.250233 
    67.89     0.321109 
    70.56     0.291621 
    76.53     0.230881 
    76.23     0.229877 
    82.95     0.161897 
    89.82     0.079084 
    88.36     0.090231 
    65.79     0.003377 
    91.00     0.064490 
    76.38     0.004028 
    92.18     0.059833 
    11.11     0.000000 
    91.61     0.052723 
    11.11     0.000000 
    88.87     0.017469 
    92.70     0.043964 
    87.55     0.091843 
    90.86     0.033836 
    89.92     0.087813 
    86.85     0.111521 
    86.24     0.122547 
    87.95     0.112535 
    89.00     0.095861 
    91.10     0.070479 
    90.97     0.056305 
    91.14     0.031085 
    91.10     0.069152 
    87.31     0.110369 
    86.59     0.125878 
    88.44     0.104322 
    90.72     0.076190 
    90.30     0.058552 
    90.49     0.083239 
    90.21     0.063808 
    90.43     0.070963 
    88.80     0.092063 
    90.84     0.074998 
    88.47     0.098424 
    91.25     0.060511 
    90.31     0.077257 
    89.62     0.081713 
    93.94     0.038031 
    90.55     0.036867 
    90.48     0.050093 
    92.07     0.038402 
    90.72     0.037306 
    91.66     0.039811 
    89.63     0.036127 
    93.72     0.035097 
    91.06     0.031161 
    92.63     0.035832 
    93.42     0.038004 
    91.71     0.037383 
    90.76     0.037052 
    92.30     0.037052 
    11.11     0.000000 
    11.11     0.000000 
    91.17     0.062938 
    86.02     0.129844 
    77.71     0.219844 
    84.33     0.145489 
    91.91     0.042386 
    82.89     0.162330 
    83.84     0.150228 
    83.93     0.009846 
    91.89     0.040256 
    84.11     0.148897 
    89.17     0.085365 
    92.56     0.042194 
    90.29     0.025307 
    11.11     0.000000 
    88.36     0.109052 
    76.15     0.231351 
    89.47     0.086930 
    11.11     0.000000 
    76.91     0.220227 
    74.21     0.251999 
    61.97     0.373058 
    65.31     0.344948 
    59.68     0.400000 
    77.14     0.225858 
    86.82     0.126078 
    82.60     0.159473 
    85.78     0.128820 
    74.38     0.248996 
    63.02     0.364915 
    84.65     0.144084 
    89.42     0.083680 
    77.11     0.209819 
    86.70     0.020134 
    89.34     0.081134 
    88.37     0.106656 
    91.22     0.075371 
    11.11     0.000000 
    11.11     0.000000 
    88.44     0.095012 
    87.07     0.015933 
    11.11     0.000000 
    70.87     0.004642 
    89.10     0.022582 
    87.39     0.118614 
    90.25     0.033210 
    11.11     0.000000 
    91.24     0.038632 
    84.56     0.146905 
    88.57     0.016774 
    83.81     0.009098 
    87.69     0.022454 
    90.00     0.068737 
    92.42     0.046092 
    90.22     0.083197 
    89.03     0.097779 
    87.74     0.104385 
    91.77     0.064179 
    87.35     0.115542 
    80.66     0.183209 
    84.67     0.138145 
    84.54     0.144321 
    89.17     0.095207 
    92.20     0.035707 
    87.23     0.013903 
    84.80     0.020059 
    93.34     0.038337 
    92.32     0.042397 
    92.12     0.049649 
    92.24     0.049735 
    90.93     0.065051 
    91.15     0.064971 
    89.25     0.080929 
    88.82     0.081683 
    90.40     0.065385 
    90.52     0.043395 
    90.24     0.073598 
    91.35     0.033905 
    86.79     0.019301 
    81.81     0.008500 
    89.39     0.029703 
    90.79     0.045817 
    89.44     0.045127 
    92.74     0.034084 
    91.28     0.058148 
    90.86     0.074535 
    89.47     0.085243 
    88.93     0.084626 
    90.89     0.069073 
    89.89     0.070335 
    91.23     0.073654 
    89.02     0.073830 
    89.30     0.069846 
    90.81     0.072907 
    90.38     0.075912 
    90.93     0.069634 
    91.35     0.067902 
    89.67     0.069131 
    90.41     0.066688 
    89.90     0.066688 
    89.58     0.088043 
    91.62     0.060715 
    86.55     0.019419 
    82.11     0.169032 
    78.67     0.207220 
    89.16     0.027350 
    11.11     0.000000 
    11.11     0.000000 
    11.11     0.000000 
    92.68     0.038131 
    11.11     0.000000 
    90.97     0.071793 
    83.84     0.141800 
    11.11     0.000000 
    11.11     0.000000 
    81.84     0.173274 
    91.05     0.032834 
    92.09     0.044145 
    83.32     0.013516 
    83.08     0.154633 
    85.40     0.131267 
    88.50     0.100070 
    11.11     0.000000 
    89.69     0.083045 
    91.53     0.056931 
    80.11     0.190063 
    11.11     0.000000 
    83.81     0.152943 
    11.11     0.000000 
    86.86     0.114861 
    81.27     0.180481 
    83.32     0.158869 
    11.11     0.000000 
    11.11     0.000000 
    81.30     0.179238 
    11.11     0.000000 
    91.47     0.067974 
    83.99     0.157091 
    85.06     0.136151 
    81.86     0.170488 
    85.32     0.138581 
    90.79     0.048232 
    11.11     0.000000 
    90.99     0.055690 
    11.11     0.000000 
    11.11     0.000000 
    84.48     0.147368 
    88.97     0.088387 
    87.67     0.105250 
    11.11     0.000000 
    70.53     0.005992 
    92.20     0.046264 
    87.07     0.108530 
    87.15     0.113220 
    89.96     0.075788 
    87.95     0.014077 
    11.11     0.000000 
    90.66     0.065450 
    84.64     0.014840 
    11.11     0.000000 
    92.37     0.042477 
    92.19     0.050848 
    92.05     0.040468 
    87.74     0.098814 
    89.79     0.081832 
    59.50     0.002186 
    91.83     0.065672 
    90.60     0.062244 
    85.73     0.007075 
    81.42     0.007572 
    92.32     0.026032 
    91.44     0.029392 
    94.37     0.036615 
    85.09     0.016461 
    86.32     0.015779 
    91.76     0.027141 
    91.80     0.061156 
    11.11     0.000000 
    89.55     0.053314 
    89.64     0.048967 
    90.85     0.052568 
    91.17     0.040770 
    91.35     0.051319 
    92.05     0.052100 
    90.86     0.050262 
    90.79     0.050993 
    91.22     0.043378 
    92.22     0.044582 
    91.33     0.030838 
    90.87     0.051910 
    92.52     0.036908 
    91.07     0.039811 
    91.27     0.033842 
    91.29     0.033193 
    91.40     0.039434 
    91.62     0.034386 
    90.74     0.036233 
    91.58     0.032811 
    90.88     0.038218 
    92.72     0.040237 
    93.47     0.036615 
    11.11     0.000000 
    84.33     0.148414 
    11.11     0.000000 
    70.07     0.298093 
    11.11     0.000000 
    67.07     0.329127 
    69.73     0.299158 
    74.83     0.248103 
    90.31     0.084152 
    87.12     0.110289 
    76.41     0.229846 
    68.60     0.308349 
    73.31     0.262652 
    76.74     0.229722 
    59.93     0.391396 
    73.28     0.255558 
    59.75     0.400000 
    68.83     0.304772 
    77.22     0.223133 
    91.84     0.058758 
    11.11     0.000000 
    84.73     0.142285 
    85.56     0.126135 
    86.62     0.116632 
    92.14     0.038320 
    82.25     0.164115 
    81.54     0.172222 
    87.62     0.105689 
    82.98     0.156584 
    89.33     0.010641 
    93.20     0.046021 
    68.38     0.003681 
    88.77     0.080297 
    87.11     0.109938 
    80.07     0.188366 
    80.39     0.193115 
    79.29     0.200171 
    91.66     0.070311 
    83.84     0.150193 
    91.06     0.071783 
    89.16     0.094599 
    84.93     0.143783 
    11.11     0.000000 
    89.11     0.084513 
    92.78     0.035005 
    11.11     0.000000 
    92.16     0.046594 
    11.11     0.000000 
    11.11     0.000000 
    85.52     0.140090 
    83.68     0.155855 
    86.37     0.124782 
    90.78     0.055569 
    86.07     0.134078 
    88.93     0.083720 
    91.97     0.028143 
    86.80     0.119226 
    83.72     0.146715 
    85.68     0.128839 
    82.67     0.161041 
    88.14     0.094983 
    85.74     0.133202 
    84.28     0.147192 
    85.94     0.125018 
    86.07     0.124608 
    80.19     0.183842 
    85.76     0.126997 
    81.36     0.177452 
    86.49     0.117772 
    90.86     0.068421 
    87.61     0.103225 
    91.01     0.062565 
    89.34     0.038580 
    11.11     0.000000 
    91.52     0.063835 
    88.94     0.099806 
    84.79     0.134515 
    85.12     0.138009 
    84.50     0.145399 
    82.08     0.168689 
    81.31     0.185652 
    79.91     0.194915 
    78.18     0.213566 
    75.99     0.232834 
    75.52     0.245757 
    72.88     0.261524 
    74.25     0.254989 
    72.13     0.272267 
    73.83     0.255986 
    73.07     0.264836 
    72.88     0.262154 
    73.06     0.262614 
    72.91     0.262367 
    73.08     0.261769 
    73.88     0.259165 
    73.01     0.262064 
    72.93     0.265868 
    72.44     0.268808 
    72.27     0.269778 
    72.58     0.268809 
    72.69     0.268809 
    59.28     0.400000 
    78.31     0.209449 
    71.60     0.279661 
    76.60     0.227269 
    62.92     0.363462 
    90.27     0.078012 
    84.25     0.151558 
    87.44     0.116335 
    73.64     0.255223 
    72.79     0.266902 
    87.24     0.107119 
    82.68     0.161395 
    84.36     0.012702 
    82.75     0.164399 
    87.92     0.098783 
    89.66     0.080116 
    78.98     0.201331 
    85.81     0.120233 
    74.35     0.254409 
    77.70     0.211165 
    80.83     0.181466 
    70.38     0.290053 
    77.99     0.212704 
    86.06     0.132980 
    75.75     0.232955 
    75.23     0.239903 
    87.88     0.036346 
    11.11     0.000000 
    87.60     0.105209 
    84.88     0.140230 
    81.63     0.174248 
    75.33     0.247005 
    70.48     0.291494 
    80.11     0.191576 
    78.41     0.207140 
    83.27     0.154170 
    91.05     0.058913 
    11.11     0.000000 
    85.11     0.140382 
    72.14     0.270417 
    80.14     0.191825 
    72.70     0.268451 
    86.07     0.122293 
    81.55     0.011709 
    85.90     0.120007 
    90.67     0.081575 
    81.35     0.177373 
    87.23     0.105767 
    88.76     0.024358 
    88.36     0.086787 
    89.10     0.087827 
    91.23     0.051386 
    11.11     0.000000 
    84.41     0.141864 
    87.05     0.114304 
    82.97     0.159199 
    90.25     0.088150 
    90.42     0.069174 
    84.15     0.145575 
    84.86     0.131170 
    92.30     0.041452 
    90.06     0.080702 
    11.11     0.000000 
    91.66     0.052193 
    11.11     0.000000 
    89.38     0.081945 
    92.42     0.054002 
    90.65     0.053613 
    66.17     0.003223 
    81.09     0.009849 
    89.65     0.074379 
    90.26     0.065087 
    89.75     0.082824 
    90.13     0.043260 
    90.78     0.069421 
    89.74     0.078578 
    90.48     0.071082 
    90.62     0.029795 
    89.55     0.025610 
    91.03     0.071270 
    90.12     0.072599 
    90.15     0.076772 
    89.39     0.089247 
    89.70     0.085033 
    88.74     0.100996 
    86.53     0.122622 
    89.53     0.076606 
    88.86     0.095575 
    87.91     0.101561 
    89.30     0.084740 
    89.83     0.085920 
    87.93     0.088907 
    88.96     0.087858 
    90.45     0.082673 
    90.12     0.079490 
    90.49     0.081304 
    89.90     0.084112 
    89.46     0.086675 
    89.54     0.086931 
    89.33     0.086396 
    89.13     0.084112 
    83.21     0.154311 
    77.67     0.219286 
    79.36     0.201887 
    90.05     0.039860 
    76.57     0.233817 
    11.11     0.000000 
    11.11     0.000000 
    88.10     0.110132 
    78.25     0.213746 
    89.44     0.040466 
    11.11     0.000000 
    87.97     0.038085 
    11.11     0.000000 
    81.37     0.176259 
    79.19     0.199990 
    78.72     0.206722 
    82.66     0.166111 
    87.35     0.115922 
    81.04     0.178183 
    79.01     0.203324 
    90.54     0.074309 
    84.96     0.139003 
    89.99     0.075950 
    81.77     0.169142 
    77.79     0.214731 
    88.76     0.092640 
    74.82     0.242447 
    78.39     0.207408 
    66.65     0.330670 
    87.18     0.118517 
    78.70     0.205182 
    92.79     0.042976 
    91.05     0.054392 
    88.46     0.098231 
    85.42     0.129786 
    85.56     0.130079 
    90.85     0.075147 
    11.11     0.000000 
    11.11     0.000000 
    82.56     0.151494 
    85.09     0.142376 
    91.09     0.045586 
    90.11     0.076906 
    91.87     0.039314 
    89.15     0.017000 
    11.11     0.000000 
    86.30     0.015188 
    11.11     0.000000 
    11.11     0.000000 
    11.11     0.000000 
    78.08     0.012825 
    89.68     0.087105 
    92.67     0.036885 
    11.11     0.000000 
    72.78     0.004524 
    91.99     0.061394 
    88.76     0.094387 
    91.66     0.037561 
    11.11     0.000000 
    91.48     0.057549 
    90.47     0.081086 
    90.28     0.081119 
    91.00     0.034394 
    91.44     0.046790 
    76.97     0.011855 
    89.85     0.020237 
    92.70     0.042411 
    11.11     0.000000 
    90.81     0.068654 
    89.43     0.081479 
    87.76     0.105739 
    90.18     0.061452 
    89.60     0.080458 
    88.75     0.093345 
    90.98     0.063857 
    90.56     0.074319 
    91.46     0.061033 
    89.24     0.090357 
    88.68     0.087226 
    88.89     0.071837 
    90.70     0.062968 
    88.77     0.084467 
    89.70     0.072217 
    90.78     0.068420 
    90.80     0.061382 
    90.80     0.075471 
    89.96     0.084947 
    87.90     0.108802 
    86.43     0.119688 
    87.43     0.115520 
    86.48     0.117538 
    86.70     0.116227 
    87.01     0.116524 
    87.24     0.115398 
    86.78     0.116996 
    87.08     0.117314 
    87.08     0.115507 
    87.49     0.115076 
    87.06     0.114747 
    87.60     0.111264 
    87.54     0.111264 
    77.41     0.218028 
    81.90     0.177522 
    83.80     0.143458 
    76.12     0.230969 
    79.71     0.195113 
    62.03     0.374310 
    80.21     0.008378 
    89.20     0.019606 
    90.24     0.072282 
    84.23     0.143166 
    81.98     0.170232 
    73.39     0.259239 
    89.84     0.077563 
    79.71     0.194802 
    11.11     0.000000 
    87.39     0.019270 
    11.11     0.000000 
    88.86     0.013990 
    81.02     0.178126 
    73.03     0.263784 
    88.72     0.097413 
    86.22     0.129508 
    11.11     0.000000 
    11.11     0.000000 
    17.87     0.000186 
    90.44     0.072689 
    79.10     0.204208 
    90.17     0.080898 
    82.44     0.162335 
    83.61     0.160086 
    80.73     0.187899 
    89.38     0.035325 
    11.11     0.000000 
    90.68     0.067732 
    11.11     0.000000 
    90.70     0.061647 
    90.23     0.067650 
    11.11     0.000000 
    11.11     0.000000 
    91.64     0.049008 
    11.11     0.000000 
    89.38     0.097073 
    71.14     0.005290 
    87.04     0.118044 
    89.46     0.045043 
    90.77     0.048883 
    87.46     0.105259 
    90.25     0.069634 
    84.11     0.152138 
    87.99     0.104420 
    91.92     0.039345 
    11.11     0.000000 
    11.11     0.000000 
    88.27     0.109344 
    11.11     0.000000 
    11.11     0.000000 
    88.32     0.026285 
    11.11     0.000000 
    88.03     0.107750 
    11.11     0.000000 
    91.71     0.041879 
    11.11     0.000000 
    11.11     0.000000 
    31.79     0.000293 
    90.60     0.077049 
    89.62     0.092073 
    86.67     0.123166 
    81.85     0.165231 
    86.70     0.117914 
    81.49     0.170538 
    84.05     0.150369 
    81.35     0.179399 
    80.12     0.193545 
    86.44     0.118566 
    85.29     0.131043 
    86.40     0.126170 
    81.70     0.171666 
    88.94     0.094111 
    90.06     0.060034 
    88.37     0.093357 
    88.29     0.106219 
    85.47     0.127577 
    87.36     0.109953 
    88.48     0.092984 
    89.64     0.089719 
    86.70     0.113706 
    86.80     0.114782 
    90.00     0.079457 
    89.53     0.080547 
    92.17     0.056518 
    91.38     0.055924 
    91.59     0.056241 
    91.67     0.053217 
    91.05     0.053868 
    91.11     0.054515 
    91.78     0.051393 
    89.74     0.048726 
    92.02     0.048726 
    90.66     0.049684 
    92.49     0.045212 
    91.55     0.045212 
    76.38     0.225909 
    86.44     0.103909 
    11.11     0.000000 
    77.45     0.217360 
    64.76     0.345800 
    72.53     0.264815 
    79.36     0.195007 
    63.49     0.359946 
    90.28     0.030506 
    11.11     0.000000 
    81.93     0.172231 
    66.37     0.334464 
    72.11     0.274621 
    59.10     0.400000 
    59.56     0.400000 
    59.44     0.400000 
    64.57     0.349758 
    66.40     0.331462 
    66.62     0.331105 
    69.22     0.301498 
    65.00     0.345471 
    77.08     0.223281 
    91.06     0.070236 
    11.11     0.000000 
    87.78     0.101232 
    90.22     0.020352 
    68.44     0.003037 
    86.97     0.107995 
    78.06     0.215151 
    67.02     0.324413 
    81.42     0.177255 
    76.01     0.227356 
    81.32     0.179296 
    81.87     0.165253 
    89.31     0.093440 
    91.67     0.043882 
    87.62     0.108169 
    78.83     0.007726 
    88.93     0.092036 
    91.97     0.054688 
    87.03     0.113397 
    11.11     0.000000 
    11.11     0.000000 
    86.89     0.124150 
    78.72     0.207085 
    84.47     0.138704 
    88.29     0.105350 
    92.51     0.039885 
    87.24     0.113094 
    91.64     0.027658 
    11.11     0.000000 
    26.36     0.000260 
    91.81     0.052116 
    11.11     0.000000 
    86.57     0.113416 
    90.63     0.034701 
    91.55     0.053009 
    90.34     0.065159 
    91.42     0.065125 
    89.34     0.082114 
    91.09     0.069822 
    89.39     0.087513 
    91.11     0.073999 
    87.30     0.022970 
    86.55     0.012673 
    11.11     0.000000 
    88.38     0.073092 
    92.38     0.044283 
    88.04     0.097779 
    89.74     0.090033 
    89.28     0.090959 
    90.21     0.079528 
    91.53     0.044673 
    86.65     0.015892 
    89.12     0.084293 
    91.29     0.052902 
    88.41     0.092851 
    85.70     0.022178 
    88.73     0.025538 
    89.95     0.028538 
    69.18     0.003990 
    92.33     0.024900 
    82.03     0.016377 
    91.35     0.043851 
    92.23     0.044998 
    92.01     0.058359 
    90.80     0.072845 
    89.31     0.094531 
    86.16     0.117494 
    86.88     0.114560 
    88.08     0.097906 
    88.17     0.094481 
    88.72     0.091105 
    89.57     0.091210 
    89.26     0.088606 
    89.36     0.090488 
    88.39     0.092259 
    89.62     0.087830 
    89.34     0.088082 
    88.50     0.086405 
    89.50     0.087830 
    89.39     0.092426 
    91.69     0.042709 
    75.09     0.241876 
    11.11     0.000000 
    11.11     0.000000 
    11.11     0.000000 
    11.11     0.000000 
    77.29     0.222533 
    79.69     0.193811 
    78.70     0.210633 
    11.11     0.000000 
    90.38     0.059864 
    83.38     0.160013 
    11.11     0.000000 
    85.78     0.134157 
    11.11     0.000000 
    92.05     0.035203 
    11.11     0.000000 
    83.20     0.160805 
    11.11     0.000000 
    77.74     0.009924 
    90.31     0.041879 
    83.25     0.013458 
    88.00     0.098442 
    75.88     0.234093 
    11.11     0.000000 
    80.75     0.180883 
    11.11     0.000000 
    89.22     0.055702 
    82.33     0.169322 
    11.11     0.000000 
    91.24     0.016634 
    91.44     0.078330 
    90.42     0.023072 
    88.47     0.092981 
    83.44     0.153025 
    11.11     0.000000 
    11.11     0.000000 
    11.11     0.000000 
    84.59     0.146697 
    11.11     0.000000 
    88.87     0.021602 
    90.33     0.026782 
    90.43     0.045892 
    11.11     0.000000 
    84.61     0.149061 
    11.11     0.000000 
    91.27     0.040418 
    92.46     0.037858 
    11.11     0.000000 
    91.66     0.041376 
    91.30     0.053400 
    11.11     0.000000 
    11.11     0.000000 
    90.56     0.062966 
    91.59     0.050761 
    87.58     0.106555 
    11.11     0.000000 
    11.11     0.000000 
    11.11     0.000000 
    89.73     0.073613 
    88.77     0.092866 
    88.34     0.037876 
    91.91     0.056562 
    87.56     0.117364 
    90.28     0.018555 
    92.17     0.028091 
    90.23     0.025917 
    91.88     0.072644 
    91.99     0.056577 
    89.05     0.023786 
    93.22     0.022141 
    57.60     0.001588 
    89.29     0.021954 
    86.48     0.019465 
    84.91     0.016126 
    90.83     0.065031 
    11.11     0.000000 
    11.11     0.000000 
    11.11     0.000000 
    86.37     0.012227 
    90.38     0.038949 
    91.34     0.046688 
    87.61     0.016403 
    91.03     0.039813 
    93.08     0.038587 
    91.29     0.062691 
    92.10     0.025312 
    83.27     0.014540 
    91.41     0.044165 
    89.22     0.039106 
    91.45     0.036293 
    91.29     0.037284 
    91.45     0.035038 
    90.23     0.035019 
    90.38     0.037446 
    92.72     0.036974 
    91.65     0.035426 
    93.05     0.036694 
    92.18     0.034338 
    90.93     0.036694 
    78.45     0.208874 
    60.69     0.390206 
    74.76     0.247207 
    69.40     0.301567 
    60.01     0.400000 
    60.35     0.400000 
    59.77     0.400000 
    63.85     0.359118 
    59.73     0.400000 
    67.41     0.322646 
    59.92     0.400000 
    81.01     0.182291 
    74.40     0.254685 
    82.61     0.167628 
    91.76     0.056213 
    89.91     0.080704 
    82.29     0.009415 
    84.01     0.153869 
    77.55     0.222161 
    68.66     0.303264 
    70.00     0.297544 
    84.18     0.144508 
    89.27     0.085872 
    11.11     0.000000 
    11.11     0.000000 
    93.48     0.038216 
    11.11     0.000000 
    82.09     0.168258 
    78.23     0.207741 
    77.33     0.220315 
    83.63     0.156028 
    83.60     0.156179 
    72.49     0.267247 
    83.95     0.153062 
    81.75     0.167340 
    89.00     0.086613 
    82.32     0.163469 
    80.68     0.176260 
    69.43     0.296461 
    70.48     0.288704 
    80.63     0.189075 
    70.91     0.286918 
    83.71     0.155813 
    73.64     0.259330 
    67.91     0.315069 
    72.16     0.272730 
    71.13     0.281550 
    76.00     0.237093 
    80.64     0.182610 
    83.90     0.145884 
    81.72     0.167333 
    80.00     0.191173 
    87.11     0.104830 
    82.86     0.159190 
    86.94     0.104653 
    81.11     0.178692 
    91.13     0.061191 
    85.05     0.016384 
    11.11     0.000000 
    11.11     0.000000 
    11.11     0.000000 
    88.70     0.095657 
    90.60     0.062296 
    89.78     0.068476 
    85.36     0.130860 
    88.69     0.083820 
    90.37     0.019972 
    11.11     0.000000 
    11.11     0.000000 
    89.96     0.068784 
    89.04     0.083986 
    91.34     0.054522 
    90.73     0.067953 
    87.10     0.112800 
    89.18     0.095179 
    88.72     0.094722 
    92.54     0.028584 
    90.90     0.045594 
    87.84     0.018892 
    90.24     0.020106 
    62.68     0.003915 
    92.71     0.051506 
    90.81     0.072380 
    89.06     0.086725 
    89.12     0.092291 
    86.52     0.117794 
    87.81     0.094426 
    89.13     0.100584 
    88.63     0.100499 
    86.99     0.115685 
    87.33     0.115341 
    86.84     0.119053 
    86.11     0.121428 
    86.43     0.121882 
    86.41     0.122441 
    86.47     0.119309 
    85.82     0.119286 
    86.47     0.117567 
    87.48     0.114693 
    86.58     0.117485 
    87.04     0.114693 
    90.65     0.051742 
    92.54     0.024030 
    80.69     0.187818 
    11.11     0.000000 
    84.02     0.147533 
    11.11     0.000000 
    69.06     0.302828 
    59.87     0.400000 
    75.08     0.243435 
    90.82     0.069181 
    73.91     0.009327 
    82.49     0.162462 
    89.81     0.072517 
    91.18     0.023106 
    11.11     0.000000 
    89.74     0.013751 
    69.98     0.005313 
    11.11     0.000000 
    81.51     0.176462 
    87.53     0.111944 
    77.92     0.210920 
    79.95     0.191599 
    73.71     0.254593 
    78.61     0.203727 
    70.44     0.296116 
    89.09     0.088616 
    83.42     0.147870 
    83.85     0.155248 
    77.82     0.209809 
    65.90     0.340500 
    67.39     0.322716 
    65.62     0.339162 
    78.45     0.210361 
    72.04     0.270691 
    78.52     0.202808 
    85.88     0.118858 
    78.15     0.210809 
    46.62     0.001415 
    81.17     0.181294 
    82.49     0.171377 
    83.69     0.149129 
    81.02     0.181755 
    87.14     0.110676 
    84.36     0.144203 
    90.58     0.081723 
    11.11     0.000000 
    90.77     0.077464 
    85.54     0.132602 
    83.66     0.152283 
    86.66     0.121388 
    86.15     0.129841 
    92.68     0.046911 
    89.57     0.091266 
    89.17     0.083499 
    87.24     0.115846 
    88.95     0.028423 
    90.79     0.046764 
    87.77     0.107785 
    90.06     0.064151 
    89.36     0.088114 
    88.45     0.049805 
    86.99     0.111453 
    91.04     0.068689 
    87.00     0.118186 
    92.15     0.058726 
    90.17     0.084233 
    88.02     0.106319 
    92.19     0.041338 
    87.60     0.021296 
    90.29     0.060590 
    90.41     0.058797 
    11.11     0.000000 
    66.12     0.004599 
    89.56     0.025222 
    93.36     0.032391 
    90.78     0.078372 
    91.37     0.057991 
    90.70     0.070583 
    91.19     0.064734 
    88.26     0.104845 
    90.27     0.086680 
    89.36     0.087363 
    90.64     0.046269 
    91.72     0.044645 
    91.80     0.050988 
    92.98     0.035121 
    93.13     0.045310 
    90.40     0.059028 
    91.40     0.032703 
    91.77     0.033135 
    91.23     0.041339 
    89.89     0.042002 
    92.19     0.048464 
    88.25     0.047221 
    91.99     0.044414 
    92.18     0.047554 
    91.14     0.048548 
    89.36     0.050504 
    92.14     0.044144 
    91.83     0.047495 
    90.86     0.047495 
    78.03     0.212565 
    66.50     0.333825 
    65.01     0.343446 
    77.54     0.220012 
    81.43     0.178531 
    72.10     0.271763 
    90.25     0.034208 
    11.11     0.000000 
    11.11     0.000000 
    78.07     0.212812 
    85.43     0.137830 
    70.49     0.005257 
    71.84     0.005495 
    85.06     0.143476 
    11.11     0.000000 
    83.58     0.153727 
    76.37     0.232995 
    70.63     0.286989 
    62.93     0.369166 
    61.73     0.384099 
    63.16     0.362335 
    59.58     0.400000 
    72.94     0.266537 
    64.01     0.358132 
    86.28     0.131578 
    75.53     0.241600 
    11.11     0.000000 
    81.38     0.180766 
    74.67     0.246235 
    86.35     0.127393 
    86.70     0.112255 
    83.02     0.162730 
    86.62     0.119642 
    82.35     0.166336 
    84.74     0.144927 
    76.78     0.222423 
    81.86     0.167856 
    76.64     0.227326 
    90.49     0.061455 
    89.46     0.059553 
    81.91     0.172964 
    83.11     0.153824 
    85.41     0.134748 
    89.27     0.089836 
    90.63     0.044742 
    11.11     0.000000 
    92.13     0.029524 
    90.91     0.060050 
    69.09     0.005724 
    11.11     0.000000 
    11.11     0.000000 
    84.20     0.005974 
    57.63     0.002163 
    67.69     0.002703 
    11.11     0.000000 
    11.11     0.000000 
    75.07     0.006030 
    92.15     0.038343 
    11.11     0.000000 
    87.90     0.105749 
    86.48     0.118655 
    91.89     0.064160 
    86.75     0.119969 
    90.60     0.070508 
    89.41     0.054452 
    92.29     0.029184 
    11.11     0.000000 
    84.70     0.020804 
    11.11     0.000000 
    73.99     0.005520 
    11.11     0.000000 
    90.84     0.065651 
    87.86     0.018403 
    11.11     0.000000 
    92.39     0.054121 
    88.11     0.100672 
    88.00     0.099231 
    92.05     0.049553 
    91.07     0.071494 
    92.97     0.041734 
    91.55     0.067223 
    90.37     0.078221 
    90.60     0.072649 
    90.68     0.059143 
    89.70     0.079561 
    92.95     0.049301 
    91.30     0.042703 
    91.48     0.039831 
    91.89     0.044354 
    90.98     0.052224 
    90.44     0.049987 
    92.17     0.052238 
    91.24     0.054866 
    88.58     0.057680 
    91.32     0.051978 
    90.74     0.052527 
    90.92     0.050474 
    90.30     0.051635 
    91.71     0.051743 
    91.78     0.048334 
    88.77     0.048334 
    84.50     0.146060 
    11.11     0.000000 
    85.28     0.133403 
    72.14     0.268662 
    88.24     0.093657 
    75.95     0.236810 
    11.11     0.000000 
    11.11     0.000000 
    83.87     0.152600 
    67.28     0.326576 
    77.19     0.224003 
    79.03     0.207339 
    91.06     0.072592 
    11.11     0.000000 
    91.09     0.030822 
    11.11     0.000000 
    11.11     0.000000 
    82.14     0.165527 
    11.11     0.000000 
    11.11     0.000000 
    90.34     0.074505 
    89.23     0.050397 
    11.11     0.000000 
    89.24     0.083651 
    92.95     0.036083 
    81.10     0.178865 
    81.91     0.172447 
    11.11     0.000000 
    82.85     0.155094 
    90.59     0.020936 
    11.11     0.000000 
    89.31     0.088656 
    77.51     0.213416 
    78.40     0.210342 
    82.72     0.163451 
    90.37     0.070468 
    11.11     0.000000 
    93.83     0.018619 
    81.18     0.006073 
    60.33     0.002776 
    86.97     0.106755 
    11.11     0.000000 
    87.06     0.019840 
    87.23     0.106816 
    78.07     0.210258 
    86.02     0.123195 
    76.08     0.235488 
    76.15     0.229823 
    82.33     0.014856 
    83.00     0.157571 
    80.38     0.186515 
    80.84     0.178464 
    78.82     0.206057 
    82.16     0.173715 
    80.48     0.187357 
    78.30     0.208254 
    87.06     0.112766 
    81.74     0.172482 
    87.58     0.110112 
    80.14     0.188988 
    91.34     0.059658 
    88.40     0.025298 
    87.66     0.112578 
    91.05     0.042040 
    88.78     0.101954 
    89.74     0.090259 
    88.37     0.029185 
    83.23     0.152255 
    91.58     0.052868 
    89.08     0.088019 
    90.53     0.047390 
    71.02     0.007808 
    92.66     0.017569 
    90.60     0.062308 
    11.11     0.000000 
    89.61     0.060833 
    82.31     0.012431 
    11.11     0.000000 
    11.11     0.000000 
    11.11     0.000000 
    80.49     0.014371 
    11.11     0.000000 
    91.18     0.030599 
    91.90     0.053689 
    89.05     0.076237 
    91.10     0.043200 
    91.57     0.062881 
    90.11     0.069720 
    90.67     0.071628 
    89.89     0.042938 
    90.40     0.066220 
    91.62     0.065952 
    91.00     0.066625 
    90.51     0.063442 
    91.50     0.063126 
    90.59     0.060879 
    90.85     0.060255 
    91.74     0.061887 
    91.37     0.063375 
    91.01     0.058591 
    91.18     0.058591 
    78.82     0.006365 
    11.11     0.000000 
    91.31     0.067708 
    81.82     0.168233 
    83.44     0.153232 
    74.95     0.245529 
    65.47     0.343754 
    74.30     0.251807 
    91.52     0.054955 
    90.62     0.030571 
    87.82     0.092254 
    90.62     0.061495 
    86.48     0.020949 
    88.03     0.108395 
    76.88     0.228927 
    86.29     0.120424 
    88.23     0.084772 
    90.24     0.083004 
    76.08     0.228484 
    82.20     0.160737 
    83.22     0.157569 
    84.90     0.137024 
    82.69     0.162992 
    75.47     0.231878 
    64.30     0.353223 
    59.67     0.400000 
    67.91     0.320649 
    59.65     0.400000 
    60.08     0.397120 
    71.45     0.282306 
    82.45     0.167665 
    88.85     0.089763 
    77.53     0.218056 
    92.95     0.030271 
    11.11     0.000000 
    11.11     0.000000 
    79.48     0.012082 
    91.15     0.073606 
    81.97     0.171822 
    65.03     0.003100 
    88.04     0.109562 
    91.06     0.043115 
    11.11     0.000000 
    90.75     0.065854 
    91.91     0.027011 
    65.33     0.003182 
    11.11     0.000000 
    86.67     0.017746 
    90.23     0.034306 
    11.11     0.000000 
    91.29     0.049033 
    11.11     0.000000 
    86.02     0.124508 
    78.92     0.200735 
    80.33     0.183071 
    80.31     0.182442 
    80.09     0.194277 
    78.49     0.203660 
    83.79     0.150723 
    86.43     0.120561 
    87.78     0.099963 
    87.84     0.104436 
    89.43     0.089433 
    92.30     0.045162 
    92.43     0.047727 
    88.84     0.091965 
    87.94     0.107155 
    88.44     0.087538 
    85.82     0.130439 
    89.96     0.080856 
    86.52     0.118300 
    89.40     0.084110 
    87.91     0.103211 
    89.83     0.073039 
    90.94     0.052634 
    90.59     0.079583 
    90.32     0.015744 
    89.52     0.083316 
    90.49     0.044465 
    87.39     0.009553 
    11.11     0.000000 
    11.11     0.000000 
    62.06     0.001620 
    11.11     0.000017 
    90.60     0.026241 
    91.53     0.036161 
    91.41     0.059316 
    90.36     0.047061 
    86.15     0.014981 
    91.36     0.046971 
    92.72     0.046298 
    89.39     0.048589 
    93.47     0.043490 
    91.68     0.043902 
    91.19     0.041079 
    92.30     0.040525 
    93.25     0.043403 
    92.29     0.042478 
    89.75     0.041475 
    92.27     0.038608 
    91.61     0.038608 
    11.11     0.000000 
    11.11     0.000000 
    11.11     0.000000 
    92.65     0.029256 
    85.29     0.132048 
    69.57     0.300877 
    59.70     0.400000 
    59.44     0.400000 
    62.26     0.376401 
    59.90     0.400000 
    59.30     0.400000 
    59.99     0.400000 
    60.01     0.400000 
    74.13     0.253531 
    78.02     0.208365 
    64.39     0.348482 
    59.15     0.400000 
    68.70     0.309848 
    67.12     0.322563 
    59.93     0.400000 
    59.55     0.400000 
    59.66     0.400000 
    59.54     0.400000 
    70.04     0.296133 
    65.43     0.338450 
    60.87     0.390589 
    59.55     0.400000 
    59.30     0.400000 
    59.95     0.400000 
    63.00     0.363892 
    74.67     0.247061 
    70.14     0.294194 
    72.46     0.263470 
    83.57     0.151968 
    83.68     0.148385 
    78.51     0.208263 
    79.15     0.200959 
    89.83     0.069572 
    90.32     0.072790 
    86.16     0.126573 
    87.17     0.120166 
    86.55     0.124063 
    88.48     0.102110 
    79.93     0.185162 
    82.33     0.165248 
    86.00     0.129145 
    93.11     0.048557 
    61.25     0.002797 
    11.11     0.000000 
    11.11     0.000000 
    11.11     0.000000 
    90.07     0.074085 
    76.84     0.008786 
    11.11     0.000000 
    90.10     0.029190 
    11.11     0.000000 
    11.11     0.000000 
    91.02     0.064447 
    11.11     0.000000 
    70.99     0.003412 
    88.00     0.095991 
    86.91     0.116798 
    89.29     0.092592 
    90.81     0.043789 
    11.11     0.000000 
    91.32     0.055851 
    91.26     0.042187 
    11.11     0.000000 
    92.18     0.039846 
    90.70     0.030822 
    87.15     0.016080 
    91.87     0.051567 
    90.49     0.079346 
    89.93     0.089302 
    87.25     0.101082 
    86.68     0.119549 
    84.27     0.145326 
    84.95     0.141924 
    85.62     0.130279 
    83.98     0.152213 
    84.58     0.147317 
    84.65     0.140086 
    84.42     0.147881 
    85.64     0.126602 
    86.73     0.121748 
    85.18     0.139139 
    85.41     0.124523 
    84.88     0.139442 
    87.10     0.114588 
    87.10     0.116884 
    87.00     0.117510 
    86.46     0.116767 
    87.10     0.117966 
    86.42     0.116825 
    85.04     0.118338 
    86.37     0.121816 
    85.79     0.119860 
    86.90     0.118736 
    86.62     0.122035 
    85.97     0.125017 
    86.31     0.125017 
    93.51     0.044370 
    80.98     0.009275 
    11.11     0.000000 
    11.11     0.000000 
    11.11     0.000000 
    80.23     0.192277 
    89.41     0.083774 
    11.11     0.000000 
    75.92     0.231397 
    81.95     0.176401 
    65.82     0.340084 
    82.45     0.165583 
    67.95     0.318167 
    90.34     0.039401 
    77.70     0.215646 
    83.97     0.142931 
    91.26     0.037491 
    11.11     0.000000 
    11.11     0.000000 
    89.36     0.070312 
    11.11     0.000000 
    88.19     0.028366 
    88.10     0.101362 
    76.70     0.227472 
    80.14     0.192526 
    82.35     0.164786 
    87.95     0.099189 
    83.80     0.149821 
    91.19     0.067102 
    82.16     0.172122 
    11.11     0.000000 
    80.80     0.182951 
    81.95     0.170555 
    90.30     0.080111 
    83.90     0.153343 
    80.82     0.175606 
    87.87     0.102545 
    91.35     0.072868 
    86.87     0.101223 
    92.59     0.048616 
    11.11     0.000000 
    11.11     0.000000 
    88.83     0.098684 
    79.40     0.199669 
    82.83     0.156434 
    91.26     0.062465 
    87.24     0.109813 
    82.92     0.162058 
    87.19     0.119033 
    80.52     0.187252 
    81.97     0.168217 
    86.86     0.111039 
    87.55     0.102513 
    80.66     0.184895 
    81.78     0.173709 
    84.08     0.150234 
    77.90     0.215816 
    79.11     0.201527 
    86.46     0.125587 
    80.41     0.183048 
    81.73     0.165666 
    85.15     0.130867 
    81.04     0.187241 
    83.11     0.159913 
    86.57     0.122970 
    90.46     0.057791 
    91.53     0.057969 
    89.20     0.086200 
    86.93     0.017655 
    86.75     0.115893 
    86.68     0.120523 
    89.13     0.096330 
    83.88     0.142820 
    87.52     0.102087 
    85.83     0.130990 
    86.46     0.120257 
    83.43     0.149883 
    87.42     0.111756 
    84.85     0.142421 
    88.45     0.093723 
    88.95     0.099203 
    86.54     0.104214 
    90.07     0.078306 
    90.63     0.055148 
    92.39     0.057290 
    90.30     0.069380 
    93.95     0.032952 
    93.09     0.046058 
    92.54     0.048795 
    91.41     0.039393 
    91.03     0.046381 
    91.03     0.049678 
    91.04     0.049427 
    91.94     0.051386 
    90.78     0.054193 
    91.86     0.052787 
    91.75     0.053839 
    91.43     0.051740 
    92.37     0.054904 
    91.48     0.056655 
    91.51     0.054904 
    81.45     0.177332 
    72.99     0.263077 
    76.27     0.008090 
    84.20     0.144380 
    80.74     0.185961 
    81.96     0.171999 
    89.01     0.099237 
    11.11     0.000000 
    92.51     0.048880 
    89.02     0.081799 
    90.10     0.089522 
    78.29     0.204471 
    89.11     0.061679 
    91.79     0.022306 
    11.11     0.000000 
    81.27     0.179709 
    66.02     0.332793 
    90.76     0.026739 
    11.11     0.000000 
    11.11     0.000000 
    11.11     0.000000 
    89.67     0.065841 
    11.11     0.000000 
    78.32     0.208468 
    11.11     0.000000 
    11.11     0.000000 
    80.47     0.190381 
    75.48     0.239405 
    68.11     0.316782 
    89.07     0.089997 
    82.49     0.157385 
    90.39     0.053178 
    88.02     0.108459 
    91.56     0.046820 
    85.34     0.135594 
    74.52     0.248852 
    81.05     0.180837 
    92.13     0.059336 
    89.37     0.063641 
    11.11     0.000000 
    89.71     0.041459 
    11.11     0.000000 
    85.99     0.129607 
    88.97     0.029591 
    87.46     0.111415 
    84.41     0.145134 
    81.64     0.174943 
    84.22     0.146128 
    88.26     0.094039 
    81.91     0.175564 
    78.07     0.214407 
    78.49     0.206347 
    74.65     0.247442 
    79.00     0.195529 
    87.10     0.118749 
    88.05     0.089488 
    88.28     0.033015 
    91.84     0.028199 
    90.41     0.072546 
    86.94     0.114771 
    87.88     0.090096 
    85.75     0.125187 
    89.96     0.076372 
    87.62     0.110319 
    81.29     0.178752 
    85.71     0.130886 
    84.27     0.152133 
    84.09     0.150792 
    87.31     0.110234 
    86.85     0.115258 
    88.32     0.099426 
    90.01     0.081064 
    87.06     0.118262 
    92.91     0.047679 
    91.78     0.057192 
    91.38     0.025605 
    90.50     0.055879 
    88.86     0.087501 
    85.41     0.018151 
    93.61     0.038423 
    89.65     0.037968 
    86.82     0.018388 
    91.28     0.059183 
    92.32     0.052188 
    93.53     0.035311 
    91.49     0.046840 
    91.93     0.034506 
    92.40     0.042962 
    92.88     0.031137 
    93.22     0.032898 
    90.72     0.032426 
    89.14     0.035265 
    89.77     0.030241 
    91.70     0.032755 
    89.62     0.029037 
    92.27     0.031719 
    87.20     0.031078 
    92.61     0.027977 
    87.72     0.025690 
    87.77     0.028478 
    89.35     0.027977 
    74.85     0.004752 
    89.18     0.084450 
    78.34     0.207103 
    60.73     0.387204 
    65.33     0.339132 
    59.41     0.400000 
    59.81     0.400000 
    59.21     0.400000 
    59.23     0.400000 
    59.39     0.400000 
    60.74     0.390450 
    74.27     0.247800 
    74.22     0.250824 
    66.80     0.326852 
    88.05     0.107507 
    85.59     0.136184 
    11.11     0.000000 
    11.11     0.000000 
    84.51     0.149812 
    70.82     0.281788 
    68.31     0.317394 
    79.01     0.206265 
    64.66     0.355365 
    82.45     0.164874 
    69.45     0.297811 
    75.52     0.242228 
    78.46     0.206401 
    86.36     0.124451 
    91.39     0.068648 
    11.11     0.000000 
    80.71     0.184566 
    11.11     0.000000 
    92.85     0.046775 
    11.11     0.000000 
    90.10     0.041366 
    91.77     0.033795 
    11.11     0.000000 
    90.96     0.022440 
    11.11     0.000000 
    79.21     0.007602 
    11.11     0.000000 
    90.69     0.053315 
    11.11     0.000000 
    91.89     0.052284 
    11.11     0.000000 
    85.80     0.128644 
    88.16     0.105235 
    87.30     0.111421 
    78.24     0.210378 
    80.14     0.188395 
    86.68     0.120080 
    90.04     0.068247 
    90.96     0.027564 
    92.64     0.034048 
    11.11     0.000000 
    84.64     0.013442 
    89.64     0.022342 
    88.53     0.094442 
    86.54     0.113072 
    87.89     0.103172 
    90.98     0.058568 
    11.11     0.000000 
    11.11     0.000000 
    90.92     0.069222 
    89.77     0.038556 
    90.62     0.074384 
    88.43     0.104566 
    88.97     0.015940 
    90.90     0.082013 
    89.76     0.084927 
    88.01     0.105539 
    86.12     0.131858 
    87.06     0.119290 
    85.40     0.126076 
    86.88     0.117800 
    88.10     0.103557 
    88.06     0.104437 
    87.31     0.113912 
    88.95     0.097736 
    89.00     0.089108 
    89.67     0.082974 
    90.68     0.073744 
    89.67     0.077943 
    89.84     0.082364 
    88.68     0.099561 
    89.33     0.079674 
    91.59     0.059381 
    91.27     0.068653 
    91.30     0.063274 
    90.26     0.073427 
    90.43     0.065513 
    90.99     0.062804 
    90.22     0.063662 
    91.02     0.060532 
    90.05     0.063377 
    91.12     0.061488 
    90.61     0.058654 
    90.81     0.062846 
    89.34     0.064920 
    91.54     0.063847 
    90.51     0.063847 
    85.89     0.127748 
    70.37     0.291933 
    59.73     0.400000 
    59.97     0.400000 
    59.80     0.400000 
    60.02     0.400000 
    60.07     0.400000 
    59.83     0.400000 
    60.27     0.400000 
    59.57     0.400000 
    74.77     0.244774 
    76.16     0.229293 
    81.48     0.174326 
    68.22     0.313879 
    89.24     0.084317 
    75.75     0.234826 
    87.95     0.093969 
    73.87     0.252335 
    59.64     0.400000 
    59.24     0.400000 
    59.07     0.400000 
    59.65     0.400000 
    70.22     0.287320 
    78.48     0.201899 
    68.45     0.311339 
    59.98     0.400000 
    75.97     0.235481 
    64.97     0.345241 
    59.74     0.400000 
    59.75     0.400000 
    59.16     0.400000 
    65.15     0.344495 
    59.18     0.400000 
    59.92     0.400000 
    60.08     0.400000 
    60.38     0.400000 
    61.74     0.384389 
    59.72     0.400000 
    59.82     0.400000 
    68.02     0.314658 
    68.82     0.308975 
    79.15     0.200753 
    85.02     0.137551 
    86.64     0.110430 
    76.82     0.218848 
    90.76     0.077765 
    89.66     0.082869 
    82.23     0.168914 
    91.84     0.046966 
    89.54     0.086508 
    91.82     0.033191 
    11.11     0.000000 
    78.34     0.010419 
    90.84     0.064742 
    86.32     0.126130 
    63.34     0.002107 
    89.65     0.087187 
    91.44     0.061615 
    87.84     0.106676 
    73.97     0.006094 
    90.53     0.020627 
    89.75     0.071742 
    85.40     0.137033 
    87.48     0.108534 
    85.55     0.126072 
    85.29     0.139298 
    87.54     0.105425 
    93.26     0.037740 
    90.16     0.079384 
    86.45     0.120762 
    92.22     0.044067 
    90.61     0.057738 
    90.77     0.072252 
    89.82     0.037678 
    87.09     0.016106 
    89.93     0.054258 
    89.51     0.085627 
    86.83     0.113224 
    85.10     0.129100 
    86.56     0.123197 
    89.92     0.079826 
    88.53     0.098066 
    88.45     0.089898 
    88.87     0.091625 
    88.43     0.099127 
    88.84     0.098620 
    90.29     0.081887 
    89.82     0.088921 
    87.51     0.114320 
    90.43     0.078685 
    89.18     0.079394 
    89.77     0.081309 
    89.63     0.081949 
    88.97     0.082669 
    90.30     0.081836 
    89.84     0.084556 
    89.91     0.087326 
    89.58     0.083541 
    89.16     0.089193 
    89.53     0.089418 
    87.50     0.089418 
    72.25     0.267847 
    59.63     0.400000 
    79.19     0.203841 
    88.66     0.099465 
    11.11     0.000000 
    88.02     0.090288 
    72.64     0.274352 
    62.12     0.374040 
    71.93     0.277344 
    59.81     0.400000 
    59.74     0.400000 
    59.98     0.400000 
    59.97     0.400000 
    69.76     0.292549 
    65.77     0.340109 
    60.30     0.395529 
    59.68     0.400000 
    68.50     0.314393 
    72.14     0.275006 
    66.36     0.332000 
    59.24     0.400000 
    59.71     0.400000 
    63.29     0.365753 
    59.72     0.400000 
    59.57     0.400000 
    66.40     0.333537 
    59.89     0.400000 
    59.44     0.400000 
    59.50     0.400000 
    65.11     0.344292 
    59.82     0.400000 
    62.70     0.369062 
    59.75     0.400000 
    66.90     0.328633 
    76.88     0.226048 
    68.09     0.319439 
    59.40     0.397055 
    59.70     0.400000 
    72.56     0.269870 
    77.47     0.220368 
    76.94     0.221829 
    85.75     0.127948 
    83.23     0.156333 
    90.14     0.084885 
    83.70     0.150070 
    84.45     0.143636 
    86.70     0.117969 
    77.50     0.218093 
    82.25     0.012249 
    88.01     0.100645 
    90.27     0.065344 
    86.79     0.107554 
    86.28     0.123302 
    87.23     0.116882 
    81.07     0.182987 
    83.88     0.153151 
    79.56     0.194280 
    89.12     0.080067 
    93.15     0.035909 
    87.03     0.115474 
    89.63     0.096618 
    87.30     0.116017 
    86.30     0.119862 
    82.30     0.168834 
    89.53     0.087742 
    86.13     0.117014 
    82.22     0.166634 
    84.02     0.146841 
    89.25     0.080603 
    88.95     0.016677 
    88.18     0.031288 
    52.35     0.001706 
    11.11     0.000000 
    91.39     0.056855 
    91.99     0.023767 
    90.22     0.020771 
    67.83     0.003134 
    91.38     0.036972 
    90.07     0.068545 
    72.07     0.004309 
    91.53     0.047780 
    91.75     0.054738 
    90.46     0.068998 
    91.55     0.056322 
    91.69     0.049600 
    91.24     0.068888 
    90.63     0.056491 
    92.60     0.044886 
    92.03     0.056503 
    89.76     0.035172 
    91.93     0.035943 
    91.09     0.035707 
    91.21     0.033312 
    90.83     0.032390 
    92.93     0.030786 
    91.52     0.031754 
    90.96     0.035116 
    91.25     0.038462 
    91.47     0.035016 
    92.57     0.031159 
    89.36     0.031159 
    82.38     0.170461 
    87.33     0.015927 
    82.69     0.160975 
    80.07     0.188769 
    61.22     0.385351 
    65.47     0.342129 
    59.77     0.400000 
    65.19     0.343569 
    59.93     0.400000 
    64.76     0.351764 
    60.05     0.397262 
    59.61     0.400000 
    59.97     0.400000 
    59.81     0.400000 
    74.75     0.247884 
    65.07     0.347480 
    59.06     0.400000 
    68.45     0.305046 
    74.16     0.251532 
    59.90     0.400000 
    59.48     0.400000 
    60.04     0.400000 
    59.99     0.400000 
    59.65     0.400000 
    59.16     0.400000 
    59.79     0.400000 
    59.97     0.400000 
    59.60     0.400000 
    59.59     0.400000 
    71.71     0.280762 
    65.92     0.336522 
    66.88     0.327758 
    59.90     0.400000 
    68.60     0.308429 
    59.25     0.400000 
    61.09     0.382061 
    59.34     0.400000 
    59.66     0.400000 
    61.49     0.383176 
    61.57     0.379929 
    63.59     0.359354 
    66.94     0.323549 
    68.58     0.312632 
    65.40     0.339095 
    73.08     0.268291 
    70.21     0.294808 
    70.52     0.291598 
    76.99     0.222348 
    84.46     0.148824 
    84.67     0.140030 
    83.49     0.156670 
    79.25     0.204202 
    76.27     0.235882 
    67.66     0.319555 
    67.21     0.319749 
    83.07     0.162291 
    77.78     0.218616 
    74.43     0.249732 
    78.82     0.202483 
    79.90     0.193595 
    75.88     0.231131 
    73.82     0.253058 
    74.18     0.253730 
    84.51     0.140168 
    81.03     0.180547 
    84.64     0.136387 
    89.71     0.072033 
    92.26     0.014729 
    11.11     0.000000 
    90.69     0.064943 
    91.32     0.056354 
    89.00     0.093056 
    89.73     0.093130 
    90.05     0.048675 
    91.24     0.072678 
    91.16     0.067842 
    91.61     0.058752 
    88.12     0.100153 
    90.89     0.031069 
    11.11     0.000000 
    90.52     0.034224 
    91.52     0.056633 
    91.41     0.041613 
    90.56     0.049450 
    91.59     0.051867 
    90.77     0.033495 
    91.59     0.037982 
    91.64     0.044846 
    92.18     0.048993 
    90.98     0.037669 
    92.81     0.048567 
    92.78     0.051874 
    89.63     0.050427 
    92.74     0.048223 
    89.85     0.050392 
    91.23     0.046009 
    90.53     0.048051 
    91.60     0.050460 
    92.22     0.047490 
    90.61     0.047171 
    90.74     0.047490 
    87.17     0.117063 
    90.42     0.049017 
    92.89     0.048563 
    89.17     0.024243 
    11.11     0.000000 
    83.41     0.153075 
    74.72     0.247095 
    72.56     0.272410 
    81.83     0.171549 
    21.42     0.000415 
    77.56     0.220078 
    85.88     0.135221 
    88.70     0.104016 
    88.84     0.089005 
    90.73     0.067924 
    90.33     0.035718 
    11.11     0.000000 
    11.11     0.000000 
    85.40     0.122111 
    80.74     0.183999 
    11.11     0.000000 
    81.72     0.170451 
    81.88     0.175010 
    90.50     0.039410 
    11.11     0.000000 
    81.63     0.175078 
    11.11     0.000000 
    88.41     0.098810 
    11.11     0.000000 
    93.30     0.039942 
    84.22     0.149770 
    11.11     0.000000 
    27.76     0.000381 
    11.11     0.000000 
    90.19     0.086579 
    90.01     0.084048 
    92.27     0.040980 
    88.97     0.087597 
    82.80     0.165212 
    82.58     0.166543 
    84.65     0.143606 
    93.69     0.036859 
    11.11     0.000000 
    85.66     0.126207 
    90.01     0.085181 
    11.11     0.000000 
    11.11     0.000000 
    93.39     0.031360 
    84.90     0.137876 
    85.54     0.135729 
    11.11     0.000000 
    11.11     0.000000 
    11.11     0.000000 
    11.11     0.000000 
    89.38     0.081207 
    11.11     0.000000 
    11.11     0.000000 
    91.46     0.060603 
    80.01     0.017161 
    90.91     0.049115 
    91.37     0.038479 
    11.11     0.000000 
    93.32     0.036606 
    89.60     0.082998 
    92.16     0.041402 
    88.72     0.035905 
    90.56     0.036361 
    88.97     0.026758 
    11.11     0.000000 
    92.74     0.048472 
    63.61     0.004441 
    90.01     0.081055 
    90.64     0.042883 
    79.75     0.009538 
    89.53     0.082820 
    88.98     0.094273 
    52.15     0.001659 
    90.93     0.053055 
    91.33     0.031153 
    92.37     0.025420 
    84.29     0.009176 
    87.05     0.007424 
    85.46     0.020830 
    92.18     0.050338 
    90.17     0.074952 
    88.63     0.079191 
    88.67     0.093414 
    88.55     0.097467 
    87.12     0.111604 
    88.27     0.098811 
    88.65     0.097356 
    88.79     0.098729 
    88.55     0.096630 
    88.96     0.099107 
    88.30     0.102157 
    88.32     0.103868 
    88.62     0.104728 
    88.70     0.103213 
    87.69     0.101678 
    87.38     0.099692 
    88.45     0.103213 
    79.10     0.199489 
