constructTestCases(): generating 11 specified cases ...  DONE
Procedure Optimizer.Optimize()
Oracle probabilites : disabled
Optimizer(): Simulated Annealing , Random-normalized optimality [%]
Optimizer(): config:  [[0.2], [9.9], [], 10, 10, 0.75, 0.01, 0.5, 0.01]
Optimizer(): selective: [  1  ]
Optimizer(): evals/step: 10
Optimizer(): numParams: 1 , completeRepeats: 100
MABsolver_config: algorithms: UCB1 , CP DavorTom , CPT Davor , Reset AllMovingAvg
MABsolver_config: params: types:  Direct  Direct  Direct  Direct  Direct  
MABsolver_config: params: numInputs:  0  0  0  0  0  
MABsolver_config: params: weights:  [  0.240000  ]  [  2.000000  ]  [  1.000000  ]  [  50.000000  ]  [  1.000000  ]  
BanditTestBatch: casesIDs:  0  1  2  3  4  5  6  7  8  9  
BanditTestBatch: numCases: 10
BanditTestBatch: maxim sum reward: 3919.0
BanditTestBatch: random reward: 2805.0
 Evals       Score          p01       case01    case02    case03    case04    case05    case06    case07    case08    case09    case10 
     1       43.21      2.00000        87.00     28.40     55.20    -17.33     52.22     62.30     27.78     83.67     34.60     18.21 
     2       48.74      4.20557        98.40     49.20     72.00    -10.13     -5.00     74.70     49.60     73.60     57.41     27.65 
     3       52.52      4.60451        98.20     71.60     75.40      8.00     -5.00     59.20     54.29     71.71     63.81     27.96 
     4       53.18      3.93265        88.60     56.13     88.80     19.20     32.22     63.80     44.44     69.49     52.43     16.73 
     5       56.16      5.25309       103.00     66.80     83.60     11.20     36.67     46.20     61.98     62.69     57.01     32.47 
     6       53.22      5.68870        93.20     70.13     71.00      3.73      9.44     43.60     62.70     73.64     78.32     26.48 
     7       47.86      5.76401        76.80     81.07     59.80     10.93     10.56     19.80     56.35     73.42     64.04     25.80 
     8       49.20      6.82459        86.80     80.00     59.20     -6.40      9.44     16.50     67.54     73.93     75.46     29.51 
     9       52.91      7.16555        93.60     79.07     63.60     11.47     19.44     32.90     54.76     68.18     71.79     34.32 
    10       41.76      4.79053        95.20     52.80     52.00     -7.73    -22.78     47.40     47.78     65.38     68.89     18.70 
    11       48.71      5.65257        70.20     79.60     65.20     -2.40      8.33     40.70     62.46     62.47     68.89     31.67 
    12       51.55      5.50930        93.80     60.40     78.60     32.80     -0.56     32.70     57.06     64.69     69.25     26.73 
    13       46.25      3.72655        81.20     52.80     78.00      5.60      6.11     55.20     37.22     68.91     54.15     23.33 
    14       37.87      2.21135        40.00     29.33     61.00     13.33    -13.89     73.80     48.02     77.93     39.14     10.06 
    15       57.55      5.56135        99.40     65.60     84.20     24.27     17.78     64.80     57.70     64.00     69.57     28.15 
    16       50.66      3.42763        80.00     59.33     91.60     -2.40     31.67     59.30     46.75     69.13     52.93     18.27 
    17       54.87      4.54593       110.00     61.60     92.20     18.93     30.00     31.60     51.35     68.87     64.49     19.69 
    18       49.33      6.08665        81.20     75.60     66.40     -0.00     -8.89     52.90     47.22     66.11     72.93     39.81 
    19       54.08      6.01876        80.20     62.93     71.80     20.00     16.67     49.90     57.62     69.05     69.16     43.46 
    20       51.45      7.17713        71.20     65.33     77.40     29.07     -1.11     45.30     64.29     68.51     66.39     28.15 
    21       53.58      7.54731        81.20     64.00     71.20     13.33     42.22     29.30     58.97     72.11     75.33     28.15 
    22       52.41      6.05099        63.20     60.67     86.80     19.47     21.67     39.70     54.92     68.00     75.51     34.14 
    23       42.72      6.55868        49.20     63.87     70.60      4.00     -5.56     22.30     58.02     62.07     73.83     28.83 
    24       47.82      5.85380        53.00     74.93     95.00    -12.27    -11.67     43.70     58.41     68.36     74.51     34.20 
    25       47.80      4.45240        72.80     55.73     71.40     10.40     -1.11     69.50     51.27     62.00     65.99     20.06 
    26       56.22      5.89506        93.20     71.87     69.20     14.67     13.89     57.20     62.62     73.96     71.43     34.20 
    27       55.24      7.77010       101.00     81.60     80.00     36.53      5.00     15.70     53.57     70.91     70.07     38.02 
    28       49.44      6.36505        52.40     55.33     73.40     35.20     16.11     20.30     71.98     73.02     68.44     28.21 
    29       50.94      7.76306        65.80     65.47     63.00     19.73     15.56     35.80     71.83     65.93     74.65     31.67 
    30       51.99      7.16463        95.80     62.40     62.80     16.80     26.11     20.90     60.00     64.84     69.48     40.80 
    31       42.79      8.64365        49.40     71.20     73.00      4.27      3.89     19.30     54.44     63.45     63.85     25.12 
    32       50.93      7.41466        95.40     60.80     60.80      8.80     16.67     17.00     69.37     81.05     65.99     33.40 
    33       53.95      7.28355        91.60     74.00     83.40     16.53    -18.89     57.10     52.22     69.60     72.15     41.79 
    34       45.43      8.75367        67.60     69.73     73.60     -2.67    -17.78     34.90     63.89     63.71     75.24     26.05 
    35       41.39      9.42412        80.40     58.53     65.80     -1.60    -26.67     30.80     49.60     63.13     68.03     25.86 
    36       47.04      9.70105        66.80     66.27     68.60     -3.47     31.11     18.90     55.56     55.60     70.20     40.86 
    37       43.13      8.77855        85.80     60.67     75.40     13.33    -38.33     20.10     57.06     67.09     72.15     18.02 
    38       49.57      9.30763        71.40     65.87     77.20     31.47     -5.00     19.90     71.27     59.16     73.11     31.30 
    39       45.65      9.64378        73.60     67.20     64.20      1.60     -3.33     19.80     66.35     47.93     80.59     38.58 
    40       46.69      7.93145        66.60     60.67     77.00      4.53    -24.44     39.50     69.60     64.69     77.51     31.23 
    41       49.36      9.05823        96.20     64.80     82.00     -2.93     -8.89     32.60     60.63     62.91     69.39     36.85 
    42       46.22      9.44111        78.20     70.53     73.00     -5.60    -10.00     33.30     60.95     64.80     69.93     27.04 
    43       54.61      8.15620        98.40     77.73     75.60     10.93      8.89     41.60     61.67     63.82     73.83     33.64 
    44       48.14      8.89412        54.00     61.60     55.20     23.47      5.56     47.70     69.76     63.71     69.75     30.62 
    45       48.61      7.84504        57.00     83.47     75.00     15.20    -17.78     48.00     51.67     66.62     71.16     35.80 
    46       46.23      7.84282       105.80     63.20     62.40    -12.00     16.11     16.80     58.33     52.29     71.29     28.02 
    47       52.86      8.52342        85.00     65.73     70.60     24.00      4.44     42.90     59.60     71.09     72.56     32.65 
    48       55.77      7.64385        90.80     72.00     70.80      6.67     27.78     69.00     55.63     64.22     70.70     30.06 
    49       50.21      8.04930        68.40     76.80     76.40     23.73    -10.56     24.90     63.10     75.02     72.24     32.10 
    50       51.54      6.43072        65.00     68.00     84.60     26.67     18.89     27.40     58.73     63.02     76.24     26.85 
    51       52.78      7.10195        86.20     67.60     77.00      7.47     29.44     30.70     59.76     59.67     76.05     33.89 
    52       45.35      7.76133        72.20     54.93     72.00      3.47    -10.00     24.90     55.40     75.67     70.66     34.32 
    53       47.68      7.58557        57.80     52.40     76.20      9.60      7.78     29.70     61.19     75.05     71.66     35.43 
    54       49.92      7.75047        79.20     69.07     68.60      7.73     -3.33     56.00     56.43     64.07     67.71     33.70 
    55       52.57      7.57787       100.00     81.60     76.00     -4.53    -13.89     58.20     58.81     73.89     70.98     24.69 
    56       54.23      7.42011        82.60     65.07     95.20     31.20    -11.11     60.60     51.27     65.13     75.69     26.67 
    57       48.46      7.05243        84.00     82.93     67.60      9.87      4.44      9.80     54.05     72.11     71.93     27.84 
    58       51.82      7.30866        86.80     68.27     98.80     -5.60     -5.00     41.70     53.97     69.60     66.80     42.84 
    59       51.22      7.64656        94.60     72.93     76.20      8.27    -18.33     43.90     67.62     63.31     71.56     32.16 
    60       51.83      7.70138        94.00     66.80     60.00     19.20     21.11     34.00     55.48     64.40     65.03     38.27 
    61       47.39      7.67590        97.40     68.27     59.00     14.93      6.11      5.50     54.52     67.38     69.07     31.67 
    62       53.86      8.50769        91.40     64.00     70.80     12.27     35.56     39.20     57.78     60.76     71.02     35.80 
    63       50.49      9.17597        91.00     78.67     71.00     25.60     -0.00     16.70     49.29     63.27     72.61     36.73 
    64       49.47      9.27728        56.80     73.33     66.40     24.80     28.33     28.10     56.11     59.05     67.89     33.89 
    65       49.69      8.28115        80.60     77.20     68.80      7.47     18.33     22.10     59.76     62.73     68.21     31.73 
    66       47.51      8.41044        76.60     69.07     52.00     43.20    -15.00     15.30     59.60     64.04     78.46     31.85 
    67       51.24      7.85229        79.80     64.67     67.60     20.80     -0.56     49.70     63.65     61.56     76.78     28.40 
    68       46.26      8.63035       105.80     75.33     79.60     -4.80    -18.33      8.20     52.30     63.27     74.47     26.73 
    69       50.72      8.36120       108.80     76.00     69.20      1.87    -20.00     33.40     55.87     75.05     71.43     35.62 
    70       51.37      8.56573       100.20     56.93     71.00      9.60    -10.56     50.50     66.83     64.33     69.89     35.00 
    71       48.78      8.61922        86.00     80.13     62.40     13.60    -37.22     31.70     63.89     69.85     74.29     43.15 
    72       45.51      8.82055        91.40     74.13     71.00     24.00    -48.89     21.70     59.60     61.24     67.76     33.15 
    73       52.39      9.18399        97.20     59.07     70.60      8.27     -0.56     48.20     59.44     69.05     81.22     31.42 
    74       48.69      8.82137        85.80     75.33     65.20     10.93      7.22     25.20     51.43     64.04     70.98     30.80 
    75       59.29      8.86070        89.00     74.53     91.60     48.27     18.33     42.80     60.24     65.05     68.62     34.44 
    76       53.14      8.99546        89.20     66.13     78.00      0.80     15.00     44.20     62.06     64.55     76.73     34.75 
    77       52.97      9.26797        78.00     75.33     85.60      6.67     30.00     45.40     54.52     60.18     67.17     26.85 
    78       47.24      8.73932        72.00     54.00     74.80     27.73     -6.11     15.50     69.60     64.87     71.38     28.58 
    79       48.45      9.40234        91.20     73.07     74.20    -10.67     -6.11     42.20     58.57     62.73     74.20     25.12 
    80       53.95      8.54503        99.00     84.53     69.00     34.40    -11.67     30.70     65.71     64.29     70.70     32.84 
    81       54.00      8.15211        97.60     60.27     81.00     32.27      2.78     23.30     67.78     68.80     64.17     42.04 
    82       43.75      8.17957        45.40     74.13     58.40     13.33     -6.67     39.40     53.73     56.62     70.84     32.28 
    83       49.34      8.29834        87.00     74.53     74.00     -5.60     -5.00     31.50     61.59     66.95     73.15     35.25 
    84       44.96      7.86640        94.40     44.40     66.40      6.67    -23.33     30.70     65.71     56.58     71.29     36.73 
    85       49.67      8.13423        90.20     53.20     82.40      6.67     18.33     35.00     57.46     61.82     69.43     22.22 
    86       52.87      7.84283        82.80     77.60     81.40      6.40     12.78     44.50     47.06     71.45     71.38     33.33 
    87       49.64      7.63889        92.40     60.67     78.40      4.00    -15.56     44.20     60.00     67.71     73.92     30.62 
    88       53.35      7.77513        97.20     81.60     81.40      9.87     15.56     16.70     65.63     63.38     74.78     27.41 
    89       47.83      7.96810        88.20     60.00     76.00     18.93    -19.44     38.60     57.62     59.78     68.66     29.94 
    90       52.32      8.05856        81.80     62.93     86.40     -8.53     21.11     26.10     72.14     74.29     72.93     34.01 
    91       53.03      7.72062        97.80     72.80     71.20     17.60     10.56     31.40     68.10     72.91     67.30     20.62 
    92       50.00      7.72074       101.00     74.80     70.40     -6.67     10.00     28.00     59.21     64.91     70.43     27.96 
    93       52.33      7.72436        94.60     68.00     88.60      7.20     23.89     26.30     50.87     67.71     70.25     25.93 
    94       50.55      7.76486        80.60     43.47     82.20     30.13     -8.89     40.30     60.63     73.02     73.70     30.31 
    95       53.63      7.72682        98.80     62.27     70.00     25.07      3.33     45.50     55.87     71.38     74.29     29.75 
    96       51.17      7.70062        67.20     76.00     87.40     20.53     14.44     13.80     53.81     67.60     73.15     37.72 
    97       51.73      7.76184        96.00     61.33    102.80     24.53    -21.11     32.60     61.11     66.69     71.02     22.28 
    98       53.03      7.72582        88.00     63.07     75.00     24.80     -4.44     41.80     71.51     66.00     69.71     34.81 
    99       56.80      7.76026        96.60     81.60     71.80     12.80     23.89     52.20     53.65     66.11     74.33     35.00 
   100       52.18      7.78752       100.80     70.93     82.80     16.00    -21.11     25.90     68.89     70.11     69.25     38.21 
   101       54.48      7.76597        74.40     60.00     76.00     36.27     31.67     36.10     62.22     61.27     71.84     35.06 
   102       52.29      7.76026        75.60     55.33     76.20     18.40      9.44     54.30     65.79     70.98     67.94     28.89 
   103       54.08      6.09757       104.60     76.27     50.80      4.27     20.56     69.50     56.51     55.35     77.37     25.62 
   104       49.97      4.51345        85.00     65.60     68.20     26.13    -15.56     60.80     59.21     64.91     62.22     23.15 
   105       45.34      7.21743        80.00     57.87     68.20     -4.27      2.22     22.90     58.02     62.25     70.43     35.80 
   106       43.79      8.30203        74.40     66.80     70.80      1.33    -20.00     30.00     53.81     56.80     72.20     31.73 
   107       50.22      7.38344        69.00     79.47     75.80     11.20      5.56     30.90     58.41     66.76     71.02     34.07 
   108       51.71      8.09499        92.80     72.67     79.60     36.53      1.11     14.50     54.05     67.09     66.44     32.35 
   109       46.49      9.20013        68.00     59.60     68.40     45.60    -25.56     39.90     54.05     57.35     69.66     27.90 
   110       55.38      8.32683        85.40     71.73     75.00     42.13     16.11     27.90     61.67     63.56     77.01     33.33 
   111       49.95      8.71066        60.20     72.80     68.40     13.60      5.56     46.70     53.57     72.04     74.24     32.41 
   112       50.97      8.75043        70.20     64.27     74.20     33.60     -3.89     26.00     65.08     69.02     73.79     37.47 
   113       52.49      6.71298        94.80     53.33     65.60     -3.73      7.78     57.90     71.43     69.31     69.30     39.20 
   114       47.14      4.85617        74.60     77.33     64.60     10.13     -2.78     39.40     52.14     68.18     69.34     18.46 
   115       44.72      6.42842        67.80     68.00     63.40      8.00     -7.78     36.10     49.21     68.36     71.84     22.28 
   116       47.86      5.17881        97.00     65.60     53.80      3.20     -6.11     58.20     59.37     61.49     67.39     18.70 
   117       56.83      4.73978        76.20     73.07     65.40     26.93     60.00     64.30     60.79     64.87     55.10     21.67 
   118       50.51      6.40677        94.60     61.33     55.00      1.60     18.33     32.30     62.54     73.93     75.92     29.51 
   119       49.18      6.46407        91.60     72.27     71.20     13.33    -14.44     26.20     74.21     56.62     72.29     28.52 
   120       44.51      2.75409        98.60     43.47     73.60     -4.27    -30.56     73.80     55.63     69.38     45.58     19.88 
   121       38.27      1.77134        76.80     31.07     51.00     20.00      7.78     60.60     29.05     67.42     33.02      5.99 
   122       42.39      1.50791        82.80     30.93     54.40     33.87      2.22     72.80     21.11     73.82     36.28     15.68 
   123       39.49      1.78080       106.40     14.53     53.60     -3.20     -0.56     73.90     29.29     77.20     42.13      1.60 
   124       47.16      2.17818        88.00     47.73     75.20     -7.47     29.44     71.00     35.16     75.24     42.31     15.00 
   125       44.02      2.01509        84.60     34.27     78.60     -2.13      6.67     78.30     36.67     67.49     41.81     13.89 
   126       48.95      3.55736        68.00     48.67     64.40     26.13     11.67     64.30     59.68     72.44     59.73     14.44 
   127       50.83      5.04740        76.60     70.13     69.60      9.60      7.78     57.90     59.92     61.71     65.03     30.06 
   128       46.01      4.67743        91.40     68.27     69.20     12.00    -10.56     44.30     53.97     61.71     56.19     13.64 
   129       54.01      5.34941        98.60     70.80    101.60     14.67     -0.56     35.40     58.41     59.89     74.24     27.04 
   130       54.08      6.80930        93.40     75.07     70.40     15.20      5.56     52.00     59.37     73.27     66.62     29.94 
   131       55.28      7.28118        88.80     75.20     88.00     17.60     -2.22     49.90     62.62     69.53     70.48     32.90 
   132       51.48      5.57087        84.20     64.40     74.40     33.07     -6.67     53.50     59.60     56.76     70.11     25.37 
   133       55.34      4.51156        92.00     56.93     86.40     26.13      1.67     83.90     54.52     60.91     62.31     28.64 
   134       43.20      2.93673        91.60     37.20     53.80     -1.60     25.00     48.00     41.83     70.73     49.07     16.42 
   135       55.00      6.11620        82.20     77.20     65.20     35.47     17.22     38.30     59.29     67.35     76.19     31.54 
   136       47.22      4.54573        86.00     70.27     67.80     20.27    -22.22     48.90     57.46     68.15     56.78     18.77 
   137       47.93      5.84898        83.60     62.93     75.60      8.80      5.56     30.80     44.68     66.40     72.83     28.09 
   138       51.69      5.09234        87.00     67.07     88.00     11.47    -10.00     61.70     51.43     67.89     68.48     23.83 
   139       48.73      5.57597        88.60     80.93     69.40     -8.53    -10.56     47.90     60.08     72.84     64.63     21.98 
   140       54.61      7.31524        67.40     58.53     76.40     24.53     20.00     50.70     64.68     72.84     73.83     37.22 
   141       44.05      6.15042        75.80     68.13     62.00      0.27    -20.56     39.70     59.52     66.18     68.48     20.99 
   142       44.90      8.86090        69.20     66.93     56.80     23.20     -0.00     18.00     62.30     53.38     67.66     31.54 
   143       54.17      7.60023        80.40     78.13     66.80     29.87     -7.78     55.10     67.14     66.98     72.02     33.02 
   144       47.80      7.15318        79.80     57.33     55.40     17.60     32.22      3.30     67.78     56.95     75.83     31.79 
   145       48.54      7.16643        87.60     74.13     65.80      3.20     -9.44     27.60     66.11     68.33     72.34     29.69 
   146       53.02      6.29243        91.20     77.33     64.00     -2.13     21.11     49.60     57.86     67.05     70.75     33.40 
   147       51.04      8.09740        84.40     77.60     61.20     26.67     15.00      1.40     70.63     64.44     72.43     36.60 
   148       53.23      9.36917        96.20     66.13     74.40     26.67    -14.44     58.30     58.33     65.96     68.57     32.22 
   149       53.32      8.23464        97.60     66.53     73.20     18.40     -7.78     53.40     58.97     66.58     71.66     34.63 
   150       49.12      8.08782        96.20     58.13     87.20      4.27    -12.78     38.10     49.60     67.13     71.75     31.60 
   151       53.63      7.47247        88.20     74.93     78.00     30.13    -18.33     56.40     55.24     66.11     73.15     32.47 
   152       51.04      8.20433        87.40     66.00     78.60     14.40    -11.11     36.10     64.13     68.55     72.15     34.20 
   153       45.21      7.91783        72.60     66.93     73.80      1.87    -11.67     27.80     54.76     68.00     67.98     30.06 
   154       52.74      7.85807        91.00     65.20     76.60     15.20     -2.78     58.70     58.41     61.56     70.61     32.90 
   155       50.50      8.43341        78.00     64.93     71.20      0.80     22.78     44.50     55.24     64.33     73.79     29.44 
   156       48.26      6.94734        88.60     60.93     57.40     10.40     -2.78     39.20     60.95     70.62     69.12     28.15 
   157       51.41      7.48799        87.20     73.47     70.40     17.87     10.56     18.70     62.78     59.82     72.24     41.05 
   158       47.63      7.44328        91.60     78.00     77.40     23.20    -20.56     14.30     53.49     52.69     74.29     31.85 
   159       51.45      8.49921       101.60     72.93     63.60     29.33      1.67     24.70     52.62     65.42     76.05     26.54 
   160       57.11      7.39713        93.80     73.47     67.20     27.47     32.22     39.40     52.30     68.91     74.10     42.22 
   161       48.15      8.04469        68.40     74.53     67.60     12.00     11.11     21.40     61.51     64.15     69.02     31.79 
   162       49.16      6.82646        86.60     80.13     69.80     16.53    -22.22     34.10     56.35     64.95     74.97     30.37 
   163       50.66      7.07787        78.20     74.93     65.60      9.33      6.11     55.70     55.63     65.60     64.08     31.42 
   164       54.67      8.01829        92.00     62.53     78.00     23.47      7.22     38.70     68.57     73.13     67.30     35.80 
   165       49.78      6.64278        94.80     63.60     74.40      2.40    -11.11     44.00     56.67     68.73     67.66     36.67 
   166       50.44      6.82385        65.60     93.20     74.40     13.07    -10.00     31.20     65.48     64.36     71.20     35.93 
   167       48.94      8.09325        55.80     64.27     67.80     24.00      5.56     44.80     58.10     65.02     76.51     27.53 
   168       52.76      8.09583       100.00     59.33     80.20      9.60     12.78     39.50     57.70     70.07     71.11     27.35 
   169       54.46      7.77982        79.80     76.40     71.40     29.33     26.67     25.60     58.17     64.15     73.33     39.75 
   170       56.62      6.76804        79.40     80.67     84.40     31.47    -13.33     56.60     66.35     72.58     70.70     37.41 
   171       55.29      7.74269       102.20     59.87     88.60     26.93      8.89     39.70     48.57     68.58     73.24     36.36 
   172       51.13      8.44088        80.00     71.73     73.40     15.73     15.00     22.50     66.35     66.22     68.71     31.67 
   173       47.41      7.43113        88.00     59.60     79.40    -12.53    -13.89     25.10     62.86     71.53     75.92     38.09 
   174       54.78      7.48560        91.60     58.13     84.80     17.33      3.89     49.10     59.05     76.25     73.06     34.57 
   175       48.94      7.90897       102.80     73.07     72.60      1.07    -15.56     29.10     59.21     67.71     74.42     25.00 
   176       52.35      7.29993        79.80     62.53     87.60     11.73     13.33     39.70     47.22     65.35     75.83     40.37 
   177       48.24      7.79843        92.40     57.33     75.00     -6.40      8.89     32.00     59.13     61.82     65.49     36.79 
   178       57.14      7.33926        87.60     64.27     77.00     26.40     20.00     48.70     74.84     69.56     70.34     32.72 
   179       46.07      6.92099        84.40     64.00     68.40     15.20    -26.11     41.20     57.06     60.29     69.21     27.04 
   180       46.49      7.22285        77.40     66.67     62.80      5.60    -20.00     40.70     58.10     71.05     69.75     32.84 
   181       55.16      7.42233        86.00     74.53     74.20     21.87     20.00     49.50     61.83     64.87     66.21     32.59 
   182       50.08      6.88300        87.80     73.07     79.00    -18.40      8.89     38.40     59.76     69.53     70.20     32.59 
   183       56.00      7.23740       100.00     73.87     75.40      0.27     22.78     52.30     65.63     72.76     74.29     22.72 
   184       50.55      7.15662        77.40     52.67     84.80     16.27     -2.22     40.70     62.22     67.42     74.60     31.60 
   185       54.56      7.13954        94.20     70.00     80.00     25.33     23.89     33.50     53.49     61.42     72.52     31.23 
   186       48.45      7.19655        78.00     60.40     62.20     -0.27     -0.56     63.00     40.95     67.31     77.32     36.11 
   187       52.06      7.04103       101.00     77.07     70.80      7.47     13.33     24.50     55.95     65.31     71.97     33.21 
   188       54.61      7.05840        97.80     68.53     72.20     29.87     -6.67     40.20     56.90     65.67     74.51     47.04 
   189       53.45      7.37793        80.80     61.73     77.60     20.80     17.78     40.40     66.67     70.36     69.48     28.89 
   190       50.64      7.44633        90.20     85.07     75.00     21.60    -21.67     32.40     54.52     67.56     68.66     33.02 
   191       43.43      7.42749        68.80     75.07     86.80     -4.80     -3.89     12.60     49.52     53.89     68.62     27.72 
   192       45.28      7.40841        86.40     66.40     70.00     -4.27    -23.33     23.90     68.33     67.20     67.85     30.31 
   193       50.57      7.22590       101.20     60.93     61.20      2.13     16.11     35.60     68.02     63.56     69.93     26.98 
