constructTestCases(): generating 11 specified cases ...  DONE
Procedure Optimizer.Optimize()
!!! --- WARNING --- !!! Oracle probabilites : ENABLED !!! --- WARNING --- !!!
Optimizer(): Simulated Annealing , Random-normalized optimality [%]
Optimizer(): config:  [[0.5], [7.0], [], 10, 10, 0.75, 0.01, 0.5, 0.01]
Optimizer(): selective: [  1  ]
Optimizer(): evals/step: 2
Optimizer(): numParams: 1 , completeRepeats: 100
MABsolver_config: algorithms: UCBtuned , CP DavorTom , CPT Davor , Reset SingleMovingAvg
MABsolver_config: params: types:  Direct  Direct  Direct  Direct  
MABsolver_config: params: numInputs:  0  0  0  0  
MABsolver_config: params: weights:  [  0.770000  ]  [  2.500000  ]  [  1.000000  ]  [  50.000000  ]  
BanditTestBatch: casesIDs:  0  1  2  3  4  5  6  7  8  9  
BanditTestBatch: numCases: 10
BanditTestBatch: maxim sum reward: 3919.0
BanditTestBatch: random reward: 2805.0

    61.37     2.500000 
    60.65     5.352595 
    61.50     2.153266 
    62.58     2.378694 
    62.66     3.208476 
    64.83     0.929253 
    62.15     4.139808 
    65.44     0.685913 
    61.42     3.240790 
    62.59     2.625650 
    63.80     2.255196 
    61.39     2.878450 
    64.22     0.500000 
    64.22     0.500000 
    64.22     0.500000 
    62.63     2.936333 
    64.83     0.868294 
    64.22     0.500000 
    66.67     0.500000 
    65.45     0.500000 
    66.67     0.500000 
    62.60     2.832858 
    61.38     2.705963 
    65.44     0.564761 
    66.67     0.500000 
    64.22     0.500000 
    63.84     1.511789 
    64.22     0.500000 
    65.45     0.500000 
    64.22     0.500000 
    62.58     2.283029 
    66.67     0.500000 
    65.45     0.500000 
    65.45     0.500000 
    65.45     0.500000 
    62.58     2.225266 
    66.67     0.500000 
    64.22     0.500000 
    62.58     2.272577 
    66.67     0.500000 
    63.56     1.110839 
    64.22     0.500000 
    65.45     0.500000 
    65.45     0.500000 
    65.45     0.500000 
    61.36     2.270770 
    65.45     0.500000 
    64.22     0.500000 
    64.22     0.500000 
    65.45     0.500000 
    63.61     1.056469 
    63.53     0.910106 
    66.68     0.518463 
    64.85     0.976213 
    66.67     0.500000 
    64.85     1.611143 
    65.45     0.587540 
    65.73     1.290739 
    65.45     0.500000 
    66.01     1.123471 
    65.45     0.500000 
    66.67     0.551365 
    65.13     1.416889 
    66.67     0.500000 
    64.84     0.843093 
    63.90     1.401520 
    65.45     0.500000 
    64.82     1.100269 
    64.78     1.118833 
    66.29     1.473412 
    65.45     0.500000 
    64.94     0.713514 
    64.83     0.948387 
    64.21     0.567633 
    64.22     0.500000 
    64.22     0.500000 
    64.22     0.616569 
    66.67     0.500000 
    66.01     1.133507 
    65.45     0.500000 
    65.69     1.238455 
    65.45     0.500000 
    63.71     0.711174 
    63.61     0.874122 
    66.67     0.512041 
    64.22     0.500000 
    66.66     0.648015 
    66.10     0.804248 
    63.67     0.792903 
    65.45     0.500000 
    66.08     0.955525 
    65.42     0.672198 
    65.43     0.635366 
    65.42     0.672436 
    64.93     0.689270 
    64.22     0.621598 
    66.66     0.638690 
    66.67     0.587767 
    66.67     0.524361 
    65.45     0.523001 
    64.22     0.508436 
    65.45     0.524361 
    64.22     0.500000 
    65.45     0.500000 
    64.22     0.500000 
    63.59     1.651984 
    66.67     0.500000 
    64.22     0.500000 
    65.45     0.500000 
    65.45     0.500000 
    65.45     0.500000 
    64.22     0.500000 
    64.22     0.500000 
    65.45     0.500000 
    66.67     0.557177 
    63.80     1.543618 
    62.08     4.390133 
    66.13     0.763458 
    64.48     1.879862 
    64.15     1.364571 
    65.45     0.500000 
    64.49     1.874312 
    63.85     2.960372 
    61.43     3.259676 
    62.00     4.861236 
    62.62     2.766181 
    63.16     5.102922 
    63.30     4.517188 
    61.80     5.684893 
    60.07     6.589139 
    63.40     4.066918 
    60.70     5.247933 
    62.00     4.939635 
    61.37     6.026152 
    61.23     7.000000 
    60.00     7.000000 
    61.23     7.000000 
    60.77     4.945600 
    62.51     6.616893 
    61.29     6.550382 
    62.01     4.752058 
    63.67     3.527695 
    63.29     4.559504 
    61.38     5.991289 
    63.08     5.563335 
    61.38     5.965068 
    62.21     4.010922 
    61.87     5.443290 
    60.87     4.251725 
    61.34     6.220724 
    61.95     5.021596 
    63.16     5.205809 
    61.32     6.394708 
    60.96     4.054271 
    61.80     5.683696 
    62.02     4.679840 
    62.14     4.194643 
    63.88     3.266270 
    62.08     4.492518 
    62.62     2.935361 
    61.25     3.446758 
    61.36     2.593306 
    62.62     3.046879 
    62.59     2.495497 
    63.31     4.300638 
    60.96     4.045973 
    62.59     2.442910 
    63.86     3.120890 
    62.61     2.843039 
    62.66     3.217990 
    62.46     3.483796 
    63.88     3.311888 
    62.41     3.620751 
    63.84     2.719007 
    62.58     2.579486 
    63.85     2.905939 
    63.80     2.364434 
    63.26     1.875602 
    62.59     2.599803 
    63.26     1.889306 
    62.84     2.107430 
    61.62     2.106589 
    62.58     2.212132 
    63.13     1.938225 
    63.15     1.911311 
    63.81     2.275266 
    62.59     2.617943 
    62.98     2.028881 
    62.60     2.541477 
    61.50     2.157728 
    61.37     2.489844 
    62.58     2.197484 
    61.36     2.243225 
    62.56     2.308188 
    63.80     2.231824 
    62.57     2.187589 
    61.35     2.240226 
    62.71     2.178361 
    62.58     2.275730 
    62.58     2.273912 
    63.95     2.167446 
    63.80     2.202000 
    61.50     2.167446 
    61.39     2.735270 
    63.39     1.755677 
    66.67     0.500000 
    64.22     0.500000 
    64.22     0.500000 
    62.59     2.633420 
    61.43     3.202234 
    66.67     0.500000 
    62.61     2.749984 
    65.45     0.500000 
    66.67     0.500000 
    66.67     0.592953 
    62.50     3.365260 
    61.34     2.333859 
    65.45     0.500000 
    65.03     1.576093 
    62.60     2.553116 
    64.22     0.500000 
    62.59     2.491078 
    65.45     0.500000 
    65.44     0.640410 
    65.45     0.500000 
    63.84     2.769930 
    64.22     0.570527 
    66.67     0.500000 
    62.58     2.223029 
    62.60     2.537734 
    64.62     1.784803 
    64.82     1.655299 
    64.22     0.500000 
    62.59     2.489675 
    64.43     1.285123 
    62.64     3.129773 
    62.62     2.762413 
    63.56     1.707233 
    61.35     2.362155 
    62.42     3.596748 
    61.92     5.273169 
    62.03     4.615971 
    61.93     5.224195 
    61.28     6.615436 
    60.00     7.000000 
    61.28     6.679403 
    61.23     7.000000 
    61.23     7.000000 
    61.32     6.352448 
    60.13     6.179449 
    60.56     5.822770 
    60.00     7.000000 
    62.01     4.767560 
    63.10     5.369842 
    63.29     4.594020 
    63.30     4.513801 
    63.00     5.857134 
    60.00     7.000000 
    61.81     5.623575 
    60.78     4.860111 
    63.31     4.380488 
    61.79     5.733290 
    61.86     5.509195 
    61.86     5.491153 
    60.13     6.191201 
    61.85     5.562048 
    62.58     6.154061 
    61.23     7.000000 
    63.00     5.857622 
    60.11     6.258027 
    61.95     5.063634 
    60.64     5.541904 
    61.32     6.354620 
    60.63     5.607385 
    61.93     5.196934 
    61.35     6.099840 
    61.37     6.056774 
    61.88     5.363516 
    60.70     5.262874 
    61.79     5.741885 
    61.78     5.858665 
    61.92     5.303361 
    62.01     4.797922 
    63.17     5.048581 
    61.87     5.363133 
    60.64     5.413991 
    61.94     5.005875 
    62.00     4.909533 
    63.09     5.429226 
    63.18     4.985434 
    60.71     5.213565 
    62.00     4.958736 
    63.29     4.588714 
    62.03     4.638536 
    63.29     4.562095 
    60.84     4.562619 
    62.03     4.615858 
    63.25     4.620096 
    62.07     4.595914 
    62.02     4.624467 
    63.25     4.668729 
    63.24     4.651692 
    63.30     4.607168 
    62.07     4.607168 
    62.02     4.670982 
    61.23     7.000000 
    65.03     1.580691 
    66.67     0.500000 
    66.67     0.500000 
    62.72     2.172734 
    63.59     1.643450 
    65.07     1.470508 
    62.14     4.190395 
    62.57     6.199257 
    61.23     7.000000 
    63.16     5.107282 
    62.66     3.186784 
    63.16     1.319053 
    62.28     3.834921 
    63.72     3.382354 
    63.03     5.646615 
    62.02     4.696781 
    62.47     6.847051 
    60.00     7.000000 
    62.53     6.542479 
    62.45     7.000000 
    63.18     4.975287 
    62.02     4.666818 
    63.31     4.313267 
    62.65     3.162691 
    64.48     1.797778 
    63.62     1.617504 
    62.27     3.860402 
    64.62     1.746925 
    62.59     2.607640 
    63.52     1.191536 
    65.45     0.500000 
    65.45     0.500000 
    64.22     0.500000 
    62.85     2.092578 
    66.67     0.500000 
    64.22     0.500000 
    64.22     0.500000 
    61.37     2.524644 
    66.67     0.500000 
    61.90     1.975479 
    65.44     0.639923 
    64.20     1.339318 
    64.22     0.500000 
    64.28     1.818325 
    62.60     2.708785 
    64.90     0.786175 
    65.45     0.500000 
    64.22     0.500000 
    62.23     1.842121 
    63.62     1.002306 
    65.84     1.782087 
    61.39     2.746285 
    64.73     1.222165 
    63.61     1.089634 
    62.60     2.710896 
    65.02     1.565076 
    65.45     0.500000 
    64.22     0.500000 
    66.67     0.533754 
    64.22     0.500000 
    65.45     0.500000 
    64.22     0.500000 
    66.67     0.500000 
    64.86     0.956702 
    64.83     1.072601 
    66.67     0.500000 
    64.22     0.624196 
    65.96     1.156999 
    63.50     1.212036 
    64.74     1.190582 
    65.96     1.157759 
    66.67     0.500000 
    64.79     1.118556 
    64.22     0.500750 
    64.22     0.500000 
    64.83     0.951354 
    65.45     0.500000 
    63.67     0.789502 
    63.68     0.748300 
    66.67     0.500000 
    66.13     0.749687 
    65.45     0.500000 
    66.67     0.500000 
    65.45     0.500000 
    63.69     0.742893 
    66.67     0.500000 
    65.45     0.500000 
    65.44     0.602762 
    65.45     0.504351 
    66.67     0.505932 
    65.45     0.500000 
