constructTestCases(): generating 11 specified cases ...  DONE
Procedure Optimizer.Optimize()
Oracle probabilites : disabled
Optimizer(): Simulated Annealing , Random-normalized optimality [%]
Optimizer(): config:  [[0.0], [3.0], [], 10, 10, 0.75, 0.01, 0.5, 0.01]
Optimizer(): selective:  0.000000  
Optimizer(): evals/step: 10
Optimizer(): numParams: 1 , completeRepeats: 100
MABsolver_config: algorithms: UCB1 , CP Disabled , CPT Davor , Reset: TODO
MABsolver_config: params: types:  Direct  Direct  Direct  Direct  
MABsolver_config: params: numInputs:  0  0  0  0  
MABsolver_config: params: weights:  [  1.000000  ]  [  2.500000  ]  [  0.200000  ]  [  5.000000  ]  
BanditTestBatch: casesIDs:  0  1  2  3  4  
BanditTestBatch: numCases: 5
BanditTestBatch: maxim sum reward: 1170.0
BanditTestBatch: random reward: 939.5

    23.91     1.000000 
    38.78     0.567040 
    50.45     0.102677 
    28.63     1.229159 
    14.38     2.616295 
    16.45     3.000000 
     0.07     3.000000 
    19.97     1.516973 
    19.92     2.035697 
     7.10     2.518909 
     5.64     2.846895 
    15.18     2.103430 
    13.89     2.229900 
    14.27     3.000000 
    11.34     1.878325 
    28.26     1.113244 
    18.81     2.204880 
    30.98     0.972783 
    42.07     0.121950 
    34.73     0.000000 
    12.97     0.000000 
    49.91     0.000000 
    11.48     0.000000 
    -1.14     0.000000 
    23.80     1.022780 
    48.30     0.000000 
    25.78     0.000000 
    50.13     0.261692 
    43.52     0.044756 
    38.51     0.508500 
    33.60     0.000000 
    33.80     0.000000 
    55.53     0.238185 
    54.24     0.121684 
    37.09     0.000000 
    47.20     0.268579 
    47.60     0.103744 
    34.36     0.000000 
    47.20     0.076220 
    42.23     0.324005 
    36.98     0.476378 
    20.78     1.094967 
    32.00     0.864628 
    42.92     0.522449 
    37.95     0.796361 
    26.74     1.209515 
    23.44     0.981107 
    34.89     0.109607 
    23.21     0.979463 
    19.19     1.146748 
    41.15     0.547591 
    28.85     0.000000 
    34.98     0.460962 
    40.77     0.679432 
    27.35     1.340882 
    48.13     0.345072 
    29.65     0.000000 
    33.19     0.000000 
    21.91     1.027879 
    23.42     0.000000 
    25.82     0.000000 
    46.42     0.254566 
    51.85     0.310848 
    45.23     0.297519 
    37.08     0.184799 
    43.82     0.323011 
    35.18     0.587883 
    42.54     0.000000 
    26.73     0.000000 
    61.15     0.145494 
    18.53     0.000000 
    54.66     0.238682 
    42.81     0.403428 
    63.23     0.064576 
    32.90     0.000000 
    38.27     0.000000 
    56.28     0.193717 
    52.29     0.306143 
    44.92     0.146966 
    22.25     0.000000 
    13.51     0.000000 
    56.50     0.229103 
    19.67     0.000000 
    59.72     0.183811 
    29.76     0.015633 
     9.16     0.007045 
    42.12     0.365455 
    63.00     0.224735 
    43.14     0.247494 
    53.41     0.126528 
    52.48     0.197931 
    46.37     0.251743 
    46.60     0.252401 
    56.83     0.213716 
    50.21     0.234623 
    66.30     0.196491 
    54.74     0.224161 
    35.90     0.202846 
    44.70     0.193265 
    59.92     0.225314 
    52.86     0.220598 
    51.53     0.196491 
    25.18     0.000000 
    29.55     0.000000 
    16.35     0.000000 
    25.25     1.328043 
    11.80     2.750160 
    21.35     2.561871 
     1.28     3.000000 
    13.63     3.000000 
     7.27     3.000000 
    13.95     2.676152 
    10.57     2.181427 
    28.93     0.967398 
    25.11     1.177446 
    29.32     0.843691 
    17.08     0.000000 
    42.06     0.404436 
    25.79     0.587806 
    21.01     0.000000 
    50.78     0.211777 
    -0.89     0.000000 
    12.34     0.000000 
    32.07     0.826777 
    23.39     1.405488 
     8.77     2.507711 
    18.05     1.975302 
    14.55     1.763377 
    10.75     2.584794 
    10.93     2.530161 
    11.99     1.962801 
    -0.72     2.574709 
    11.38     2.878450 
    10.57     2.293847 
    19.80     1.373822 
    22.96     1.466457 
    21.65     1.228286 
    35.50     1.104877 
    49.66     0.283170 
    23.49     1.167315 
    19.33     0.992432 
    36.17     0.000000 
    37.45     0.266295 
    10.84     0.000000 
    65.51     0.212507 
    34.87     0.511879 
    40.38     0.284447 
    33.84     0.906704 
    14.85     0.000000 
    24.44     0.000000 
    32.96     0.885129 
    33.87     0.759795 
    27.09     0.172783 
    30.88     0.714577 
    40.47     0.578592 
    17.76     0.000000 
    50.80     0.128851 
    33.37     0.000000 
    37.53     0.514088 
    22.90     0.622977 
    24.76     0.831466 
    44.17     0.088876 
     7.62     0.000000 
    36.84     0.424379 
    50.40     0.264413 
    21.28     0.000000 
     3.21     0.000000 
    41.27     0.000000 
    44.73     0.154799 
    48.44     0.409227 
    29.72     0.705734 
    35.53     0.658411 
    53.89     0.165064 
    47.24     0.293788 
     4.75     0.000000 
    17.36     0.000000 
    22.58     0.000000 
    44.47     0.358621 
    37.36     0.423165 
    56.85     0.158713 
    48.85     0.225668 
    27.01     0.000000 
    49.61     0.206889 
    50.51     0.225509 
    41.78     0.109873 
    49.53     0.346737 
    45.17     0.198810 
    37.12     0.378672 
    44.93     0.272710 
    45.66     0.255516 
    47.59     0.141145 
    40.41     0.077407 
    47.07     0.234673 
    50.25     0.188141 
    52.77     0.235679 
    59.12     0.219430 
    48.16     0.218198 
    32.48     0.196105 
    43.33     0.201636 
    59.13     0.201641 
    48.12     0.237583 
    45.72     0.197109 
    47.77     0.212507 
     4.88     0.000000 
    19.61     0.000000 
    35.33     0.841025 
    20.97     1.087489 
    21.55     1.234131 
    13.45     1.713830 
    14.19     1.798288 
     8.49     2.315474 
     7.37     2.946891 
     5.12     3.000000 
     8.47     2.906586 
    11.89     2.616467 
     8.52     3.000000 
     9.64     1.821148 
     7.39     2.587297 
     4.84     1.991834 
    18.57     1.356922 
    21.27     1.662766 
    28.53     1.082092 
    36.96     0.013669 
    32.44     0.000000 
     6.58     0.000000 
    10.05     0.000000 
    49.66     0.326994 
    29.43     0.560071 
    18.22     1.190362 
    34.92     0.474075 
    20.97     0.000000 
    24.32     0.682444 
    20.67     1.001821 
    38.84     0.533728 
    22.15     0.000000 
    50.58     0.303397 
     1.25     0.000000 
    57.82     0.221960 
    28.92     0.787746 
    27.99     0.948490 
    54.76     0.283349 
    29.45     0.883725 
    13.71     0.000000 
    43.92     0.349405 
    38.19     0.534489 
    50.59     0.267339 
    40.86     0.585639 
    15.64     1.055795 
    27.05     1.005570 
    21.94     0.000000 
    23.41     0.022221 
    41.06     0.678021 
    15.69     0.000000 
    33.91     0.161308 
    36.81     0.501727 
    22.47     0.977500 
    51.77     0.117875 
    -1.57     0.000000 
    32.44     0.659722 
    44.62     0.498011 
    20.85     1.076497 
    23.61     0.953392 
    53.28     0.270031 
    61.05     0.000000 
    27.18     0.000000 
    26.06     0.000000 
     8.11     0.000000 
    43.41     0.415998 
    43.23     0.306385 
    48.36     0.170663 
     9.83     0.000000 
     1.07     0.000000 
    47.54     0.082072 
    11.04     0.000000 
     3.25     0.000000 
    47.90     0.311571 
    10.45     0.000000 
    25.74     0.000000 
    24.94     0.000000 
    45.56     0.213601 
    -4.14     0.000000 
    46.26     0.319083 
     1.64     0.000000 
    47.25     0.057585 
    27.76     0.013006 
    59.23     0.070365 
    59.81     0.138368 
    55.15     0.218697 
    50.56     0.288782 
    46.38     0.105039 
    62.17     0.086220 
    53.52     0.140910 
    50.09     0.162322 
    38.44     0.106509 
    41.58     0.108187 
    38.81     0.100915 
    50.14     0.097039 
    42.52     0.064740 
    46.12     0.058973 
    54.45     0.093660 
    49.60     0.104781 
    53.12     0.076587 
    36.31     0.089133 
    64.80     0.086220 
    41.61     0.000000 
    23.62     1.196977 
     2.67     2.316634 
    15.75     2.578460 
    16.20     1.507968 
    47.21     0.237603 
    26.82     0.000000 
    32.62     0.793274 
    12.84     1.746000 
     6.82     2.429895 
    26.53     0.789064 
    13.36     0.000000 
    20.30     0.000000 
     9.54     0.000000 
    10.68     0.000000 
    28.44     0.845803 
    35.48     0.606395 
    -3.48     0.000000 
    35.47     0.000000 
    42.72     0.101615 
    19.92     0.000000 
    12.86     0.000000 
    32.13     1.054832 
    38.00     0.466615 
     6.80     0.000000 
     9.88     0.000000 
    21.33     0.000000 
    37.63     0.000000 
    36.82     0.518672 
     5.65     0.000000 
    29.38     1.069428 
    29.35     1.233426 
    38.04     0.661586 
    28.14     0.897005 
    38.11     1.188811 
    24.36     1.600735 
    17.85     2.432501 
    18.86     1.478811 
     9.28     2.469437 
     7.21     2.769102 
    14.74     2.320686 
     9.43     2.892820 
    15.15     2.470686 
    10.51     3.000000 
    10.64     2.548948 
     9.88     2.170820 
     7.37     2.873068 
    15.22     2.209333 
    21.19     2.811991 
    17.60     3.000000 
    15.39     2.452165 
     9.65     3.000000 
     6.12     2.309220 
     8.35     2.522829 
     4.37     2.309539 
    13.79     2.130806 
    20.80     1.540958 
    14.88     1.567183 
     8.71     2.081221 
    16.06     2.483114 
    14.97     2.614780 
     7.39     2.609124 
    15.04     2.413335 
    12.51     1.920915 
     7.82     2.227766 
    11.56     2.333923 
     2.01     2.167261 
    16.07     2.255863 
    12.52     2.333183 
    11.28     2.465139 
    10.16     2.469682 
     2.49     2.205602 
     6.84     2.798284 
    13.10     2.841773 
    10.96     2.715814 
    16.32     2.362402 
    14.34     2.018270 
     4.76     2.055018 
    16.96     2.324267 
    15.51     2.600453 
    15.14     2.666475 
     4.91     2.700102 
     8.50     2.601312 
    17.85     2.547059 
    13.69     2.520201 
    13.69     2.634784 
     8.31     2.669758 
     9.57     2.716333 
     8.66     2.521676 
     4.95     2.609769 
    14.68     2.638279 
     7.58     2.614787 
    19.82     2.619521 
     9.45     2.645286 
    11.56     2.633617 
    14.13     2.630084 
     5.46     2.589685 
    12.28     2.633611 
     9.25     2.624583 
     8.75     2.626257 
    17.40     2.619521 
     8.76     2.861808 
     6.91     3.000000 
    10.76     2.361392 
     2.82     3.000000 
    14.06     2.142468 
     8.97     2.176925 
    25.84     1.073055 
    16.01     1.930627 
    14.84     3.000000 
     7.50     3.000000 
    14.47     3.000000 
    10.01     3.000000 
    20.40     1.832820 
    24.98     0.972454 
    32.58     0.000000 
    -7.54     0.000000 
    25.73     0.890639 
    12.19     1.299193 
    17.23     0.000000 
    20.71     0.839861 
    14.29     0.000000 
    19.68     0.936351 
    38.08     0.670903 
    21.04     1.661841 
    34.91     0.530621 
    34.58     0.000000 
    -1.75     0.000000 
    21.83     1.025366 
    22.12     0.858841 
    13.12     1.780901 
    28.68     0.981400 
    30.88     0.920730 
    35.05     0.724566 
    17.25     0.904097 
    50.98     0.432320 
    12.32     0.000000 
     8.10     0.000000 
    23.03     0.928329 
    11.12     0.000000 
    41.19     0.027998 
    28.54     0.000000 
    30.79     0.000000 
    22.31     1.255792 
    40.16     0.494048 
    18.38     0.976948 
    32.22     0.144149 
    25.24     0.833090 
    17.88     0.000000 
    25.21     0.824759 
    42.92     0.484370 
    55.64     0.177648 
    24.56     0.000000 
    35.40     0.063001 
    40.18     0.146068 
    42.32     0.016117 
    16.79     0.000000 
    31.46     0.022367 
    31.56     0.000000 
    30.40     0.042738 
    28.55     0.630308 
     4.75     0.000000 
    18.55     0.000000 
    -0.22     0.000000 
    28.63     0.000000 
    32.30     0.000000 
    38.17     0.414128 
     8.96     0.000000 
    14.67     0.000000 
    20.67     0.000000 
    53.03     0.098865 
    54.75     0.083882 
    26.68     0.006646 
    35.99     0.000000 
    43.67     0.332759 
    44.36     0.111319 
    12.29     0.000000 
    19.51     0.000000 
    26.61     0.035387 
    58.40     0.113401 
    27.12     0.000000 
    51.98     0.109969 
    45.61     0.026604 
    55.21     0.016984 
    14.06     0.000000 
    52.37     0.168098 
    46.30     0.131319 
    34.22     0.000000 
    25.10     0.028592 
    25.97     0.000000 
    38.96     0.173275 
    67.42     0.025597 
    16.08     0.010679 
    53.16     0.028203 
    53.66     0.046703 
    34.48     0.013763 
    15.64     0.020812 
    31.57     0.005171 
    27.32     0.014782 
    11.75     0.000000 
    51.12     0.045514 
    48.70     0.025597 
    29.90     0.567307 
    10.08     1.767651 
    19.11     0.000000 
    30.38     0.000000 
    27.43     0.000000 
    39.91     0.450764 
    36.12     0.341701 
    31.87     0.572657 
    16.03     1.609132 
    33.16     0.534806 
    12.21     1.602583 
    34.83     0.743399 
    15.38     1.191645 
    16.55     1.571017 
    20.91     1.039923 
    18.82     1.978923 
    23.48     1.136490 
    44.04     0.317260 
    13.08     1.649675 
    64.77     0.065045 
    23.24     0.000000 
    37.71     0.000000 
    56.64     0.304559 
    26.96     0.000000 
    20.48     0.000000 
    22.08     0.000000 
    26.92     1.225081 
    35.16     0.705502 
    53.21     0.020933 
    16.40     1.057701 
    18.27     0.993418 
    60.95     0.217833 
    44.98     0.186717 
    44.46     0.330585 
    26.96     0.967460 
    38.73     0.475493 
    16.80     1.476447 
    46.61     0.287943 
    32.87     0.000000 
    15.61     0.000000 
    22.95     0.000000 
    38.00     0.072880 
    22.74     0.849223 
    24.86     0.000000 
    33.46     0.595356 
    23.50     1.197744 
    24.50     1.327792 
    19.82     1.008460 
    27.08     0.971089 
    30.24     0.871749 
    11.70     1.531837 
    18.84     1.401859 
    20.51     1.384325 
    15.46     1.796679 
    26.76     1.939265 
    18.66     2.577549 
    17.04     2.076912 
    15.38     1.838112 
    18.25     1.671849 
    13.28     1.620625 
    20.69     1.999347 
    11.88     2.471727 
    13.60     2.870830 
    14.78     2.672488 
     9.15     3.000000 
    19.08     2.542241 
    15.33     2.304871 
    11.28     2.387015 
    19.16     1.883366 
    17.54     2.173705 
    15.48     1.912282 
    10.71     2.042714 
     8.25     2.213193 
    10.84     2.284896 
    11.45     2.436295 
     6.20     2.359812 
     8.82     2.638325 
     8.96     2.345031 
     8.73     2.389038 
    12.26     2.281597 
     2.81     2.446677 
     2.64     2.310790 
    16.24     2.111317 
    18.53     1.962512 
    17.38     1.892329 
    20.53     2.111788 
    15.60     2.019736 
    20.94     2.080279 
    20.02     2.125899 
    19.87     2.194295 
    14.68     2.198524 
    13.96     2.204147 
    17.59     2.219247 
    18.34     2.165171 
    20.17     2.175536 
    17.91     2.160784 
    16.17     2.132824 
    16.94     2.186250 
    16.20     2.209863 
     6.23     2.202349 
    18.45     2.209863 
    33.04     0.777207 
    36.20     0.412602 
    11.89     1.859982 
     3.89     2.557656 
     7.78     3.000000 
     8.33     3.000000 
    17.53     1.612580 
     8.32     1.971594 
    29.94     0.765657 
    50.41     0.164841 
    50.20     0.232557 
    20.90     1.425246 
    28.37     1.041709 
     8.55     0.000000 
    22.45     0.000000 
    27.45     0.000000 
    35.54     0.000000 
    40.62     0.313095 
    45.82     0.165731 
     2.58     0.000000 
    24.08     0.957891 
    29.93     0.900465 
    19.73     1.574847 
    11.67     1.866983 
    15.58     1.702885 
     0.60     2.346872 
    10.03     1.861875 
    21.60     1.483676 
    23.12     1.406979 
    52.36     0.257147 
    21.92     1.069969 
    30.24     0.000000 
    24.58     0.000000 
    43.23     0.416556 
    54.64     0.093142 
    34.84     0.000000 
    20.41     0.000000 
    27.57     0.000000 
     8.58     0.000000 
    27.63     0.978677 
    20.38     1.450422 
    26.64     1.593916 
     4.95     2.204104 
    15.82     1.679162 
    20.19     1.170714 
    26.29     0.545554 
    45.36     0.139309 
    29.44     0.852104 
    39.64     0.441971 
    23.19     1.287693 
    30.14     0.529693 
    49.51     0.310866 
    44.82     0.069441 
    29.08     0.530863 
    52.70     0.202595 
     9.75     0.000000 
    25.57     0.865963 
    33.92     0.598350 
    24.62     0.855871 
    39.11     0.000000 
    49.68     0.359616 
    50.96     0.101031 
    10.66     0.000000 
    39.04     0.042823 
    23.51     0.584970 
    14.77     0.000000 
    51.14     0.165294 
    37.11     0.616693 
    41.36     0.489963 
    40.49     0.247495 
    32.92     0.436725 
    19.21     0.011880 
    55.01     0.155588 
    50.88     0.294439 
    56.30     0.112723 
    17.01     0.000000 
    20.58     0.000000 
    45.87     0.232162 
     6.96     0.000000 
    41.65     0.399449 
    52.94     0.205509 
    41.66     0.027795 
    41.88     0.150521 
    56.16     0.079530 
    50.23     0.259306 
    58.00     0.062024 
    37.27     0.004825 
    43.10     0.219371 
    60.39     0.139743 
    13.68     0.000000 
    39.28     0.131608 
    52.24     0.119078 
    44.24     0.150258 
    41.17     0.132181 
    57.93     0.134537 
    42.48     0.157117 
    40.24     0.156993 
    36.78     0.162252 
    57.49     0.152748 
    59.07     0.157933 
    44.02     0.139743 
    -2.59     0.000000 
    23.80     0.000000 
    20.44     0.807126 
    18.10     0.000000 
    42.03     0.477436 
    28.08     1.031276 
    19.48     2.254547 
     7.56     3.000000 
     6.06     3.000000 
    19.10     3.000000 
    13.32     3.000000 
    12.63     3.000000 
    13.46     2.438954 
     9.08     2.220347 
    16.20     2.206854 
    13.77     2.723861 
    12.66     3.000000 
     5.92     3.000000 
     7.16     3.000000 
    15.15     2.501414 
    13.60     3.000000 
    17.24     2.083337 
    14.58     3.000000 
     8.44     2.928407 
     8.70     3.000000 
    14.61     2.472635 
     2.92     1.960478 
    14.19     2.608715 
    13.95     2.520720 
    13.62     1.914617 
     5.12     1.851115 
    24.68     1.452086 
    16.58     1.272430 
    34.84     1.059211 
    14.23     1.740361 
    26.80     0.913053 
    44.40     0.282734 
    47.52     0.012325 
    22.12     0.000000 
    44.09     0.309549 
    25.95     0.900230 
    33.68     0.000000 
    37.64     0.641906 
    21.20     1.193141 
    32.70     0.748351 
    36.42     0.547283 
    24.76     1.145079 
    -6.95     0.000000 
    16.91     1.190014 
    51.79     0.272647 
     7.81     0.000000 
    35.44     0.812098 
    22.12     0.747518 
    26.29     0.692596 
    43.02     0.411938 
    -3.76     0.000520 
    29.55     0.549389 
    28.66     0.883269 
    13.19     0.000000 
    23.71     0.000000 
    47.66     0.178784 
    41.33     0.099520 
    22.29     0.014363 
    38.92     0.358911 
    18.58     0.000000 
    34.68     0.526392 
    38.69     0.534201 
    36.62     0.915495 
    32.19     0.581635 
    12.63     1.365450 
    27.40     0.736590 
    31.77     0.849711 
    19.99     0.986299 
    27.73     0.693121 
    24.47     0.975468 
    30.15     0.723950 
    27.23     0.806952 
    16.97     1.034992 
    32.88     0.638338 
    28.58     1.160108 
    19.26     1.014592 
    17.84     1.107157 
    25.32     0.912179 
    21.65     1.036458 
    22.33     0.795203 
    22.72     0.813408 
    28.11     0.726978 
    27.24     0.890196 
    25.28     1.079103 
    22.18     1.104314 
    26.43     0.908469 
    27.32     0.929248 
    18.87     0.896510 
    24.58     0.888531 
    22.99     0.904801 
    27.42     0.907008 
    16.71     0.919306 
    22.17     0.940581 
    22.24     0.938208 
    28.00     0.929612 
    23.97     0.915495 
    36.55     0.547606 
     7.47     1.519189 
    19.70     0.986494 
    29.23     0.736526 
    18.46     1.184613 
    49.24     0.262509 
    11.30     0.000000 
    38.05     0.000000 
     6.90     0.000000 
    46.92     0.193117 
    17.90     0.000000 
    35.00     0.000000 
    16.60     1.376398 
    14.50     1.455635 
    18.02     1.309542 
    19.44     1.488821 
    18.81     1.131541 
    20.90     1.390920 
    20.12     1.292747 
    29.24     0.826738 
    43.82     0.487814 
    32.88     0.624726 
    49.53     0.344797 
    36.74     0.673814 
    10.91     0.000000 
    41.03     0.300913 
    24.79     0.983932 
    18.16     1.721637 
    33.89     0.579378 
    20.29     0.016262 
    44.73     0.383917 
    44.21     0.171639 
    38.63     0.400409 
    19.38     0.000000 
    47.67     0.292364 
    15.71     0.000000 
    48.89     0.221802 
    24.51     0.000000 
    41.66     0.497150 
    15.44     0.000000 
    14.35     0.000000 
    41.19     0.532720 
    39.91     0.045321 
    36.80     0.000000 
    31.08     0.719645 
    57.33     0.074712 
    30.73     0.775811 
    35.64     0.510488 
    47.96     0.243212 
    47.99     0.162104 
    57.19     0.043984 
    -0.20     0.000000 
    31.79     0.474113 
    61.77     0.234543 
    24.04     0.000000 
    28.60     0.876577 
    28.98     0.039072 
    28.31     0.690759 
    44.87     0.429391 
    30.61     0.580614 
    52.75     0.040650 
    23.23     0.000000 
    34.19     0.630874 
    33.68     0.398535 
    39.50     0.453305 
    57.58     0.225669 
    42.98     0.444879 
    31.22     0.000000 
    43.65     0.322252 
    48.62     0.139635 
    34.33     0.420663 
    55.67     0.125755 
    43.40     0.475212 
     3.77     0.000000 
    36.56     0.492140 
    41.00     0.391767 
    52.24     0.036372 
    34.40     0.429128 
    39.01     0.477622 
    42.40     0.533763 
    56.29     0.092252 
    44.90     0.154413 
    59.30     0.152734 
    37.30     0.210637 
    64.21     0.172347 
    52.01     0.151030 
    68.57     0.112320 
    39.54     0.129437 
    48.60     0.298845 
    32.65     0.108566 
    44.52     0.112710 
    60.13     0.099130 
    39.15     0.084349 
    56.32     0.077131 
    54.03     0.076110 
    60.17     0.078649 
    45.16     0.087225 
    60.01     0.080311 
    46.29     0.061879 
    56.59     0.098699 
    56.36     0.080311 
     5.50     0.000000 
    20.61     0.000000 
    33.39     0.626492 
    18.80     0.000000 
    14.97     1.222089 
    41.36     0.377181 
    21.66     0.000000 
    23.50     0.000000 
    31.01     0.000000 
    25.54     0.000000 
    31.64     0.719050 
    37.79     0.288607 
    22.68     0.866423 
    33.81     0.964608 
    19.85     1.052162 
     9.92     2.367683 
    19.56     0.000000 
    57.81     0.119779 
    26.00     0.000000 
    31.05     0.518988 
    15.62     1.553780 
    25.29     1.068920 
    52.94     0.087586 
     3.60     0.000000 
     9.48     0.000000 
    15.59     0.000000 
    30.56     0.719041 
    43.81     0.243374 
    29.78     0.724502 
    32.86     1.348886 
    23.09     0.974759 
    18.94     0.988290 
    24.20     1.429985 
    15.00     1.653746 
    19.42     1.164144 
    19.99     1.657120 
    10.16     2.584224 
    10.44     2.404190 
    15.08     2.744579 
    17.74     2.547796 
     6.04     3.000000 
     4.74     2.626111 
    12.96     2.067303 
    20.50     1.483415 
    22.50     0.959566 
    12.52     1.447749 
    16.17     1.293789 
    20.48     1.934649 
    12.40     2.096217 
    11.63     2.746595 
    14.49     2.657037 
    10.33     3.000000 
    10.82     2.520004 
    15.99     2.356838 
    11.11     2.166806 
    13.03     1.958833 
    12.76     2.138367 
    10.34     1.765177 
     8.59     2.243101 
    14.78     2.878962 
    15.13     2.725245 
     7.67     2.681050 
     6.91     2.359659 
    22.78     2.134139 
    14.04     2.448854 
    16.65     2.162353 
     8.91     2.533732 
    18.13     1.807490 
    25.87     1.301806 
    14.72     1.748718 
    19.77     1.104035 
    17.54     1.399334 
    22.37     1.117901 
    23.16     1.459326 
    21.44     1.304010 
    23.44     1.239815 
    27.22     1.187999 
    12.83     1.449928 
    21.48     0.840511 
    19.58     0.988245 
    17.10     1.175574 
    27.68     0.811440 
    30.06     0.857449 
    24.48     0.781479 
    24.10     0.861693 
    28.97     0.703554 
    28.77     0.804591 
    22.80     0.906849 
    32.60     0.856066 
    21.85     0.930277 
    32.42     0.842767 
    20.92     0.853700 
    24.60     0.872115 
    25.55     0.856390 
    34.37     0.850273 
    33.19     0.863247 
    31.59     0.870684 
    26.52     0.885324 
    27.03     0.890528 
    30.80     0.844579 
    26.54     0.844579 
    19.97     2.225743 
    65.11     0.214238 
    -5.02     0.000000 
     7.92     0.000000 
    36.93     0.426076 
    21.97     1.317160 
    16.56     1.369094 
     5.76     2.447808 
    12.68     1.933999 
    26.64     1.495714 
    63.51     0.197548 
    15.64     0.000000 
    23.47     1.323624 
    19.88     1.272374 
    16.37     1.925663 
    20.81     1.594795 
    34.95     0.527386 
    20.24     1.261489 
    46.00     0.268117 
    26.13     1.598226 
    10.48     2.393662 
    11.09     2.318545 
    16.56     1.891045 
    19.64     1.210935 
    17.72     1.822038 
     3.47     2.351192 
    19.32     2.395823 
     4.92     3.000000 
    15.20     2.532222 
     8.00     3.000000 
    10.97     3.000000 
     4.79     2.652573 
    12.98     2.525974 
    10.01     1.853890 
    14.84     2.485427 
     6.24     2.984412 
    18.03     1.678481 
    35.09     0.762724 
    42.51     0.627890 
    20.52     1.597024 
    14.92     1.820549 
    17.00     1.642089 
    13.90     1.945665 
    23.31     1.347421 
    27.22     0.760302 
    27.72     0.906162 
    31.46     0.972319 
    46.28     0.508958 
    18.81     1.121509 
    26.76     0.880155 
    23.98     0.998817 
    28.92     0.670711 
    14.48     1.181551 
    19.14     0.935119 
    19.21     1.125178 
    17.37     1.198125 
    10.20     1.801595 
    36.24     1.265164 
    11.16     1.411508 
    16.28     0.739879 
    27.28     0.761000 
     4.91     1.414899 
    10.84     1.646236 
    29.97     1.024027 
    19.87     1.206845 
    16.48     1.698612 
    24.55     1.171529 
    14.32     1.730527 
    24.79     1.030629 
    18.55     0.916143 
    25.48     1.059545 
    26.96     1.248450 
    10.31     1.054082 
    33.53     0.918863 
    43.08     0.625623 
    38.21     0.539913 
    37.54     0.558385 
    24.37     0.832724 
    32.09     0.577607 
    26.17     0.522884 
    33.43     0.628585 
    28.99     0.791337 
    31.40     0.572402 
    20.86     0.736960 
    27.89     0.681909 
    34.37     0.716209 
    31.54     0.757164 
    24.44     0.895755 
    34.87     0.753780 
    22.27     0.576875 
    31.34     0.765618 
    26.82     0.781942 
    27.74     0.783610 
    26.66     0.759949 
    23.60     0.765441 
    28.90     0.744890 
    32.43     0.759786 
    18.35     0.762644 
    29.29     0.779187 
    26.60     0.777831 
    30.63     0.779187 
    36.44     0.402099 
    23.77     1.227696 
    10.42     0.006386 
    26.20     0.000000 
    23.57     0.640623 
    31.73     0.739428 
    29.13     0.681275 
    41.63     0.432827 
    22.43     1.198409 
    18.81     1.045446 
    46.35     0.314603 
    64.06     0.205516 
    17.34     1.469087 
    17.78     1.527182 
     8.40     2.762965 
     8.86     2.733513 
    10.00     3.000000 
    11.81     2.070019 
     6.88     3.000000 
     9.67     2.446982 
     7.05     2.915178 
    20.87     1.900733 
    12.58     2.607386 
    18.20     3.000000 
     6.56     3.000000 
    10.06     3.000000 
    15.30     2.193494 
    19.07     1.432957 
    21.98     1.595726 
    12.14     2.216058 
    13.78     1.534852 
    19.92     1.356148 
    20.35     1.269744 
    14.56     1.834436 
     4.37     2.322908 
    15.82     1.548322 
    19.37     1.714374 
    22.62     1.763675 
    26.15     0.988305 
    47.87     0.269861 
    36.86     0.000000 
    25.28     0.000000 
    31.59     0.000000 
    54.26     0.162739 
    31.13     0.877135 
    24.64     0.983060 
    47.60     0.111593 
    37.68     0.529783 
    15.16     0.000000 
    31.66     0.731513 
    58.02     0.090473 
    51.42     0.306712 
    -4.85     0.000000 
    43.12     0.376232 
    36.65     0.107503 
    48.09     0.203120 
    38.65     0.534602 
    19.08     1.066271 
    63.27     0.183034 
    48.90     0.413418 
    47.28     0.000000 
    61.44     0.233203 
    33.25     0.628790 
    54.18     0.218237 
    16.69     0.000000 
    33.16     0.520082 
    50.96     0.413066 
    31.70     0.000000 
    30.88     0.632663 
    35.02     0.320842 
    33.83     0.455485 
    10.90     0.000000 
    44.03     0.411154 
    22.22     0.000000 
    42.98     0.196955 
    42.68     0.347752 
    18.48     0.000000 
    59.06     0.243554 
    46.76     0.489247 
    39.72     0.430974 
    60.26     0.122070 
    18.19     0.000000 
    43.23     0.057762 
    49.75     0.224233 
    49.81     0.217169 
    40.04     0.241941 
    59.71     0.136898 
    54.86     0.102325 
    38.36     0.072185 
    50.93     0.270512 
    59.94     0.282356 
    56.63     0.261576 
    59.35     0.253961 
    53.68     0.226601 
    46.85     0.227087 
    45.68     0.277677 
    49.32     0.263818 
    40.52     0.248039 
    53.26     0.234319 
    61.62     0.256506 
    43.58     0.256506 
    10.44     0.000000 
    29.58     0.916995 
    40.98     0.000000 
    20.40     0.000000 
    20.58     1.240030 
    37.50     0.529750 
    18.08     1.570547 
    15.78     1.857961 
    22.49     0.864166 
     9.77     2.127520 
    26.54     1.707044 
    26.57     0.835158 
    32.90     0.656045 
    33.35     0.605731 
    32.23     0.616023 
    24.81     1.435454 
    18.68     1.078303 
     5.20     1.766175 
    29.52     0.499249 
    33.52     0.587072 
    -1.44     0.000000 
    18.38     0.000000 
    29.97     0.000000 
    28.71     0.888297 
    14.30     1.440693 
    21.06     2.098270 
    18.45     1.036080 
    22.49     1.719147 
     6.88     2.879331 
    14.62     1.903311 
    16.11     2.667213 
    14.03     3.000000 
    12.73     2.725575 
    12.55     2.582500 
     2.51     3.000000 
     8.10     2.931771 
    15.28     3.000000 
    17.65     3.000000 
     8.92     3.000000 
     5.55     3.000000 
     4.72     2.475811 
    11.74     2.532505 
     8.63     1.779238 
    30.24     1.841431 
     3.98     1.942584 
    18.76     1.571659 
    10.79     2.223696 
     7.62     1.247551 
    12.43     1.875857 
    21.77     1.855785 
    16.08     1.791905 
    11.97     1.803032 
    14.90     1.835502 
    14.92     1.385064 
    22.02     1.465949 
    28.09     0.964195 
    21.47     1.585650 
    32.46     1.238670 
    32.30     1.144079 
    29.35     1.051135 
    24.69     1.460374 
    22.83     1.090447 
    18.46     1.206657 
    29.88     1.227338 
    23.89     1.016611 
    21.18     1.477685 
    25.55     0.970211 
    28.52     0.798751 
    25.04     1.283693 
    39.41     0.466150 
    55.57     0.233699 
    35.55     0.519471 
    37.81     0.509229 
    27.91     0.000000 
    36.14     0.019444 
    48.59     0.367393 
    20.97     0.000000 
    27.29     0.029955 
    47.86     0.361744 
    55.78     0.148299 
    37.60     0.041478 
    57.57     0.077647 
    35.48     0.246948 
    53.66     0.105910 
    15.37     0.000000 
    41.08     0.253236 
    54.03     0.082580 
    37.19     0.000000 
    46.04     0.146088 
    50.62     0.095712 
    49.43     0.070865 
    47.18     0.084146 
    65.84     0.048698 
    55.40     0.067440 
    55.92     0.065985 
    41.68     0.022604 
    41.88     0.027630 
    46.17     0.039208 
    39.04     0.032139 
    48.95     0.074619 
    58.20     0.048698 
    12.28     0.000000 
    34.29     0.933771 
    24.58     1.507463 
    19.45     1.645192 
    16.54     1.623736 
    16.48     1.301939 
    15.63     1.412879 
     7.18     1.931240 
    14.04     3.000000 
    10.65     3.000000 
     5.92     2.173099 
    24.56     1.498412 
    44.95     0.482958 
    14.62     1.443606 
    15.88     1.799902 
    14.10     1.691116 
    16.36     0.000000 
    15.21     1.220561 
    25.77     0.956465 
    22.63     1.373710 
    24.54     0.899820 
    33.93     0.747173 
    21.68     0.000000 
    18.45     1.214829 
    22.47     1.834643 
    19.61     1.196909 
     2.50     2.326001 
    14.85     1.750590 
    11.34     2.331409 
    15.04     1.833172 
    24.58     1.553792 
    17.65     1.961163 
    13.28     2.877942 
    14.40     3.000000 
    17.11     2.455788 
    14.83     1.602290 
    15.68     2.322738 
    21.53     2.868076 
     5.94     3.000000 
    12.25     2.338464 
     8.72     2.575963 
     1.36     2.474792 
    13.24     3.000000 
    15.09     2.173436 
     3.76     2.583828 
     3.12     2.981422 
    11.63     2.956440 
    12.59     2.431523 
    13.13     2.834352 
     4.95     3.000000 
    14.98     2.423021 
     9.35     2.495784 
     9.29     2.117084 
     8.22     2.550815 
    18.76     2.095702 
    17.89     1.436126 
    19.57     0.864983 
    52.88     0.190507 
    35.21     0.721492 
    31.96     0.000000 
    43.20     0.145551 
    14.92     0.000000 
    42.44     0.068932 
    39.11     0.490831 
    32.40     0.000000 
    19.28     0.000000 
    16.92     0.000000 
    55.98     0.142863 
    29.44     0.628023 
    43.27     0.000000 
    39.21     0.426449 
    25.93     0.023259 
    44.52     0.000000 
    11.01     0.000000 
    44.89     0.378529 
    43.63     0.395764 
    55.23     0.324681 
    49.86     0.296562 
    43.18     0.460285 
    42.55     0.283452 
    50.04     0.313659 
    47.61     0.300892 
    41.64     0.350659 
    59.08     0.233582 
    58.71     0.092900 
    52.39     0.208052 
    56.99     0.191294 
    50.36     0.043543 
    44.31     0.265990 
    46.42     0.054708 
    44.87     0.173017 
    49.43     0.167335 
    50.51     0.172351 
    44.45     0.196510 
    29.84     0.162208 
    65.16     0.168371 
    51.29     0.175936 
    42.86     0.158180 
    49.09     0.184277 
    32.34     0.142156 
    53.70     0.168371 
    32.84     0.551980 
    31.55     0.743545 
    13.47     2.056355 
     9.91     0.000000 
    54.25     0.193853 
    28.93     0.572774 
    15.05     0.000000 
    20.95     0.971205 
    13.10     2.341695 
    24.06     1.423272 
    22.24     1.300532 
    31.12     0.699445 
    27.85     1.726645 
    19.77     1.435073 
    22.40     1.460821 
    19.99     0.943680 
    -3.04     0.000000 
    26.76     0.719086 
    38.88     0.053674 
    41.17     0.474979 
    58.07     0.253283 
     3.28     0.000000 
    51.36     0.156668 
    17.47     0.000000 
    18.25     1.191411 
    18.12     1.698327 
    12.80     1.343659 
    14.28     2.011046 
    24.56     0.863796 
    46.03     0.077818 
    50.36     0.249516 
    11.61     0.000000 
    41.04     0.339804 
    32.13     0.000000 
    29.63     0.932851 
    16.04     1.662705 
    22.11     1.629644 
    29.41     0.043939 
    52.39     0.064850 
     3.35     0.000000 
    34.28     0.654390 
    41.36     0.706526 
    17.82     0.000000 
    48.80     0.110051 
     7.46     0.000000 
    30.04     0.538868 
    65.22     0.072688 
    24.49     0.000000 
    46.82     0.108304 
    30.84     0.430391 
    40.96     0.599342 
    32.15     0.530531 
    55.60     0.080919 
    26.33     0.038990 
    27.69     0.000000 
    30.44     0.000000 
    44.25     0.495643 
    32.88     0.000000 
    16.06     0.000000 
    25.87     0.661942 
    32.71     0.532312 
    20.10     0.000000 
    47.04     0.000000 
    36.38     0.452653 
    35.51     0.000000 
    40.09     0.000000 
    43.99     0.557854 
    43.50     0.287723 
    43.70     0.029475 
    33.25     0.000000 
    22.24     0.000000 
    44.74     0.183870 
    41.67     0.393316 
    36.08     0.350082 
    22.19     0.000000 
    44.29     0.167317 
    46.55     0.036097 
    43.66     0.138551 
    46.86     0.281807 
    54.68     0.139170 
    23.39     0.000000 
    30.57     0.314584 
    47.76     0.308482 
    51.19     0.308082 
    47.44     0.136043 
    53.98     0.150968 
    48.95     0.108643 
    48.21     0.268503 
    55.16     0.065029 
    60.05     0.149336 
    46.70     0.163879 
    69.20     0.171053 
    50.61     0.173264 
    56.45     0.141482 
    56.52     0.151388 
    43.05     0.200489 
    66.37     0.157164 
    54.99     0.147167 
    47.25     0.183121 
    44.49     0.169642 
    45.17     0.171053 
    18.15     0.000000 
    45.45     0.424714 
    18.03     1.705150 
    33.38     0.296634 
    26.78     0.718642 
    18.64     1.769305 
    23.07     2.556817 
     5.08     1.817613 
     9.48     1.687227 
    58.85     0.237513 
    27.39     0.000000 
    20.92     0.000000 
    25.49     0.836513 
    42.69     0.408768 
    19.84     1.152224 
     7.31     2.447523 
    17.28     3.000000 
     6.44     3.000000 
    10.03     3.000000 
     7.61     2.545864 
    10.96     2.706056 
     5.91     3.000000 
    10.93     1.826803 
     7.69     2.017628 
     5.87     3.000000 
    10.26     2.932276 
    11.66     3.000000 
    18.52     1.938633 
    22.81     1.765798 
    28.63     0.958331 
    45.07     0.214923 
    21.12     1.061815 
    45.02     0.250143 
    38.69     0.559468 
    20.23     1.162960 
    21.34     1.400550 
     5.39     0.000000 
    29.51     0.000000 
     9.64     0.000000 
    34.32     0.000000 
    11.54     0.000000 
    34.61     0.813424 
    12.59     1.561962 
    50.27     0.258929 
    34.57     0.013167 
    26.68     0.934199 
    44.63     0.258830 
    47.15     0.203808 
    18.32     0.000000 
    23.88     0.000000 
    30.08     0.590121 
    55.69     0.237262 
    42.68     0.253646 
    50.46     0.130405 
     8.96     0.000000 
    38.34     0.000000 
    38.25     0.000000 
    26.25     0.000000 
    25.28     0.005027 
    18.75     0.000000 
    51.27     0.377234 
    12.04     0.000000 
    29.44     0.725521 
    39.00     0.439622 
    26.77     0.791161 
    13.39     0.000000 
    40.27     0.484461 
    50.14     0.152492 
     7.88     0.000000 
    26.40     0.000000 
    51.07     0.204332 
    40.30     0.000000 
    38.84     0.334503 
    39.02     0.440567 
    19.94     0.000000 
    40.73     0.355400 
    46.07     0.304567 
    45.08     0.260420 
    39.43     0.450732 
    56.54     0.118197 
    11.81     0.000000 
    52.08     0.199074 
    52.16     0.092126 
    55.08     0.157851 
    50.25     0.335346 
    35.43     0.014462 
    58.96     0.113772 
    37.92     0.058044 
    18.47     0.000000 
    40.79     0.000000 
    54.36     0.089073 
    61.07     0.070156 
    45.81     0.095961 
    40.02     0.074609 
    59.11     0.063987 
    48.36     0.043224 
    32.81     0.059228 
    52.18     0.064281 
    46.73     0.089141 
    44.13     0.057622 
    42.73     0.064281 
    35.04     0.000000 
    22.64     1.340845 
    44.49     0.312682 
    16.62     1.748561 
    10.15     1.749472 
    44.53     0.000000 
    34.49     0.806932 
    15.97     0.000000 
     5.94     1.925829 
    27.98     1.037816 
    13.22     1.664004 
     8.48     1.990390 
    12.09     3.000000 
    10.21     3.000000 
    16.73     3.000000 
     6.07     3.000000 
     7.62     2.675314 
    12.41     3.000000 
     4.97     3.000000 
     7.36     3.000000 
    13.44     3.000000 
    11.20     2.674033 
    26.58     1.555098 
    18.17     2.050226 
    14.13     2.268694 
     3.80     2.517796 
    13.11     2.306067 
    14.76     2.948522 
     8.31     2.342197 
    12.35     3.000000 
    14.71     3.000000 
    12.24     3.000000 
     9.52     3.000000 
    13.90     3.000000 
     9.35     2.138219 
    13.56     2.644717 
    14.36     1.944833 
    17.81     1.940269 
    10.97     2.487886 
     1.46     3.000000 
     3.32     2.831980 
    21.46     2.019079 
    11.56     2.508565 
    15.20     1.733420 
    21.09     2.319633 
    14.29     2.398488 
    12.66     1.535955 
    26.73     0.984197 
    46.45     0.182529 
    31.02     0.978219 
    47.58     0.329468 
    33.58     0.014671 
    39.04     0.715944 
    33.22     0.699425 
    59.20     0.140091 
    44.13     0.000000 
    25.68     0.000000 
    25.04     0.000000 
    38.90     0.291614 
    51.20     0.328683 
    21.11     0.000000 
    45.46     0.399166 
    35.83     0.518236 
    31.43     0.610911 
    50.08     0.217489 
    39.27     0.548528 
    20.09     0.000000 
    48.32     0.327865 
    40.81     0.000000 
    25.24     0.000000 
    31.56     0.000000 
    23.04     0.000000 
    50.55     0.041747 
    34.98     0.000000 
    53.20     0.098445 
    34.79     0.413179 
    24.49     0.000000 
    10.23     0.000000 
    54.60     0.113959 
    34.12     0.414434 
    62.74     0.125207 
    49.01     0.304329 
    58.37     0.087596 
     7.64     0.000000 
    46.03     0.120906 
    56.71     0.301507 
    42.43     0.296082 
     4.12     0.000000 
    45.11     0.279428 
    28.44     0.000000 
    56.30     0.123934 
    37.38     0.149753 
    60.58     0.107148 
    62.42     0.108645 
    62.64     0.082780 
    41.64     0.065499 
    49.15     0.112438 
    51.56     0.100198 
    53.64     0.106752 
    33.82     0.052846 
    40.06     0.082780 
    13.23     1.449324 
    14.69     1.609378 
    24.48     1.741100 
    31.12     0.974741 
    27.05     0.000000 
    25.49     0.677725 
    30.47     0.795947 
    21.08     2.287625 
     8.54     2.410356 
    11.32     1.731381 
    39.08     0.597557 
    28.34     0.622702 
    21.81     0.000000 
    21.63     1.063269 
    11.36     1.936697 
    22.94     0.944393 
    48.92     0.254492 
    41.10     0.043433 
    26.35     0.928335 
    32.81     0.698962 
    27.65     1.296608 
    31.40     0.000000 
    42.90     0.620247 
    48.26     0.230292 
    15.32     0.000000 
    40.45     0.409791 
    20.94     0.000000 
     7.66     0.000000 
    45.34     0.277062 
    40.57     0.000000 
    31.38     0.937140 
    30.82     0.671219 
    27.64     0.828436 
    30.40     0.000000 
    33.67     0.845052 
    23.55     1.220666 
    27.91     1.391440 
    18.40     2.194381 
    23.50     0.690672 
    19.59     0.000000 
    24.75     0.000000 
    45.44     0.250308 
    34.12     0.881215 
    21.14     1.058072 
    31.13     0.334364 
    19.65     0.000000 
    27.80     0.000000 
    46.36     0.108280 
    28.98     0.000000 
     5.33     0.000000 
    29.11     0.000000 
    21.30     0.773596 
    -1.72     0.000000 
    44.37     0.241000 
    11.86     0.000000 
    39.32     0.062012 
    38.77     0.691070 
    41.37     0.699052 
    25.44     0.704893 
    35.81     0.868736 
    21.09     0.878637 
    22.15     1.014609 
    53.29     0.250683 
    41.53     0.478884 
    37.24     0.704891 
    47.65     0.175186 
    44.85     0.164871 
    48.19     0.387848 
    50.66     0.283106 
    20.68     0.604923 
    43.82     0.151270 
    38.36     0.588895 
    37.81     0.637524 
    49.17     0.100412 
    37.65     0.019007 
    -0.91     0.000000 
    40.32     0.454344 
    38.44     0.000000 
    30.12     0.098701 
    54.74     0.142793 
    40.14     0.024039 
    34.09     0.171353 
    28.98     0.000000 
    52.68     0.201628 
    46.92     0.275940 
    17.56     0.000000 
    56.68     0.129963 
    55.64     0.126618 
    42.84     0.006595 
    16.92     0.000000 
    43.96     0.123053 
    34.73     0.128190 
    36.87     0.107822 
    48.35     0.142132 
    39.52     0.106631 
    45.75     0.098194 
    58.86     0.144051 
    45.32     0.150186 
    55.07     0.140418 
    50.01     0.145301 
    44.63     0.144051 
    20.99     0.000000 
    53.81     0.112874 
    13.14     0.000000 
    26.76     0.730911 
    13.03     2.139919 
    14.42     1.457651 
    31.65     0.797332 
    16.58     1.803159 
    28.22     0.871688 
    51.41     0.226647 
    15.14     1.519458 
    17.48     2.793726 
    17.50     2.013848 
    21.83     1.058275 
    40.68     0.592547 
    13.90     1.766236 
    18.09     1.674269 
    14.44     1.339717 
    18.14     1.898864 
    14.79     3.000000 
    13.56     2.601517 
    15.08     2.294899 
     9.12     1.531372 
    19.07     1.069196 
    10.32     1.734723 
    33.41     0.642034 
    34.47     0.787699 
    51.73     0.123544 
    40.41     0.420256 
    25.61     0.000000 
    37.56     0.000000 
    54.54     0.246781 
    13.69     0.000000 
    46.80     0.438026 
    26.87     1.084295 
    16.83     0.000000 
    13.84     0.000000 
    38.59     0.419703 
    17.46     0.025133 
    43.69     0.000000 
    15.73     0.000000 
     4.50     0.000000 
    17.04     0.000000 
    40.22     0.309099 
    22.98     0.000000 
    25.37     0.734319 
     6.54     1.473205 
    31.34     0.991007 
    19.48     1.331430 
    20.55     1.206849 
    30.69     0.565504 
    40.72     0.214622 
    44.80     0.156185 
    21.96     0.000000 
    43.02     0.021334 
    44.31     0.000000 
    36.58     0.677463 
    44.18     0.524487 
    26.98     0.862845 
    43.21     0.369412 
    41.66     0.459578 
    41.66     0.431482 
    25.90     0.828507 
    59.76     0.093500 
    16.68     0.000000 
    47.12     0.294549 
    29.34     0.000000 
    10.30     0.000000 
    47.20     0.477403 
     7.58     0.000000 
    48.39     0.349586 
    47.28     0.174110 
    23.00     0.000000 
    46.36     0.240149 
    43.20     0.294211 
    43.13     0.425908 
    61.83     0.151921 
    34.91     0.030069 
    52.98     0.020083 
    52.37     0.084912 
    48.92     0.336290 
    53.44     0.301514 
    35.35     0.320784 
    48.09     0.197989 
    44.10     0.313089 
    48.79     0.088125 
    47.58     0.288864 
    45.56     0.271974 
    42.89     0.282745 
    48.30     0.234508 
    55.03     0.162855 
    47.50     0.140118 
    45.65     0.156353 
    52.18     0.153026 
    57.96     0.157172 
    50.96     0.158563 
    50.80     0.180683 
    46.63     0.176674 
    42.65     0.172593 
    48.58     0.144590 
    52.74     0.151921 
     6.23     0.000000 
    29.83     0.000000 
    39.08     0.416765 
    47.60     0.262701 
    17.71     1.315193 
    13.54     2.808561 
    10.57     2.780051 
     9.60     2.580269 
     8.76     3.000000 
     9.44     3.000000 
     9.25     2.740015 
    25.07     2.314316 
    11.24     2.947450 
    19.55     3.000000 
    14.43     3.000000 
    12.49     1.831507 
     1.32     2.801721 
    13.04     1.839133 
    17.54     1.369144 
    13.68     2.300493 
    21.15     1.499274 
     9.33     1.933852 
    10.00     2.996052 
    10.84     2.650183 
    21.79     2.350992 
    20.66     1.231051 
    24.20     0.798236 
    30.11     0.860074 
    50.65     0.311002 
    26.93     0.935857 
    43.82     0.037593 
    39.30     0.338903 
    42.89     0.277184 
    33.23     1.205329 
    23.44     0.922105 
    39.59     0.214680 
    52.08     0.443264 
    33.71     0.611136 
    45.79     0.267934 
    34.42     0.781896 
    31.24     0.523650 
    18.98     1.320416 
    37.39     0.570907 
    17.08     0.000000 
    64.40     0.153760 
    25.55     0.801115 
    38.32     0.362712 
    35.78     0.473366 
    39.42     0.698317 
    23.05     0.728944 
    44.72     0.000000 
    10.30     0.000000 
    51.08     0.101436 
    24.50     0.000000 
    31.49     0.023460 
    28.04     0.000000 
    49.64     0.259004 
    36.32     0.451523 
    36.31     0.151170 
    44.20     0.517031 
    15.58     1.014327 
    45.21     0.288353 
    16.81     0.000000 
    41.13     0.412034 
    30.53     0.724029 
     6.67     0.000000 
    42.79     0.322536 
    21.83     0.000000 
    40.75     0.037669 
    36.51     0.092214 
    47.05     0.262990 
    38.92     0.390098 
    50.12     0.320185 
    52.58     0.262815 
    32.97     0.008142 
    40.30     0.299575 
    41.29     0.040173 
    17.00     0.000000 
    12.54     0.000000 
    45.30     0.464294 
    49.96     0.338097 
    38.98     0.449067 
    40.19     0.256038 
    42.78     0.391864 
    46.06     0.137557 
    34.89     0.454768 
    46.56     0.075689 
    48.08     0.156632 
    26.10     0.000000 
    36.62     0.104639 
    51.89     0.150701 
    53.12     0.126946 
    52.53     0.105581 
    49.21     0.093639 
    57.41     0.089235 
    58.41     0.076240 
    55.83     0.086502 
    46.44     0.069742 
    59.98     0.074213 
    50.01     0.098927 
    42.11     0.074213 
    33.04     0.000000 
    21.25     0.000000 
    29.18     0.798618 
    24.00     0.000000 
    34.24     0.119360 
    28.38     0.000000 
    41.90     0.043567 
    22.14     0.000000 
    16.56     0.000000 
    23.94     0.000000 
     9.12     0.000000 
    57.21     0.169674 
    52.59     0.173318 
    23.81     1.180442 
    40.14     0.380313 
    20.30     0.957001 
    11.23     1.854224 
    18.59     1.464660 
    23.96     1.253165 
    27.52     0.578441 
    23.57     0.834536 
    13.14     1.878522 
    13.30     2.748042 
    13.86     2.498313 
    17.08     1.812865 
    15.60     1.631380 
    34.15     0.648651 
    18.81     1.779834 
    26.17     0.736469 
    19.88     1.722231 
    16.44     1.822218 
    21.32     1.150867 
     8.76     2.146751 
    28.47     0.773588 
    34.97     0.643600 
    30.25     0.000000 
    32.34     0.837814 
    23.04     1.260873 
    24.88     1.322098 
    16.18     1.248408 
    19.66     1.338783 
    54.20     0.233476 
    13.19     0.000000 
    29.83     0.000000 
    18.93     0.910052 
    25.26     0.000000 
    32.51     0.653693 
    26.15     0.000000 
    28.77     1.031489 
    48.16     0.459847 
    51.72     0.136934 
    29.04     0.000000 
    31.97     0.000000 
    45.87     0.109581 
    25.70     0.817159 
    23.67     0.000000 
    34.36     0.633809 
    49.57     0.119448 
    30.83     0.610289 
    30.83     0.670781 
    33.06     0.624661 
    36.80     0.406300 
    39.12     0.316865 
    22.28     0.000000 
    38.75     0.548562 
    45.56     0.495260 
    26.62     0.900201 
    35.38     0.739586 
    51.83     0.081020 
    40.50     0.095259 
    18.00     0.000000 
    55.05     0.194447 
    14.43     0.000004 
    37.74     0.292231 
    40.41     0.355821 
    51.01     0.084788 
    22.66     0.000000 
    40.01     0.000000 
    34.25     0.492162 
    51.32     0.192528 
    49.24     0.213427 
    43.46     0.387571 
    44.56     0.386608 
    51.08     0.137201 
    49.50     0.276472 
    35.82     0.424646 
    52.39     0.234972 
    35.57     0.424068 
    53.89     0.295038 
    53.71     0.270575 
    44.09     0.275890 
    48.90     0.268755 
    45.88     0.261774 
    47.60     0.246811 
    33.82     0.262248 
    53.13     0.262428 
    54.10     0.241981 
    54.22     0.262127 
    41.55     0.291340 
    49.56     0.248206 
    45.87     0.262127 
    23.51     1.480010 
    11.22     2.768607 
    11.08     3.000000 
     9.70     3.000000 
    21.86     1.850033 
    34.41     0.839443 
     9.94     0.000000 
     9.63     0.000000 
    17.94     1.361015 
    18.90     1.179236 
    19.41     1.675948 
    35.80     0.496973 
    41.52     0.200368 
    27.59     0.000000 
    42.60     0.234420 
    29.36     0.000000 
    50.52     0.055977 
    12.42     0.000000 
    20.35     0.770617 
    28.75     0.000000 
    27.51     0.728174 
    11.23     0.000000 
    42.13     0.378741 
    39.82     0.574921 
    28.22     0.067344 
    27.43     1.026424 
    47.09     0.410454 
    24.74     0.915415 
    15.99     0.000000 
    23.29     0.580025 
    31.10     0.000000 
    54.27     0.259981 
    43.04     0.000000 
    28.00     1.188042 
    27.34     0.740920 
     6.23     0.000000 
    34.93     0.000000 
    18.95     0.000000 
    21.69     0.000000 
    27.08     0.849291 
    20.00     1.344745 
    17.95     1.512295 
    21.72     1.477997 
    21.30     1.439671 
    27.53     1.011849 
    38.91     0.670009 
    30.32     0.671718 
    35.77     0.000000 
    20.64     0.000000 
    33.16     0.000000 
    41.18     0.000000 
    56.50     0.138870 
    13.91     0.000000 
    51.63     0.327113 
    57.58     0.161855 
    22.86     0.000000 
    46.69     0.157303 
     0.30     0.000000 
    -1.46     0.000000 
    44.87     0.000000 
    34.40     0.000000 
    51.65     0.183276 
    33.48     0.546934 
    58.73     0.207784 
    42.43     0.254643 
    43.44     0.000000 
    51.37     0.271961 
    38.80     0.000000 
    31.87     0.723781 
    45.07     0.350131 
    27.13     0.000000 
    42.74     0.374051 
    54.73     0.163653 
    40.77     0.240781 
    52.09     0.465330 
     3.98     0.000000 
    10.75     0.000000 
    45.01     0.432240 
    46.09     0.382033 
    55.09     0.158179 
    32.45     0.000429 
    54.59     0.276070 
    42.66     0.249073 
    53.95     0.359631 
    55.88     0.178144 
    53.74     0.241282 
    47.29     0.072173 
    41.76     0.210206 
    44.20     0.328434 
    49.72     0.240868 
    50.63     0.222780 
    44.82     0.219956 
    41.72     0.237244 
    52.58     0.194232 
    51.49     0.167164 
    32.35     0.200655 
    47.05     0.221043 
    54.52     0.195219 
    55.86     0.219242 
    46.73     0.242694 
    54.52     0.219242 
    50.06     0.384972 
    32.45     0.808399 
    30.35     1.332276 
    42.39     0.000000 
    32.43     0.000000 
    58.28     0.048177 
    52.04     0.240051 
    36.28     0.620330 
    30.54     0.000000 
    49.27     0.033851 
    28.08     0.616481 
    21.81     0.836975 
    34.13     0.000000 
    16.88     0.000000 
    61.80     0.211499 
    41.31     0.353725 
     9.84     0.000000 
    29.72     0.000000 
    41.41     0.456207 
    21.65     0.000000 
    22.35     1.026598 
    32.75     0.879872 
    22.00     1.722836 
     7.23     1.691619 
    18.66     2.111462 
    10.83     1.857438 
    18.81     2.414471 
     0.38     3.000000 
     1.69     3.000000 
    13.81     2.006463 
    22.76     1.096092 
     6.69     1.625546 
    23.70     0.870463 
    28.74     0.041400 
    20.84     0.000000 
    46.22     0.048569 
     6.07     0.000000 
    25.39     0.000000 
    56.41     0.183920 
    24.16     0.803107 
    10.68     0.000000 
    11.11     0.000000 
    49.23     0.291055 
    50.64     0.238968 
    45.63     0.336878 
    22.81     1.009843 
    38.04     0.113554 
    20.19     0.948809 
    54.09     0.292701 
    22.88     0.900987 
    28.91     0.660352 
    24.26     0.000000 
    34.24     0.666124 
    29.72     0.884630 
    56.16     0.131093 
    29.00     0.000000 
    53.33     0.117566 
    18.34     0.811992 
    47.72     0.338062 
    27.67     0.000000 
    46.80     0.367829 
    11.38     0.000000 
    29.68     0.029316 
    29.69     0.000000 
    40.63     0.134168 
    48.50     0.433185 
     2.20     0.000000 
    26.92     0.000000 
    47.75     0.217456 
    41.44     0.290011 
    49.24     0.107192 
    22.23     0.000000 
    18.04     0.000000 
    59.22     0.075691 
    28.84     0.026175 
    46.63     0.177850 
    52.57     0.181576 
     6.00     0.000000 
    48.86     0.381980 
    30.86     0.731196 
    52.65     0.391380 
    36.17     0.449855 
    49.37     0.431198 
    49.31     0.263454 
    44.12     0.339051 
    41.03     0.337695 
    55.11     0.342201 
    39.60     0.459234 
    35.25     0.448279 
    46.61     0.296270 
    39.99     0.363410 
    43.59     0.318611 
    40.99     0.317056 
    41.79     0.318657 
    48.33     0.327153 
    46.41     0.322604 
    49.40     0.331057 
    50.41     0.340642 
    39.68     0.367282 
    45.15     0.345810 
    45.36     0.342201 
    23.68     1.441460 
    15.45     2.735422 
     8.88     2.909984 
     7.23     3.000000 
    20.04     2.793640 
    17.64     1.667508 
    17.49     1.902128 
    11.76     2.877925 
     8.63     2.663300 
     9.41     3.000000 
     8.08     3.000000 
     4.03     2.785998 
    23.29     2.130141 
    11.48     2.910669 
    12.24     1.944618 
    10.34     2.355046 
    16.17     2.960490 
    14.90     3.000000 
    15.78     2.095731 
    22.08     1.313610 
    21.85     1.617900 
    18.36     1.173055 
     8.96     2.757675 
     3.63     2.590157 
    10.14     2.267969 
    13.94     1.915212 
     4.40     2.380218 
    17.57     1.551538 
    27.28     1.008905 
    21.66     0.025428 
    51.46     0.092837 
    18.40     0.000000 
    10.29     0.000000 
    43.64     0.502913 
    25.27     0.000000 
    21.34     1.076984 
    34.30     0.000000 
    43.50     0.456373 
    22.32     0.000000 
    25.04     0.848099 
     9.92     0.000000 
    22.90     0.955191 
    43.51     0.256049 
    27.50     0.767266 
    -2.54     0.000000 
    29.68     0.718693 
    59.26     0.041105 
    50.69     0.255564 
    30.53     0.424891 
     4.89     0.000000 
    35.15     0.656115 
    33.36     0.000000 
    31.33     0.619187 
     2.47     0.000000 
    14.68     0.000000 
    47.16     0.426053 
    35.50     0.534162 
    24.30     0.000000 
    50.40     0.329835 
    45.52     0.166847 
    18.95     0.000000 
    23.40     0.000000 
    44.25     0.223033 
    29.32     0.723414 
    33.00     0.000000 
    43.82     0.217776 
    37.34     0.566894 
    30.60     0.581242 
    43.05     0.345988 
    48.86     0.383438 
    48.88     0.405475 
    34.91     0.362736 
    59.17     0.203107 
    47.46     0.125261 
    31.28     0.000000 
    36.60     0.482165 
    24.17     0.043584 
    50.03     0.285509 
    56.72     0.154626 
    29.32     0.000000 
    43.45     0.330222 
    40.35     0.185823 
    37.67     0.238954 
    43.98     0.103051 
    46.72     0.292268 
    48.37     0.150473 
    37.03     0.395801 
    54.06     0.182762 
    51.42     0.240106 
    42.43     0.363492 
    46.33     0.186791 
    37.30     0.232464 
    54.88     0.185895 
    38.61     0.203388 
    46.17     0.191551 
    54.15     0.196954 
    49.75     0.210318 
    52.79     0.223085 
    46.23     0.184436 
    48.87     0.191417 
    50.12     0.203107 
    27.74     0.880919 
    17.82     1.388058 
    48.55     0.243504 
    23.29     0.000000 
    27.52     0.000000 
    29.93     1.022146 
    12.24     1.649107 
     4.99     2.946190 
    13.28     3.000000 
     6.51     3.000000 
     5.91     3.000000 
    22.22     1.867673 
     9.72     2.752636 
    13.00     1.807392 
     9.86     2.895627 
    17.84     3.000000 
     8.96     2.942033 
    20.06     3.000000 
    19.84     2.262959 
    18.36     1.627861 
     5.14     2.293423 
    13.76     3.000000 
    20.26     1.918288 
    35.70     0.791273 
     8.56     1.934122 
    34.92     0.826951 
    29.04     1.182880 
    46.72     0.129913 
    -4.10     0.000000 
    24.74     1.008502 
    36.67     0.566257 
    48.36     0.341385 
    48.63     0.157556 
    14.49     0.000000 
    16.74     0.000000 
    11.64     0.879529 
    25.16     0.954646 
    33.00     0.432890 
    49.81     0.257481 
    39.19     0.452587 
    15.54     1.002002 
    39.56     0.437141 
    24.92     0.000000 
    12.06     0.000000 
    17.58     1.102514 
    14.01     0.000000 
    28.58     0.000000 
    29.36     0.000000 
    51.06     0.305507 
    17.60     1.060827 
    42.33     0.316567 
    36.84     0.000000 
    36.40     0.000000 
    29.20     0.758163 
    36.04     0.000000 
    29.85     0.893309 
    29.81     0.860075 
    48.07     0.099031 
    31.32     0.000000 
     9.16     0.000000 
    37.17     0.057122 
     8.88     0.000000 
    26.15     0.000000 
    40.97     0.357700 
    39.60     0.524943 
    50.41     0.052695 
    20.78     0.000000 
    24.75     0.000000 
    52.60     0.134787 
    40.98     0.425088 
    60.49     0.066802 
    -0.10     0.000000 
    23.09     0.000000 
    53.08     0.372815 
    45.32     0.317593 
    52.47     0.056984 
    46.23     0.044966 
    22.96     0.000000 
    19.72     0.000000 
     8.46     0.000000 
    67.82     0.095755 
    58.15     0.153608 
    27.17     0.000000 
    51.53     0.165913 
    53.72     0.180804 
     8.52     0.000000 
    22.68     0.000000 
    51.16     0.285424 
    18.42     0.000000 
    57.36     0.115394 
    44.03     0.102008 
    38.97     0.069503 
    55.00     0.105750 
    55.08     0.073330 
    41.31     0.079340 
    56.99     0.111523 
    40.92     0.092660 
    50.39     0.113620 
    51.20     0.095543 
    46.52     0.069364 
    42.29     0.095755 
    26.64     0.000000 
    45.17     0.402251 
    24.48     1.108960 
    22.93     2.054058 
     8.90     3.000000 
    18.60     3.000000 
     1.69     2.399044 
     5.83     2.341146 
    15.44     2.182355 
     4.74     3.000000 
     5.24     3.000000 
    31.13     0.946755 
    17.19     0.000000 
    10.42     2.126946 
    13.60     2.005801 
     5.89     2.049080 
     6.73     2.784292 
    10.78     3.000000 
     7.04     2.655808 
    14.62     2.642254 
    29.14     1.673154 
    26.81     0.719026 
    48.21     0.224760 
    25.04     0.000000 
     8.06     0.000000 
    34.37     0.468876 
    14.99     1.422844 
    35.46     0.000000 
    10.97     0.000000 
    12.61     0.000000 
    16.85     0.000000 
    24.35     0.000000 
    27.90     0.000000 
    50.33     0.207583 
    50.37     0.000000 
    22.26     0.951083 
    15.78     0.000000 
    26.93     0.944301 
    26.32     0.000000 
    29.31     0.706041 
    44.25     0.526750 
    23.15     1.024866 
    18.72     0.000000 
    49.56     0.356861 
    16.93     0.000000 
    46.15     0.315941 
     4.30     0.000000 
    38.65     0.493906 
    48.09     0.379641 
    56.04     0.086942 
    46.45     0.399655 
    35.39     0.701245 
    25.10     0.000000 
    26.08     0.000000 
    11.80     0.000000 
    44.41     0.274465 
    33.48     0.000000 
    58.95     0.130417 
    39.10     0.156403 
    27.68     0.576751 
    51.16     0.107938 
     0.32     0.000000 
    23.18     0.000000 
    -6.53     0.000000 
    32.43     0.505792 
    41.10     0.055241 
    50.03     0.132413 
    33.50     0.055823 
    36.17     0.000000 
    52.41     0.155072 
    42.83     0.082183 
    41.62     0.251213 
    26.10     0.006668 
    45.67     0.431366 
    44.10     0.087660 
    40.86     0.513535 
    35.32     0.600038 
    49.48     0.253175 
    38.04     0.516618 
    41.48     0.387736 
    51.37     0.238508 
    37.57     0.347963 
    44.16     0.193413 
    46.90     0.257604 
    40.57     0.311436 
    46.16     0.166805 
    47.74     0.170999 
    46.95     0.276604 
    37.99     0.394903 
    44.62     0.229846 
    42.09     0.236948 
    61.10     0.209468 
    44.37     0.219696 
    56.72     0.201075 
    44.93     0.236678 
    39.98     0.193228 
    43.80     0.202994 
    47.87     0.227446 
    51.64     0.191519 
    40.35     0.209309 
    47.73     0.209468 
    37.01     0.000000 
    40.43     0.442562 
    30.21     0.796304 
    29.90     0.000000 
    58.48     0.247535 
    24.41     0.000000 
    29.43     0.000000 
    32.60     0.000000 
     9.74     0.000000 
    22.27     1.117321 
    31.56     0.000000 
    11.16     0.000000 
    25.16     0.755227 
    18.82     1.373183 
    51.90     0.231324 
    35.06     0.704990 
    22.60     1.880301 
    10.84     0.000000 
    27.71     0.000000 
    28.12     0.032246 
    43.11     0.037921 
    23.48     1.106038 
    37.76     0.443974 
    39.57     0.515832 
    29.57     0.000000 
    23.95     0.000000 
    28.69     0.865743 
     5.16     1.278642 
    26.06     1.637476 
    11.08     1.814046 
    21.64     1.616480 
     1.92     2.047903 
    27.78     0.979434 
    29.61     0.851681 
    52.00     0.170000 
    35.91     0.596944 
    21.16     0.000000 
    54.83     0.226926 
     7.52     0.000000 
    32.48     0.000000 
    25.16     0.004276 
    32.42     0.747512 
    56.77     0.145793 
    39.55     0.618050 
    27.36     0.000000 
    31.04     0.000000 
    22.02     0.000000 
    10.24     0.000000 
    48.88     0.280286 
    41.45     0.328557 
     5.87     0.000000 
    54.69     0.291362 
    33.65     0.407915 
    25.89     0.820813 
    42.32     0.587091 
    25.18     0.964113 
    27.92     0.020353 
    49.57     0.304120 
    26.24     0.936790 
    25.32     0.000000 
    45.10     0.249198 
    48.03     0.368189 
    33.56     0.492205 
    42.40     0.265077 
    40.72     0.546951 
    48.69     0.279721 
    34.56     0.541140 
     1.04     0.000000 
    19.27     0.000000 
    59.59     0.104633 
    45.62     0.371531 
    29.84     0.445139 
    38.98     0.170713 
    41.75     0.416340 
   -13.98     0.000000 
    47.03     0.212266 
    16.71     0.000000 
    20.36     0.000000 
    13.59     0.000000 
     9.99     0.000000 
    44.83     0.267114 
    44.65     0.114511 
    56.41     0.132267 
    31.56     0.013786 
    54.03     0.296016 
    12.69     0.000000 
    49.60     0.178623 
    58.16     0.150981 
    35.13     0.019581 
    54.19     0.198877 
    46.56     0.208781 
    43.28     0.181185 
    52.80     0.196526 
    56.40     0.170691 
    50.65     0.193426 
    58.33     0.151112 
    55.79     0.122345 
    49.29     0.119798 
    46.18     0.126660 
    51.69     0.129388 
    56.44     0.122345 
    37.65     0.000000 
    22.34     0.000000 
    25.74     1.180619 
    12.66     2.492134 
    32.32     0.537928 
    30.92     0.929969 
    22.97     0.000000 
    18.86     0.000000 
    14.81     0.000000 
    34.96     0.484112 
    25.31     1.774980 
    19.16     1.685876 
     6.83     2.003367 
    20.12     2.102305 
    13.68     1.365765 
    56.27     0.202404 
    30.43     0.787016 
    50.43     0.357829 
    26.32     0.758563 
     1.00     0.000000 
    44.96     0.000000 
    32.78     1.060950 
    11.75     0.000000 
    40.44     0.584638 
    22.89     0.701177 
    27.52     0.000000 
    37.47     0.384761 
    28.10     0.785506 
    37.71     0.419558 
    19.16     0.000000 
    33.37     0.487705 
    18.08     0.000000 
    35.24     0.525947 
    33.72     0.000000 
    12.36     0.000000 
    48.26     0.223390 
    29.45     1.024199 
    21.52     0.000000 
    16.54     0.000000 
    23.88     0.787338 
    14.50     1.349965 
    20.64     0.756079 
    27.04     1.052759 
    13.51     1.000304 
    26.27     1.048808 
    11.84     1.868123 
    36.73     0.589618 
    36.19     0.243724 
    -6.56     0.000000 
    25.70     0.970948 
    51.08     0.225162 
    34.05     0.000000 
    34.64     0.713395 
    37.86     0.863321 
    48.95     0.201198 
    42.40     0.362328 
    37.84     0.413370 
    33.53     0.329885 
    31.48     0.846040 
    53.31     0.143221 
    23.61     0.000000 
    21.49     0.000000 
    28.48     0.000000 
    64.42     0.199989 
    34.78     0.338978 
    46.07     0.400260 
     6.54     0.000000 
    10.11     0.000000 
    39.22     0.561727 
    49.75     0.277496 
     1.03     0.000000 
    39.23     0.393772 
    56.11     0.198122 
    49.38     0.152545 
