constructTestCases(): generating 11 specified cases ...  DONE
Procedure Optimizer.Optimize()
Oracle probabilites : disabled
Optimizer(): Simulated Annealing , Random-normalized optimality [%]
Optimizer(): config:  [[0.0], [3.0], [], 10, 10, 0.75, 0.01, 0.5, 0.01]
Optimizer(): selective:  0.000000  
Optimizer(): evals/step: 10
Optimizer(): numParams: 1 , completeRepeats: 100
MABsolver_config: algorithms: UCB1 , CP Disabled , CPT Davor , Reset: TODO
MABsolver_config: params: types:  Direct  Direct  Direct  Direct  
MABsolver_config: params: numInputs:  0  0  0  0  
MABsolver_config: params: weights:  [  1.000000  ]  [  2.500000  ]  [  0.200000  ]  [  5.000000  ]  
BanditTestBatch: casesIDs:  0  1  2  3  4  5  6  7  8  9  
BanditTestBatch: numCases: 10
BanditTestBatch: maxim sum reward: 3919.0
BanditTestBatch: random reward: 2805.0

    33.61     1.000000 
    51.99     0.132665 
    20.58     0.000000 
    38.36     0.778599 
    24.68     0.000000 
     8.77     0.000000 
    35.88     0.827169 
    29.55     1.144444 
    39.84     0.049037 
    19.10     0.000000 
    17.55     0.000000 
    15.48     0.000000 
    22.16     0.000000 
    34.92     0.993674 
    25.57     1.391011 
    40.12     0.761691 
    25.02     1.394893 
    15.36     2.517507 
    16.13     2.562291 
    25.75     1.369354 
    20.64     1.555645 
    12.03     2.518793 
    15.76     1.773637 
    15.89     2.004616 
    18.42     2.165720 
     9.45     2.380563 
    27.88     1.332913 
    32.39     0.930215 
    33.23     0.085298 
    48.75     0.269597 
    31.96     1.209681 
    36.67     0.754625 
    14.14     0.000000 
    10.72     0.000000 
    37.53     0.655227 
    40.45     0.534533 
    50.69     0.376517 
    50.03     0.495670 
    20.17     0.000000 
    49.63     0.286059 
    34.21     0.000000 
    32.53     0.696152 
    37.64     0.662442 
    20.67     0.016955 
     3.76     0.000000 
    54.29     0.401299 
    13.87     0.000000 
    49.28     0.267546 
    26.84     0.000000 
    50.08     0.338894 
    24.93     0.000000 
    40.53     0.717929 
    50.72     0.096602 
     9.56     0.000000 
    19.17     0.000000 
    25.39     0.022116 
    13.22     0.000000 
    21.69     0.000000 
    40.86     0.153792 
    18.14     0.000000 
     6.04     0.000000 
    49.11     0.479110 
    43.12     0.112815 
    30.93     0.000000 
    22.45     0.000000 
    51.38     0.259982 
    37.53     0.593525 
    54.60     0.433574 
    47.82     0.487653 
    34.39     0.789497 
    33.61     0.835832 
    41.77     0.501993 
    55.66     0.329044 
    51.63     0.320608 
    44.35     0.613725 
    47.78     0.431909 
    43.07     0.604415 
    40.75     0.517639 
    20.26     0.000000 
    43.89     0.632504 
    17.16     0.015177 
    54.62     0.168446 
    42.38     0.082203 
    45.56     0.231090 
    48.15     0.317280 
    40.16     0.045309 
    51.88     0.256544 
    48.31     0.448516 
    54.28     0.197199 
    46.96     0.083082 
    35.85     0.056668 
    47.74     0.180782 
    49.18     0.178873 
    47.87     0.208779 
    51.89     0.185965 
    47.84     0.165905 
    59.41     0.148747 
    50.49     0.155841 
    53.33     0.136575 
    46.31     0.167104 
    52.83     0.153945 
    49.77     0.148747 
    23.51     0.000000 
    37.90     0.676237 
    14.70     0.000000 
    24.90     1.394344 
    15.43     1.857936 
    13.07     1.894048 
    13.30     2.407209 
    14.75     3.000000 
     7.89     3.000000 
    24.95     1.970708 
    21.70     1.645976 
    45.13     0.592390 
    21.28     0.000000 
    50.96     0.361015 
    16.51     0.000000 
    22.09     0.000000 
    23.50     0.000000 
    22.04     0.000000 
    18.86     0.000000 
    54.10     0.232402 
    46.26     0.245976 
    24.71     0.000000 
    24.48     0.000000 
    17.52     0.000000 
    29.73     0.909761 
    23.78     1.538429 
    15.03     2.145963 
    13.21     3.000000 
    24.04     1.891897 
    26.21     1.267728 
    31.63     0.979558 
    27.93     1.272044 
    50.54     0.266831 
    23.94     0.000000 
    36.97     0.743942 
    21.36     0.000000 
    31.66     1.162920 
    18.78     2.026962 
    29.75     1.300414 
    41.86     0.666756 
    24.22     1.452070 
    24.25     1.254283 
    27.17     1.185924 
    30.92     0.979179 
    42.24     0.713220 
    46.64     0.280854 
    39.95     0.699598 
    52.93     0.156369 
    49.58     0.405659 
    48.79     0.066117 
    21.66     0.000000 
    42.72     0.519208 
    39.50     0.542569 
    16.34     0.000000 
    12.48     0.000000 
    53.00     0.229437 
    49.86     0.315191 
    37.60     0.968693 
    45.58     0.432317 
    40.27     0.540526 
    42.95     0.603828 
    51.50     0.370074 
    41.80     0.586174 
    46.60     0.312907 
    38.73     0.753535 
    52.86     0.212098 
    10.21     0.000000 
    12.81     0.000000 
    45.22     0.602398 
    37.77     0.682739 
    15.26     0.000257 
    50.82     0.393949 
    50.20     0.260124 
    53.31     0.290421 
    40.22     0.555425 
    35.58     0.794225 
    45.14     0.479772 
    36.21     0.726637 
    35.12     0.766398 
    30.78     1.030083 
    34.80     0.879744 
    30.26     1.012028 
    36.93     0.773002 
    33.45     0.913733 
    40.66     0.587652 
    38.85     0.768553 
    47.45     0.455959 
    46.68     0.568209 
    46.15     0.452151 
    46.54     0.474495 
    48.59     0.482484 
    54.01     0.481332 
    41.86     0.497819 
    51.41     0.478800 
    49.53     0.455404 
    45.18     0.487177 
    43.61     0.470935 
    48.31     0.485742 
    42.87     0.491053 
    48.05     0.474315 
    45.37     0.481332 
    18.71     0.000000 
    22.01     1.679650 
    10.78     2.557803 
    35.02     1.145867 
    24.00     1.336549 
    27.81     1.192949 
    49.60     0.306072 
    19.55     0.000000 
    30.00     0.000000 
    25.07     0.000000 
    15.42     0.000000 
    20.95     0.000000 
    45.72     0.548295 
    14.51     0.000000 
    22.55     1.304553 
    21.76     1.693069 
    12.54     2.326343 
    13.59     2.997938 
    14.33     2.931290 
    12.24     3.000000 
    17.45     1.897418 
    25.83     1.324044 
    18.29     2.074390 
    15.05     2.715595 
     9.65     3.000000 
    12.34     3.000000 
     9.89     3.000000 
    11.22     3.000000 
    11.49     3.000000 
    12.96     3.000000 
    16.08     2.723860 
     9.87     3.000000 
    17.50     1.963579 
    14.71     2.701249 
    10.77     2.028995 
    15.32     2.619088 
    18.78     2.250038 
     8.14     2.937188 
     7.29     3.000000 
    12.42     2.722709 
    22.37     2.123772 
    17.67     2.114309 
    27.23     1.735376 
     8.40     2.498608 
    14.28     3.000000 
    18.16     2.291969 
    21.07     1.498217 
    29.06     1.062363 
    19.27     1.692055 
    26.08     1.495222 
    19.67     2.065323 
    29.92     1.087972 
    23.91     1.418263 
    32.52     0.849679 
    48.96     0.420031 
    37.08     0.776001 
    32.39     1.034340 
    50.42     0.395224 
    29.40     1.059301 
    36.01     0.063515 
    37.32     0.675519 
    45.00     0.592609 
    31.82     1.100271 
    20.87     1.559319 
    26.66     1.427190 
    26.97     1.167949 
    37.62     0.838311 
    28.77     1.286145 
    47.15     0.542184 
    47.89     0.367070 
    38.02     0.627882 
    50.12     0.196640 
    46.53     0.308262 
    52.48     0.360063 
    56.93     0.330431 
    46.63     0.473715 
    51.00     0.475428 
    50.27     0.474345 
    45.26     0.575613 
    52.75     0.298294 
    47.51     0.263239 
    50.09     0.258079 
    52.75     0.287048 
    49.90     0.162577 
    52.08     0.263057 
    47.64     0.194644 
    51.01     0.314990 
    50.82     0.480278 
    47.04     0.411361 
    46.86     0.302946 
    50.13     0.482821 
    45.24     0.504571 
    47.96     0.468532 
    43.14     0.488303 
    44.82     0.489352 
    44.21     0.493605 
    45.90     0.460059 
    43.02     0.489041 
    44.98     0.504438 
    46.13     0.499729 
    45.31     0.480278 
    17.01     0.000000 
    16.39     0.000000 
    24.64     0.000000 
    13.21     0.000000 
    33.22     0.837135 
    26.62     1.201856 
    25.51     0.000000 
    15.40     0.000000 
    35.07     0.787005 
    20.03     0.000000 
    21.68     0.000000 
    53.69     0.202633 
    25.50     1.438458 
    49.65     0.189126 
    28.50     1.011241 
    50.12     0.299494 
    32.90     0.031476 
    52.56     0.260996 
    19.11     0.000000 
    18.41     0.000000 
    19.26     0.000000 
    41.45     0.612863 
    32.61     0.929592 
    41.84     0.484829 
    55.61     0.241658 
    48.04     0.085740 
    33.98     0.853125 
    49.89     0.221954 
    18.26     0.000000 
    14.83     0.000000 
    49.59     0.378188 
    38.91     0.774261 
    31.13     0.880593 
    26.89     0.033879 
    22.22     1.652718 
    22.19     2.011186 
    16.87     2.803728 
    11.70     2.893947 
    17.20     2.938972 
    20.05     1.949366 
    16.36     2.563447 
    15.13     2.549718 
    13.51     2.852799 
    13.35     3.000000 
     9.56     3.000000 
    12.65     3.000000 
    13.26     3.000000 
    19.36     2.340879 
    19.44     2.031112 
    20.31     2.188734 
    26.37     1.813809 
    19.08     2.173656 
    20.06     1.885233 
    15.40     2.212128 
    28.26     1.305590 
    43.47     0.631449 
    44.17     0.576168 
    44.31     0.160671 
    54.88     0.231291 
    39.57     0.761955 
    50.49     0.392282 
    45.74     0.270994 
    36.78     0.884712 
    31.68     0.051343 
    52.89     0.418009 
    44.80     0.506902 
    18.39     0.000000 
    45.81     0.511351 
    44.48     0.687283 
    41.40     0.485959 
    50.46     0.165174 
    44.36     0.132314 
    52.56     0.312570 
    51.09     0.289133 
    50.33     0.413748 
    43.63     0.088302 
    51.93     0.223610 
    44.84     0.503418 
    19.71     0.002354 
    12.70     0.000000 
    55.53     0.251406 
    55.35     0.161677 
    52.65     0.329171 
    51.27     0.159741 
    49.64     0.338155 
    52.84     0.339084 
    50.08     0.277070 
    42.55     0.150605 
    46.01     0.183097 
    52.07     0.248824 
    46.59     0.244767 
    51.53     0.244507 
    52.72     0.238000 
    52.43     0.216720 
    48.07     0.187907 
    48.51     0.238719 
    52.56     0.225044 
    54.62     0.196560 
    47.11     0.182073 
    47.93     0.218252 
    44.35     0.196560 
    27.41     0.000000 
    17.56     0.000000 
    16.68     0.000000 
    16.94     0.000000 
    42.22     0.671748 
    28.49     1.459735 
    27.91     1.021737 
    11.45     0.000000 
    24.86     0.000000 
    46.93     0.401825 
    21.26     0.000000 
    23.71     1.427636 
    50.05     0.394816 
    26.38     1.186036 
    55.23     0.306988 
    25.42     0.000000 
    22.52     0.000000 
    30.87     0.902331 
    33.97     0.833245 
    27.94     0.979859 
    53.87     0.232187 
    16.26     0.000000 
    42.70     0.521955 
    30.06     0.000000 
    18.47     0.000000 
    42.19     0.085646 
    40.03     0.577776 
    22.98     1.679056 
    36.47     0.947446 
    47.76     0.073358 
    38.23     0.702132 
    11.29     0.000000 
    33.37     0.863621 
    22.68     1.646427 
    43.28     0.522130 
    36.09     0.697501 
    51.13     0.219844 
    32.17     0.875671 
    15.25     0.000000 
    18.91     0.000000 
    51.39     0.409470 
    38.30     0.052704 
    19.93     0.000000 
    30.29     0.000000 
    25.86     0.000000 
    28.04     0.000000 
    41.50     0.723611 
    39.81     0.671019 
    33.35     0.789730 
    47.10     0.524407 
    35.34     0.636648 
    27.55     0.000000 
    27.47     0.000000 
    20.03     0.000000 
    31.33     0.040921 
    47.38     0.378088 
    33.75     0.777456 
    46.44     0.152259 
    29.72     0.901308 
    26.42     1.094508 
    28.02     1.076318 
    30.77     0.995089 
    27.80     1.238903 
    26.24     1.643259 
    21.96     1.677660 
    23.40     1.700372 
    17.36     1.643796 
    17.34     2.171186 
    15.35     2.367141 
    22.13     2.039377 
    19.32     2.029915 
    23.51     1.820589 
    16.03     2.105712 
    20.78     1.993260 
    20.16     2.031580 
    17.20     1.682850 
    19.78     1.828851 
    15.98     2.056411 
    18.45     2.111241 
    23.84     2.067750 
    18.83     2.058972 
    21.66     2.207054 
    19.18     2.210691 
    18.40     2.036516 
    19.52     2.017773 
    22.01     1.836610 
    20.49     1.908210 
    21.96     1.873416 
    17.18     1.688261 
    22.11     1.787455 
    22.20     1.801321 
    21.69     1.797509 
    15.86     1.798742 
    22.46     1.772599 
    21.97     1.791535 
    17.13     1.787539 
    22.00     1.797135 
    11.01     1.811001 
    18.88     1.783535 
    22.55     1.785904 
    20.58     1.785904 
    20.51     1.706954 
    43.87     0.536667 
    53.72     0.343293 
    36.97     0.859799 
    25.95     0.022465 
    25.69     0.000000 
    19.43     0.000000 
    18.56     0.000000 
    28.26     1.135533 
    17.74     2.627701 
    18.73     2.100523 
    11.95     3.000000 
    23.19     1.533818 
    24.87     2.329518 
    20.86     1.605957 
    13.94     3.000000 
    20.40     1.905385 
    14.34     3.000000 
    42.75     0.729914 
    28.31     1.299723 
    17.83     2.097077 
    18.53     2.371119 
    31.65     0.863133 
    27.54     1.394843 
    18.73     1.731109 
    24.65     1.571813 
    32.29     1.105359 
    37.22     0.084725 
    44.05     0.651502 
    39.05     0.639597 
    44.72     0.553406 
    25.70     0.000000 
    30.51     1.111305 
    27.60     1.567956 
    20.24     1.710466 
    36.74     0.766839 
    22.42     1.344210 
    37.28     0.696165 
    30.47     1.077758 
    44.75     0.463588 
    23.86     1.252536 
    40.41     0.637472 
    29.66     1.173782 
    23.61     1.538168 
    42.08     0.712199 
    47.35     0.390100 
    20.67     0.000000 
    46.21     0.543832 
    45.81     0.602342 
    24.53     1.404484 
    33.46     0.041873 
    27.09     0.000000 
    28.62     0.028870 
    29.15     1.100218 
    31.01     1.114386 
    47.05     0.152303 
    19.79     0.000000 
    41.79     0.502350 
    41.66     0.113581 
    44.26     0.523548 
    36.44     0.617699 
    26.07     0.009013 
    58.44     0.238290 
    43.08     0.464031 
    47.94     0.148423 
    39.13     0.578631 
    17.85     0.000000 
    38.39     0.742121 
    23.87     0.000000 
    51.16     0.380845 
    51.85     0.437553 
    37.69     0.580067 
    45.41     0.092204 
    13.61     0.000000 
    38.48     0.126252 
    43.56     0.098008 
    50.35     0.132274 
    49.88     0.383882 
    49.69     0.369067 
    53.51     0.294437 
    58.37     0.244316 
    53.98     0.384209 
    49.21     0.263400 
    49.30     0.404982 
    48.08     0.211961 
    51.05     0.178817 
    47.93     0.147022 
    54.25     0.183074 
    43.73     0.121943 
    34.50     0.079531 
    57.74     0.239313 
    50.09     0.211260 
    54.60     0.222974 
    45.20     0.252726 
    48.21     0.248404 
    52.52     0.221262 
    49.82     0.216072 
    48.59     0.251391 
    51.59     0.223881 
    55.73     0.263738 
    49.32     0.263738 
    19.45     1.479407 
    18.58     1.802627 
    13.59     2.880036 
    14.76     2.997415 
    13.02     3.000000 
    14.09     2.522136 
    20.16     1.478400 
    35.21     0.882791 
    41.09     0.606343 
    18.06     1.967605 
    27.53     1.155338 
    24.36     1.235446 
    21.44     1.772437 
    10.13     2.804327 
    16.21     3.000000 
    11.62     3.000000 
    10.85     3.000000 
    17.00     3.000000 
    13.54     3.000000 
    21.28     2.087438 
    21.21     1.908069 
    25.78     1.354217 
    45.17     0.440416 
    45.12     0.624864 
    35.97     0.989527 
    11.63     0.000000 
    32.42     0.784939 
    20.13     1.908663 
    18.75     2.571175 
    14.50     3.000000 
    13.54     2.708241 
    14.17     3.000000 
    12.66     3.000000 
    17.84     2.045357 
    17.99     1.908730 
    19.94     2.343156 
    26.91     1.363676 
    20.90     1.367372 
    38.22     0.732396 
    30.21     0.760268 
    26.79     1.361904 
    38.84     0.675252 
    27.17     1.314485 
    36.37     0.940934 
    35.17     0.905347 
    28.08     1.170813 
    33.34     0.825767 
    47.94     0.228691 
    43.17     0.580985 
    31.89     1.063121 
    37.04     0.740634 
    36.21     0.763413 
    52.94     0.431975 
    35.31     1.035998 
    53.35     0.135236 
    37.65     0.766993 
    19.36     0.000000 
    34.70     0.053855 
    46.02     0.085525 
    46.38     0.374180 
    43.30     0.593346 
     8.03     0.000000 
    40.24     0.633252 
    16.53     0.000000 
    18.05     0.000000 
    16.66     0.011435 
    46.27     0.234757 
    19.62     0.000000 
    19.14     0.000000 
    55.43     0.291609 
    23.84     0.000000 
    48.15     0.271937 
    40.48     0.045690 
    42.01     0.546015 
    39.33     0.553269 
    50.59     0.483609 
    52.11     0.283535 
    50.19     0.270299 
    39.76     0.076794 
    49.57     0.117538 
    49.23     0.109850 
    28.93     0.000000 
    48.19     0.263747 
    46.43     0.308265 
    49.52     0.257531 
    56.51     0.268021 
    48.59     0.262047 
    54.22     0.185011 
    48.25     0.373349 
    46.19     0.434726 
    46.23     0.253800 
    54.29     0.256916 
    54.33     0.254907 
    44.38     0.242932 
    54.49     0.267953 
    49.76     0.247607 
    56.00     0.275241 
    54.73     0.272794 
    48.29     0.296997 
    55.40     0.243044 
    46.55     0.243044 
    25.04     1.361007 
    16.79     0.000000 
    17.25     0.000000 
    49.96     0.139652 
    21.24     0.000000 
    27.13     0.000000 
    38.67     0.782145 
    17.34     0.000000 
    12.80     0.000000 
     8.33     0.000000 
    26.06     1.040433 
    26.92     0.932247 
    18.50     1.786095 
    44.59     0.634601 
    51.84     0.477854 
    27.86     0.000000 
    37.11     0.700143 
    12.35     0.000000 
     7.71     0.000000 
    37.04     0.826283 
    28.94     1.158913 
    21.15     0.000000 
    30.99     0.000000 
    27.03     0.000000 
    48.65     0.176362 
    43.94     0.659275 
    26.25     1.490064 
    53.82     0.161381 
    14.56     0.000000 
    26.03     0.000000 
    18.01     0.000000 
    16.91     0.000000 
    42.19     0.057484 
    50.48     0.132430 
    12.95     0.000000 
    44.16     0.179827 
    15.35     0.000000 
    24.59     0.000000 
    35.38     0.640132 
    28.96     1.375373 
    16.63     2.145344 
    17.56     2.481137 
    21.73     1.705704 
    28.41     1.086263 
    23.05     1.443273 
    26.33     1.108203 
    39.76     0.736525 
    37.53     0.959833 
    34.50     0.834322 
    39.89     0.564152 
    37.59     0.791638 
    31.83     0.906657 
    52.04     0.290996 
    26.64     0.000000 
    49.88     0.209905 
    41.06     0.062854 
    15.29     0.000000 
    51.22     0.247118 
    15.40     0.000000 
    49.10     0.478756 
    27.11     0.996116 
    48.77     0.316557 
    27.64     0.003536 
    46.53     0.132579 
    36.98     0.794825 
    33.98     0.949747 
    46.57     0.457308 
    33.57     0.893293 
    49.33     0.116955 
    41.10     0.050302 
    51.49     0.226093 
    39.10     0.570749 
    23.93     0.008407 
    52.16     0.337514 
    10.27     0.000000 
    48.65     0.570740 
    30.87     0.848603 
    44.05     0.535707 
    43.38     0.640557 
    42.86     0.678107 
    40.76     0.700687 
    40.68     0.689452 
    45.98     0.526987 
    40.19     0.561107 
    47.09     0.389165 
    51.81     0.268860 
    53.43     0.424605 
    44.99     0.504846 
    48.03     0.519134 
    51.81     0.313612 
    53.40     0.283679 
    49.04     0.306100 
    50.18     0.317668 
    52.88     0.307701 
    52.04     0.315200 
    47.30     0.299780 
    55.80     0.288897 
    52.26     0.279613 
    55.41     0.293012 
    52.99     0.298294 
    53.61     0.293012 
    45.94     0.117726 
    42.85     0.545822 
    19.90     1.715218 
    27.04     0.000000 
    20.76     0.000000 
    17.93     0.000000 
    41.19     0.123256 
    31.20     0.000000 
    23.28     1.321601 
    12.18     0.000000 
    34.26     1.016158 
    15.06     2.305891 
    16.54     2.656532 
    12.93     2.846899 
    13.26     3.000000 
    14.36     2.604367 
    17.49     2.414851 
    14.04     2.804464 
     8.40     3.000000 
    13.50     2.512204 
    12.95     3.000000 
    16.96     2.491099 
    19.06     2.434964 
    16.37     1.910642 
    13.64     2.402341 
    13.27     3.000000 
    13.06     3.000000 
    11.95     3.000000 
    14.76     3.000000 
    18.76     2.003753 
    14.98     1.990523 
    17.17     2.554150 
    11.14     2.945076 
    13.76     1.960332 
     9.77     2.772053 
    15.89     2.447718 
    10.21     3.000000 
    14.83     2.271213 
    15.34     2.504927 
     9.33     3.000000 
    12.82     2.085814 
    12.88     2.161513 
    16.82     2.562573 
     9.44     2.906104 
    20.14     1.756188 
    13.77     2.506713 
    21.73     1.829947 
    25.20     1.770895 
    17.22     1.991845 
    29.76     1.044863 
    23.82     1.593448 
    16.08     1.932923 
    20.72     2.110188 
    19.86     1.831634 
    29.46     1.478801 
    17.35     1.778887 
    28.55     1.182968 
    21.37     1.295762 
    36.35     0.716822 
    28.04     1.064975 
    48.32     0.329876 
    51.92     0.289017 
    50.07     0.269315 
    38.14     0.741782 
    49.29     0.410102 
    17.58     0.000000 
     9.38     0.000000 
    48.05     0.371551 
    16.23     0.000000 
    15.59     0.000000 
    43.04     0.745601 
    42.63     0.537297 
    44.01     0.403952 
    37.99     0.609966 
    50.19     0.326540 
    49.20     0.454746 
    35.10     0.759446 
    52.83     0.270929 
    33.49     0.056131 
    48.48     0.442403 
    50.26     0.433829 
    48.73     0.396924 
    48.93     0.240275 
    47.33     0.363352 
    54.14     0.194948 
    51.66     0.355461 
    52.48     0.145652 
    49.44     0.239375 
    54.50     0.253600 
    47.11     0.195707 
    55.60     0.240834 
    56.02     0.238671 
    47.40     0.209166 
    47.95     0.260889 
    41.87     0.217697 
    47.94     0.231996 
    50.45     0.215934 
    55.34     0.211265 
    54.33     0.185499 
    47.92     0.215466 
    51.56     0.185499 
    31.25     1.359734 
    19.66     2.167701 
    15.88     2.515365 
    13.24     3.000000 
    14.67     2.757127 
    13.96     3.000000 
     9.57     3.000000 
    14.86     3.000000 
    12.51     3.000000 
    16.35     2.407254 
    13.13     2.404545 
    11.72     3.000000 
    13.07     3.000000 
    13.67     3.000000 
    14.15     2.120833 
    24.45     1.380513 
    23.03     1.564649 
    52.12     0.305548 
    14.80     0.000000 
    34.59     0.942878 
    19.52     0.000000 
    46.60     0.562216 
    21.45     0.000000 
    18.22     0.000000 
    45.17     0.447858 
    25.33     1.457417 
    26.83     0.000000 
    14.69     0.000000 
    25.11     0.000000 
    43.34     0.543720 
    17.32     0.000000 
    38.34     0.700803 
    50.38     0.378043 
    28.19     0.819997 
    15.06     0.000000 
    12.16     0.000000 
    39.82     0.677033 
    36.01     1.033411 
    48.43     0.511053 
    13.80     0.000000 
    55.03     0.232628 
    32.84     0.955930 
    52.14     0.457267 
    27.91     1.016427 
    46.20     0.387543 
    13.49     0.000000 
    15.67     0.000000 
    42.17     0.600326 
    47.77     0.090384 
    21.53     0.000000 
    37.50     0.611072 
    22.64     0.000000 
    13.66     0.000000 
    27.55     0.000000 
    41.57     0.627239 
    49.11     0.265199 
    17.53     0.003116 
    13.11     0.000000 
    23.47     0.000000 
    31.68     0.815395 
    46.58     0.552638 
    24.46     0.000000 
    53.01     0.191727 
    12.31     0.000000 
    44.50     0.231538 
    28.12     0.000000 
    16.43     0.000000 
    49.06     0.148498 
    46.10     0.483763 
    22.40     0.000000 
    45.95     0.466352 
    49.03     0.301915 
    52.81     0.287175 
    44.57     0.546956 
    40.72     0.579190 
    20.51     0.000000 
    43.15     0.495215 
    40.54     0.656735 
    51.26     0.401238 
    51.63     0.183457 
    42.68     0.328481 
    47.81     0.232380 
    46.82     0.224381 
    52.88     0.154647 
    21.41     0.013353 
    20.09     0.015987 
    37.19     0.128998 
    52.17     0.338888 
    44.84     0.390106 
    48.19     0.188484 
    44.58     0.363931 
    50.19     0.360019 
    52.30     0.363556 
    51.14     0.361539 
    53.15     0.381669 
    49.32     0.409719 
    47.88     0.390678 
    46.33     0.372387 
    48.90     0.358621 
    52.01     0.377598 
    47.37     0.381669 
    16.59     0.000000 
    25.42     0.000000 
    39.64     0.656082 
    25.16     0.000000 
    20.38     0.000000 
    18.02     0.000000 
    26.09     0.000000 
    15.55     0.000000 
    33.83     0.889002 
    26.39     1.530575 
    12.28     2.795520 
    18.32     1.970733 
    18.53     1.538793 
    27.70     1.364636 
    18.62     1.866091 
    17.18     2.233421 
    15.88     2.012166 
    17.51     3.000000 
    12.43     3.000000 
    15.18     3.000000 
    20.10     1.893289 
    15.22     2.659606 
    18.51     3.000000 
    15.74     3.000000 
     9.31     3.000000 
    16.63     1.865405 
    12.70     2.790406 
    15.94     2.101345 
    24.59     1.157144 
    21.62     1.630555 
    21.13     2.553081 
    14.13     3.000000 
    13.59     2.376445 
    18.56     2.178201 
    16.78     2.527267 
    18.94     2.089504 
    13.54     2.524076 
    22.70     2.109254 
    17.62     2.704067 
    11.73     2.426899 
    10.21     3.000000 
    19.48     1.892332 
    30.85     1.149493 
    37.59     0.790564 
    45.01     0.586376 
    48.27     0.452089 
    33.17     1.028366 
    51.35     0.162628 
    34.12     0.917992 
    51.45     0.228509 
    32.39     0.786705 
    49.77     0.338262 
    21.61     0.000000 
    52.14     0.175657 
    15.25     0.000000 
    13.26     0.004296 
    51.34     0.246280 
    37.33     0.723626 
    34.48     0.686878 
    23.75     0.000000 
    26.70     0.000000 
    36.36     0.736113 
    19.59     0.000000 
    44.04     0.474531 
    35.37     0.668418 
    42.38     0.591534 
    18.35     0.024371 
    47.64     0.305481 
    35.84     0.820316 
    53.90     0.269992 
    48.14     0.354134 
    46.66     0.124375 
    52.14     0.446055 
    48.42     0.538990 
    46.11     0.457530 
    39.27     0.702619 
    28.17     0.861190 
    38.50     0.796865 
    50.11     0.189575 
    50.11     0.238899 
    44.65     0.076997 
    19.64     0.000000 
    22.57     0.012051 
    22.76     0.000000 
    46.71     0.117630 
    45.18     0.150416 
    43.20     0.066312 
    37.63     0.045412 
    50.33     0.142843 
    49.13     0.236937 
    47.86     0.233049 
    50.19     0.258030 
    46.39     0.276887 
    42.01     0.256184 
    53.60     0.241398 
    50.06     0.226113 
    51.93     0.257893 
    48.42     0.222353 
    46.03     0.260290 
    47.16     0.220078 
    52.43     0.241398 
    21.73     0.000000 
    25.06     1.471456 
    14.52     2.234502 
    12.29     2.894528 
     8.81     3.000000 
    13.63     3.000000 
    12.65     3.000000 
    12.34     3.000000 
    20.63     1.923401 
    30.49     1.013370 
    27.92     1.899466 
     9.51     2.928774 
    19.25     1.980075 
    10.52     3.000000 
    11.74     3.000000 
    12.02     2.953316 
    23.11     1.808305 
    17.22     1.998885 
    14.17     2.927925 
    18.17     2.285059 
    15.21     2.808079 
    17.74     2.523539 
    19.89     1.756751 
    17.33     1.937722 
    13.00     3.000000 
    11.67     3.000000 
    22.16     2.138036 
    16.24     2.609137 
    14.19     1.730077 
    27.48     1.350032 
    48.21     0.405466 
    30.31     1.149255 
    14.92     0.000000 
    43.51     0.709954 
    30.31     1.227186 
    29.97     0.952494 
    29.33     1.223742 
    30.50     1.096821 
    16.75     2.055185 
    27.80     1.291965 
    28.39     1.034474 
    35.10     0.815847 
    55.69     0.243206 
    17.50     0.000000 
    38.80     0.716685 
    48.88     0.396797 
    35.03     0.000000 
    25.95     1.183407 
    37.47     0.675410 
    13.35     0.000000 
    38.26     0.631611 
    50.39     0.182918 
    18.72     0.000000 
    43.81     0.611989 
    36.60     0.715111 
    44.25     0.491910 
    28.30     1.073881 
    46.10     0.465222 
    49.84     0.441732 
    52.49     0.276497 
    41.03     0.575430 
    11.91     0.000000 
    35.68     0.074386 
    17.85     0.000000 
    41.24     0.723816 
    26.16     0.021824 
    15.51     0.000000 
    47.78     0.116274 
    43.94     0.615442 
    19.71     0.000000 
    52.15     0.292036 
    38.91     0.062998 
    17.98     0.000000 
    50.28     0.336059 
    49.01     0.337675 
    40.23     0.658454 
    49.21     0.158607 
    42.60     0.469861 
    41.22     0.217433 
    49.42     0.341990 
    46.65     0.341961 
    51.27     0.338740 
    49.71     0.368954 
    45.08     0.394184 
    52.26     0.247372 
    49.43     0.192573 
    48.00     0.350005 
    52.87     0.385350 
    44.21     0.530227 
    44.89     0.509408 
    45.29     0.405775 
    42.16     0.396682 
    46.88     0.364078 
    50.74     0.404909 
    47.30     0.408340 
    49.52     0.381424 
    50.26     0.378269 
    53.49     0.412005 
    50.69     0.415835 
    45.76     0.431051 
    46.22     0.412005 
    17.92     0.000000 
    46.34     0.548484 
    34.43     0.873216 
    32.58     0.942855 
    44.79     0.410060 
    51.11     0.331391 
    25.30     1.393081 
    24.27     1.352198 
    15.59     2.565323 
    14.37     3.000000 
    20.78     1.873792 
    16.63     1.966167 
    16.37     2.167429 
    17.25     2.333987 
    20.02     2.122953 
    14.08     2.632356 
    23.89     2.109455 
    16.58     2.110576 
     7.15     2.958753 
    16.47     2.203571 
    12.20     3.000000 
    22.64     1.442153 
    46.75     0.466405 
    26.30     1.619581 
    24.01     1.311896 
    38.76     0.939234 
    30.39     1.180733 
    48.15     0.198832 
    16.14     0.000000 
    31.36     0.000000 
    38.75     0.109880 
    41.12     0.566826 
    17.38     0.000000 
    13.03     0.000000 
    49.60     0.432454 
    43.73     0.548936 
    28.23     1.312981 
    24.34     1.570965 
    16.94     2.351249 
    12.29     2.068255 
    25.03     1.418167 
    22.21     1.652854 
    15.00     2.338561 
    31.72     1.001481 
    26.32     1.643187 
    22.40     2.246719 
    21.54     1.261150 
    21.90     1.625842 
    20.60     2.201961 
    26.49     1.491133 
    19.53     2.153618 
    21.33     1.591199 
    23.47     1.532442 
    21.78     1.468315 
    25.80     1.264346 
    24.25     1.381822 
    35.29     0.856126 
    26.75     1.330863 
    36.36     0.741962 
    46.87     0.509766 
    58.17     0.313896 
    49.63     0.228942 
    46.66     0.463543 
    48.21     0.540571 
    52.54     0.260390 
    45.55     0.532833 
    51.72     0.267171 
    40.79     0.088561 
    39.22     0.729743 
    31.04     1.097367 
    29.74     1.112717 
    34.34     0.799276 
    32.80     0.999097 
    35.07     0.847252 
    31.46     0.846540 
    37.93     0.654759 
    26.74     0.982048 
    41.99     0.540700 
    53.75     0.233414 
    16.47     0.000000 
    45.38     0.410232 
    49.04     0.204185 
    53.55     0.314972 
    54.33     0.226979 
    52.09     0.202609 
    51.71     0.112652 
    49.98     0.128809 
    23.46     0.000000 
    55.01     0.271096 
    54.37     0.249147 
    51.06     0.243767 
    50.35     0.258540 
    47.11     0.238757 
    52.83     0.271400 
    48.48     0.242791 
    48.96     0.244361 
    49.99     0.271793 
    53.10     0.299563 
    53.36     0.293346 
    51.15     0.275873 
    48.35     0.275873 
    23.93     0.000000 
    14.21     0.000000 
    13.41     0.000000 
    46.63     0.173654 
    50.44     0.355907 
    53.63     0.281647 
    22.20     0.000000 
    28.10     1.593495 
    46.17     0.066897 
    23.54     1.363590 
    41.63     0.519708 
    25.18     0.000000 
    30.58     1.155376 
    17.65     1.759127 
    18.21     1.877959 
    13.46     2.486081 
    14.16     3.000000 
    16.23     3.000000 
    13.66     3.000000 
    17.98     2.652113 
    23.67     1.554791 
    19.17     2.067063 
    21.74     1.770028 
    34.26     0.939151 
    48.31     0.270201 
    13.85     0.000000 
    35.01     0.894206 
    41.40     0.599823 
    32.77     1.077393 
    23.55     1.762996 
    24.44     0.014491 
    19.05     1.587296 
    37.69     0.792927 
    23.60     1.328939 
    49.29     0.223389 
    13.80     0.000000 
    51.96     0.230291 
    40.50     0.102052 
    18.29     0.000000 
    21.84     0.000000 
    47.29     0.282978 
    46.60     0.589820 
    30.90     1.127436 
    49.42     0.399356 
    50.65     0.398992 
    23.97     0.000000 
    44.73     0.513000 
    45.81     0.413114 
    37.46     0.602200 
    50.76     0.371429 
    45.45     0.077912 
    42.68     0.664962 
    34.99     0.922595 
    22.81     0.000000 
    40.63     0.119567 
     8.50     0.000000 
    25.90     0.000000 
     4.11     0.000000 
    41.11     0.722835 
    49.20     0.105995 
    26.42     0.000000 
    52.03     0.218371 
    18.70     0.000000 
    52.40     0.282605 
    43.80     0.290845 
    17.19     0.000000 
    41.38     0.612903 
    47.17     0.438928 
    13.91     0.000000 
    17.36     0.000000 
    38.46     0.584004 
    39.97     0.635739 
    45.96     0.357814 
    44.28     0.521238 
    50.22     0.343825 
    47.15     0.168914 
    53.61     0.305426 
    39.48     0.619234 
    42.44     0.601321 
    47.99     0.159075 
    46.54     0.324759 
    49.39     0.304901 
    50.43     0.315122 
    48.21     0.488025 
    52.49     0.263306 
    46.57     0.324881 
    50.56     0.321478 
    52.25     0.459855 
    49.63     0.370635 
    46.36     0.359422 
    44.50     0.454107 
    43.58     0.472955 
    46.97     0.444378 
    46.26     0.441259 
    51.64     0.452173 
    49.06     0.447150 
    49.20     0.464408 
    45.43     0.457616 
    50.52     0.486283 
    45.87     0.480016 
    50.46     0.486283 
    16.61     0.000000 
    27.79     0.000000 
    13.72     0.000000 
    38.71     0.688154 
    17.52     1.660623 
    14.85     2.158893 
    10.81     2.926753 
    14.79     1.892834 
    34.26     0.950888 
    43.43     0.276456 
    13.72     0.000000 
    25.02     0.000000 
    31.42     1.150822 
    47.87     0.500642 
    18.01     0.000000 
    38.94     0.941920 
    15.42     2.102013 
    16.80     2.483763 
    25.91     1.582798 
    17.92     2.425402 
    17.96     2.065133 
    13.10     3.000000 
    13.59     2.634962 
    18.42     1.873308 
    30.69     1.239555 
    17.98     2.105765 
    28.26     1.364197 
    22.54     2.297945 
     9.50     2.542142 
    20.88     1.452198 
    20.27     2.263375 
    14.51     2.829625 
    14.78     3.000000 
    17.66     2.592823 
    14.21     2.486941 
    13.89     2.821530 
    19.87     1.830728 
    33.14     1.108094 
    46.97     0.312624 
    24.01     0.000000 
    34.11     0.796008 
    42.46     0.749388 
    22.11     0.023611 
    35.73     0.967413 
    20.86     1.487051 
    22.81     1.776740 
    26.32     1.610438 
    36.01     0.896438 
    22.03     1.270807 
    22.00     1.375048 
    32.57     0.884575 
    30.74     1.067379 
    50.94     0.282213 
    36.78     0.798700 
    37.27     0.709132 
    54.61     0.222163 
    38.70     0.790735 
    50.60     0.139406 
    45.36     0.225268 
    50.41     0.211292 
    33.20     0.044260 
    34.76     0.733805 
    52.35     0.229157 
    45.01     0.064493 
    33.48     0.673814 
    41.12     0.072345 
    42.54     0.538529 
    44.38     0.095196 
     8.89     0.000000 
    47.29     0.415695 
    42.19     0.494616 
    43.88     0.511392 
    46.44     0.413057 
    19.79     0.000000 
    51.41     0.273041 
    48.41     0.328746 
    13.08     0.000000 
    38.05     0.065649 
    27.72     0.020147 
    42.59     0.554508 
    48.24     0.379978 
    42.74     0.514762 
    45.41     0.573246 
    47.19     0.508198 
    37.78     0.566410 
    51.55     0.317751 
    44.46     0.134939 
    48.20     0.212386 
    57.41     0.293422 
    52.99     0.219772 
    50.48     0.288165 
    49.99     0.291682 
    51.00     0.307090 
    51.28     0.280031 
    47.97     0.297583 
    55.25     0.299470 
    48.31     0.320963 
    52.06     0.275559 
    51.49     0.314414 
    51.95     0.264508 
    53.91     0.293422 
    13.05     0.000000 
    21.09     0.000000 
    26.90     0.000000 
    19.98     0.000000 
    30.60     0.954592 
    15.56     0.000000 
     7.21     0.000000 
    20.17     0.000000 
    38.66     0.615473 
    14.97     1.985073 
    26.78     1.240774 
    20.78     1.921443 
    19.22     2.222231 
    12.88     2.563618 
    17.78     2.225607 
    12.06     2.929223 
    23.25     1.677759 
    31.36     1.101518 
    29.41     0.797966 
    33.69     1.285429 
    29.65     1.221851 
    26.31     1.614132 
    41.20     0.705634 
    21.60     1.830921 
    24.71     1.393197 
    19.65     1.821644 
    19.15     1.853913 
    17.03     2.320570 
    12.38     2.726102 
    14.31     2.675686 
    15.87     3.000000 
     9.81     3.000000 
    19.45     2.543028 
    21.96     1.851101 
    13.28     2.405502 
    23.88     1.919267 
    18.33     2.653385 
    21.18     1.683221 
    24.39     1.450790 
    24.57     1.798353 
    24.88     1.384969 
    17.03     1.966589 
    23.33     1.947204 
    24.27     1.425763 
    22.64     2.179678 
    26.10     1.447358 
    28.74     1.451851 
    24.56     1.636073 
    42.41     0.637961 
    53.42     0.181567 
    50.78     0.251414 
    48.82     0.379309 
    48.98     0.139786 
    46.81     0.193977 
    37.94     0.652347 
    34.39     0.842217 
    27.77     1.303251 
    43.63     0.654523 
    47.74     0.570697 
    42.94     0.615352 
    38.21     0.077741 
    53.37     0.302950 
    38.08     0.777142 
    27.17     0.000000 
    40.29     0.057090 
    40.54     0.103233 
    35.31     0.780934 
    49.70     0.359359 
    52.81     0.211758 
    46.73     0.416906 
    17.60     0.000000 
    45.17     0.480190 
    42.14     0.458754 
    51.69     0.298897 
    49.07     0.319967 
    48.92     0.477219 
    52.04     0.351583 
    52.18     0.393595 
    50.59     0.096937 
    51.38     0.261409 
    50.25     0.426443 
    47.07     0.370509 
    42.35     0.498248 
    48.92     0.342942 
    42.23     0.529576 
    48.73     0.336077 
    56.56     0.396352 
    43.97     0.570936 
    50.23     0.264465 
    46.84     0.534006 
    43.09     0.377325 
    52.44     0.397828 
    51.22     0.406359 
    47.50     0.380490 
    48.85     0.383873 
    50.01     0.384149 
    51.77     0.423924 
    45.29     0.414507 
    50.67     0.376359 
    44.73     0.416342 
    46.23     0.396352 
    37.84     0.708394 
    49.03     0.476876 
    42.63     0.461578 
    35.55     0.801815 
    38.11     0.626253 
    48.35     0.613200 
    13.18     0.000000 
    37.97     0.819905 
    21.52     2.020415 
    25.51     1.433305 
    41.55     0.630122 
    21.69     1.837157 
    33.17     0.813041 
    23.17     1.464764 
    12.18     2.774770 
    16.64     3.000000 
    11.52     2.750365 
    20.54     2.120105 
    13.57     3.000000 
    25.34     1.198384 
    19.99     1.736979 
    19.52     2.082577 
    29.89     1.122175 
    46.37     0.082054 
    29.69     1.131795 
    36.52     0.672991 
    11.15     0.000000 
    45.77     0.510356 
    19.89     0.000000 
    17.20     0.000000 
    52.69     0.254882 
    30.19     1.135087 
    28.70     0.953539 
    21.50     1.769255 
    23.45     1.605544 
    19.41     1.589658 
    22.40     1.747632 
    15.76     1.912719 
    20.42     1.475157 
    23.70     1.523631 
    14.29     2.327977 
    25.00     1.588863 
    22.15     1.834640 
    21.34     1.843406 
    15.00     2.563070 
    23.17     2.002581 
    26.01     1.553188 
    17.94     2.313413 
    31.31     0.968471 
    27.80     1.460911 
    28.50     1.082584 
    35.59     0.643972 
    33.19     1.083392 
    29.77     1.317347 
    34.47     0.758041 
    33.38     1.224065 
    32.32     0.963855 
    27.59     1.535338 
    21.46     1.518297 
    38.82     0.611263 
    53.60     0.159814 
    50.16     0.323312 
    26.25     0.032995 
    45.99     0.126204 
    45.81     0.114859 
    32.84     0.795459 
    36.68     0.810412 
    30.75     0.956699 
    37.59     0.668495 
    25.96     1.169479 
    34.19     0.902587 
    33.97     0.919095 
    34.65     1.168345 
