constructTestCases(): generating 11 specified cases ...  DONE
Procedure Optimizer.Optimize()
Oracle probabilites : disabled
Optimizer(): Simulated Annealing , Random-normalized optimality [%]
Optimizer(): config:  [[0.2], [9.9], [], 10, 10, 0.75, 0.01, 0.5, 0.01]
Optimizer(): selective: [  1  ]
Optimizer(): evals/step: 10
Optimizer(): numParams: 1 , completeRepeats: 100
MABsolver_config: algorithms: UCBtuned , CP DavorTom , CPT Davor , Reset AllMovingAvg
MABsolver_config: params: types:  Direct  Direct  Direct  Direct  Direct  
MABsolver_config: params: numInputs:  0  0  0  0  0  
MABsolver_config: params: weights:  [  0.770000  ]  [  2.000000  ]  [  1.000000  ]  [  50.000000  ]  [  1.000000  ]  
BanditTestBatch: casesIDs:  0  1  2  3  4  5  6  7  8  9  
BanditTestBatch: numCases: 10
BanditTestBatch: maxim sum reward: 3919.0
BanditTestBatch: random reward: 2805.0
 Evals       Score          p01       case01    case02    case03    case04    case05    case06    case07    case08    case09    case10 
     1       40.59      2.00000        89.80     20.67     46.80     15.73     19.44     67.50     25.63     75.24     30.98     14.14 
     2       41.72      0.74384       100.80     35.60     67.80      0.27    -21.67     85.50     35.08     71.31     32.83      9.69 
     3       36.42      2.36534        66.20     22.93     57.60     17.07    -29.44     76.30     32.54     77.56     32.47     10.99 
     4       40.85      2.10154        91.40     31.47     68.40    -11.47      8.33     82.50     31.75     71.42     30.79      3.95 
     5       52.95      3.67218        56.20     64.93     56.00     23.73     50.00     78.10     48.89     85.20     53.20     13.21 
     6       45.11      4.61703        77.00     72.40     67.60      0.53    -31.11     69.50     49.76     72.15     57.05     16.23 
     7       50.51      4.14063       101.00     56.67     67.20     12.80     -0.56     68.10     60.16     70.76     53.92     15.00 
     8       49.01      3.23086       101.80     60.53     78.60      3.47    -12.22     60.80     53.81     83.05     43.95     16.30 
     9       45.89      2.84542        82.60     44.13     86.80      9.87     18.89     50.60     45.71     80.65     35.06      4.57 
    10       41.53      1.39205        94.80     26.40     69.40    -15.20      0.00     77.40     46.43     75.13     36.05      4.88 
    11       39.35      1.48334        97.40     15.07     70.80      7.20    -11.67     75.50     31.35     73.38     28.30      6.17 
    12       41.78      2.41715        68.60     36.00     84.80    -10.40     13.89     66.40     35.40     73.85     35.42     13.83 
    13       53.97      3.82928        93.60     67.07     86.60     28.53     -2.22     76.80     54.52     72.18     49.89     12.78 
    14       48.30      5.78301        58.40     58.00     92.40      8.00      2.78     37.90     58.33     76.69     70.52     20.00 
    15       51.33      3.80337        85.60     63.73     65.80     -3.20     33.33     72.40     45.71     78.58     52.83     18.46 
    16       50.68      5.80819        97.20     71.33     78.20      8.00      8.33     34.60     50.40     67.96     68.12     22.65 
    17       49.70      7.28420        97.60     81.20     76.20     -0.80     -6.67     37.50     50.00     67.35     70.70     23.95 
    18       50.26      6.78453        87.40     69.20     62.80     10.67     -8.89     44.60     60.00     72.55     72.83     31.42 
    19       52.18      6.39845        60.80     81.07     69.60     23.73      3.89     45.10     67.06     75.75     70.25     24.57 
    20       51.53      7.77656        90.20     65.07     76.80     30.13     20.56     18.10     51.43     61.82     66.94     34.26 
    21       44.80      8.93361        71.00     68.67     70.40      0.00      1.11     31.30     58.17     62.51     71.52     13.27 
    22       52.07      7.19662       101.40     65.33     77.60     28.53      4.44     18.90     49.76     74.69     69.75     30.25 
    23       48.01      5.68422        88.40     76.40     59.00    -11.47     24.44     19.00     52.14     69.16     72.43     30.56 
    24       51.67      4.20757        92.40     62.80     61.80     17.33      8.33     67.10     55.48     74.44     56.19     20.86 
    25       58.23      4.91238        84.80     72.67     81.00     22.93     38.89     72.70     58.65     64.51     59.86     26.30 
    26       50.89      4.58388        92.80     76.40     69.80     18.67    -22.22     64.10     49.76     76.25     60.68     22.65 
    27       53.02      4.26874        98.20     69.87     55.80     25.33     18.33     61.30     49.60     74.15     61.41     16.17 
    28       47.26      2.90138       107.20     43.73     55.40     21.87    -11.11     70.20     53.65     80.36     35.10     16.23 
    29       52.79      4.21463        93.00     52.13     71.60      2.93     40.00     64.40     56.83     68.65     63.81     14.57 
    30       46.21      2.64897        95.20     41.73     53.20     16.80     -8.89     85.00     47.30     80.73     35.06     15.99 
    31       49.20      4.30060        90.00     63.07     80.80     13.87    -11.11     56.40     52.30     70.87     55.46     20.37 
    32       49.14      5.50939        80.20     63.73     67.20     32.80     -7.22     37.60     45.08     68.73     75.74     27.59 
    33       48.00      3.00197        77.80     48.27     49.40     33.07     13.89     75.20     48.65     78.04     41.27     14.44 
    34       42.97      3.77137        82.60     57.60     69.60    -10.67    -21.67     72.60     39.29     72.69     51.02     16.60 
    35       52.32      5.47342        80.20     63.20     78.40     22.93     15.00     36.20     59.37     68.44     73.47     25.99 
    36       52.25      6.99936        99.40     75.87     62.80     27.20     -6.67     43.50     48.97     67.60     70.43     33.40 
    37       52.59      6.31583        87.60     72.53     61.40     15.73     20.56     50.40     45.08     76.55     68.62     27.41 
    38       47.72      7.44937        89.40     68.40     75.60      5.60    -20.00     30.40     51.27     70.55     73.47     32.53 
    39       50.29      5.76853        93.40     66.13     70.20     17.33      0.56     42.90     49.05     74.84     64.90     23.64 
    40       52.03      4.95769        87.80     59.47     71.00     12.00     24.44     56.80     47.86     69.42     69.75     21.73 
    41       52.57      4.01884       104.80     66.93     78.60      6.13     -3.89     76.70     48.57     78.73     49.84     19.32 
    42       50.61      3.32163        75.40     61.73     99.40      2.93     -5.00     86.90     45.16     70.00     49.61     20.00 
    43       47.71      3.97294        63.20     67.07     80.20     11.47     -6.67     68.50     52.94     71.24     57.10     12.04 
    44       46.23      3.89556        89.20     40.27     77.20     11.47     -0.00     63.80     45.95     75.93     46.89     11.60 
    45       46.11      3.11077        79.60     44.53     68.40     12.80     -2.78     76.10     46.03     83.13     41.27     11.98 
    46       53.52      4.63588        98.80     78.40     56.00      7.73      1.11     72.00     53.73     73.60     70.29     23.52 
    47       52.47      4.23905        87.40     52.67     83.20      7.20     12.78     67.10     58.97     78.65     55.96     20.74 
    48       44.65      2.88722        78.80     35.73     77.60      0.80    -15.56     92.30     42.62     79.78     39.68     14.75 
    49       55.54      5.36800        98.00     66.40     72.20     20.80     25.56     66.20     47.06     76.73     63.76     18.64 
    50       47.61      6.49003        88.60     62.27     81.40     -9.60     11.67     22.30     51.19     70.76     72.38     25.12 
    51       50.24      6.97291        98.00     77.33     69.20     10.40    -21.11     40.50     57.06     72.51     67.12     31.36 
    52       47.46      7.71048        81.80     75.33     70.40     15.73    -13.33     30.80     47.38     62.25     71.52     32.72 
    53       51.98      8.53110        79.80     82.13     55.40     19.20     -9.44     55.90     54.37     64.87     76.92     40.62 
    54       47.02      7.51014        96.20     61.07     63.40     19.20    -36.11     52.50     50.48     68.95     73.70     20.86 
    55       48.49      8.01369        89.40     64.67     82.60      2.93    -17.78     42.30     57.70     68.65     65.49     28.95 
    56       50.71      8.97836        81.80     79.07     63.40     11.47      1.11     38.60     48.25     67.49     81.90     34.01 
    57       47.28      8.93632        66.80     71.20     69.00     13.87      6.11     14.30     59.37     65.67     68.84     37.65 
    58       52.61      9.06634        88.40     71.20     73.00     30.67     -2.78     29.90     56.27     70.29     71.20     37.90 
    59       52.12      9.67223       100.00     81.87     70.40     -6.67     16.67     38.30     52.30     63.27     83.13     21.91 
    60       46.62      8.70721        95.20     74.00     74.40      5.07    -34.44     45.30     49.52     63.27     68.62     25.31 
    61       44.28      9.33298       102.80     79.73     61.00      8.00    -53.89     27.10     55.32     65.05     73.20     24.51 
    62       48.60      9.07745        80.00     73.20     66.00     -2.13     -9.44     48.40     68.41     60.40     71.97     29.20 
    63       48.88      9.25941        81.20     74.00     77.80      4.53     -6.67     41.20     56.83     62.91     73.33     23.64 
    64       50.16      8.68788        80.60     67.60     72.60    -11.20     25.00     52.20     45.24     64.25     72.29     33.02 
    65       53.84      8.89510        93.80     68.40     71.60     19.47     20.56     41.80     55.56     65.93     73.92     27.41 
    66       44.09      8.94539        77.00     64.13     78.20    -11.20    -20.00     38.60     40.40     62.44     75.42     35.93 
    67       46.20      8.90819        88.00     69.87     52.40      7.73     -8.33     27.00     51.35     68.80     79.00     26.17 
    68       50.83      9.24079        69.80     85.47     72.80    -16.27     30.00     35.80     58.41     63.31     73.56     35.43 
    69       54.24      9.62230        93.60     75.73     76.80      6.13     27.22     31.40     51.03     74.11     70.52     35.86 
    70       53.59      9.78068        87.00     68.93     83.00     15.20      7.22     58.20     58.81     68.36     67.12     22.10 
    71       57.14      9.85080        97.80     74.40     77.80     34.93     22.78     45.50     53.41     60.55     77.55     26.67 
    72       49.76      9.68399        89.80     70.27     64.80      9.33     -6.11     50.40     57.30     67.67     64.35     29.81 
    73       48.71      9.57569        73.00     77.73     82.80     35.20    -37.22     36.40     56.27     67.56     75.24     20.12 
    74       51.66      9.29814        86.80     76.93     59.60      7.20      9.44     52.00     55.71     62.04     73.20     33.70 
    75       45.67      9.43080        72.80     69.47     61.00      1.60    -14.44     37.00     64.68     61.64     71.97     30.99 
    76       49.75      9.29877        79.60     73.47     70.40     14.93     -1.11     37.80     55.71     66.73     70.84     29.14 
    77       52.48      9.39186        91.80     83.87     63.80     18.93     15.56     41.70     50.63     62.25     65.90     30.37 
    78       49.10      9.45903        93.40     65.07     76.00     18.67     -0.00     26.60     45.32     70.40     67.48     28.02 
    79       47.98      9.51313        79.60     67.20     73.60     -1.07      7.78     28.40     62.06     66.36     71.11     24.75 
    80       55.06      9.33292       107.40     60.27     70.40     -0.27     22.78     58.90     60.63     68.29     70.75     31.48 
    81       52.89      9.47381        91.20     84.27     63.80     32.53    -20.56     50.90     57.46     67.85     72.93     28.52 
    82       48.17      9.68901        79.60     74.27     57.20     11.47     -0.00     47.00     42.78     59.38     74.60     35.43 
    83       48.75      9.84112        96.40     71.47     60.40     -1.33      1.67     36.20     53.41     63.93     76.28     29.07 
    84       53.03      9.66890        84.60     77.87     73.60     37.33     13.89     13.30     58.02     61.71     73.15     36.79 
    85       53.56      9.83655        84.20     85.07     67.00     18.40     16.67     35.00     54.52     54.84     76.96     42.96 
    86       49.16      9.60178       104.60     70.53     70.00      6.67      2.22     28.80     44.92     65.64     68.21     30.06 
    87       55.48      9.69556       101.80     73.20     81.00     30.67     14.44     40.50     53.33     63.78     73.02     23.09 
    88       45.04      9.67163        82.80     62.27     57.60      2.13    -20.56     47.70     43.65     67.35     67.76     39.75 
    89       52.89      9.83366        93.80     78.00     62.60     -1.33      8.89     62.20     52.38     69.71     69.80     32.90 
    90       48.07      9.59396        94.20     68.67     70.40      7.47     -5.00     28.50     51.27     69.78     65.76     29.63 
    91       50.55      9.83089        90.20     88.13     78.80     17.33     -2.78     23.20     55.48     61.38     66.49     27.22 
    92       49.83      9.85121        80.40     66.40     78.00     16.53      8.33     35.50     51.51     62.18     71.88     27.59 
    93       49.51      9.84451        73.80     65.60     78.80     18.67    -12.22     41.40     59.60     65.45     72.56     31.48 
    94       53.36      9.84058        93.20     80.67     68.80     10.13     11.67     49.40     49.52     67.93     73.74     28.52 
    95       52.37      9.85825       101.40     70.93     66.00     22.67      3.89     25.80     67.14     67.82     75.37     22.65 
    96       51.88      9.83064        87.80     73.20     86.00     18.67     -1.11     30.50     51.98     64.73     71.93     35.06 
    97       51.76      9.82389        83.80     71.73     75.20     17.33      6.67     47.20     54.52     60.80     73.83     26.48 
    98       49.22      9.87007        88.20     75.20     76.20     17.07    -35.56     48.70     55.32     64.00     69.39     33.64 
    99       51.41      9.83750        95.80     72.13     69.40     35.20    -16.67     36.50     53.25     62.04     76.96     29.44 
   100       46.24      9.85531        83.40     59.20     74.20     22.40    -35.00     38.40     55.24     59.16     70.25     35.19 
   101       46.87      9.88758        83.00     63.87     65.80      9.60     -2.22     35.10     42.62     66.51     72.34     32.10 
   102       53.57      9.85080       104.80     73.87     78.40     35.47      7.22     20.10     53.81     61.75     68.53     31.73 
   103       50.81      9.16995        73.40     82.13     70.20     32.00    -23.33     49.00     54.84     66.87     71.84     31.11 
   104       49.04      8.13022       105.00     56.00     81.60     -5.60    -12.22     24.20     65.79     76.80     71.16     27.65 
   105       52.15      7.99727        98.00     56.80     68.60     24.27      7.78     49.00     51.11     69.02     73.24     23.64 
   106       44.44      6.24450        70.80     48.80     62.60      7.20      3.33     44.50     43.17     67.93     70.16     25.93 
   107       52.92      8.63253        94.60     67.87     78.00     44.80     -9.44     30.80     52.62     64.18     69.25     36.54 
   108       47.03      7.29533        96.40     59.60     70.00     -6.67     -7.78     40.90     54.29     68.91     66.58     28.02 
   109       47.21      7.01915        89.60     76.40     69.00     -2.13     -8.89     27.60     56.35     67.05     73.70     23.46 
   110       51.02      8.65413        89.20     75.47     65.40     19.47     13.33     22.60     52.38     65.27     75.01     32.10 
   111       49.63      8.78375        87.20     69.20     95.60      4.80      6.11     19.00     53.10     71.89     67.26     22.10 
   112       49.97      8.22163        89.40     60.93     70.00     33.07     -3.89     35.50     38.89     65.42     73.11     37.28 
   113       49.48      8.55243        87.20     58.00     67.80     13.87      2.22     42.90     48.65     68.76     70.34     35.06 
   114       49.32      7.01124        78.20     69.87     84.40     12.27      2.22     35.10     54.37     62.40     69.75     24.63 
   115       42.59      7.71012        67.20     75.47     55.00     -6.40    -30.00     35.00     55.79     64.80     77.32     31.73 
   116       47.12      6.69276        93.00     66.67     67.60     -4.80     -3.33     19.50     58.33     73.49     70.16     30.56 
   117       52.42      6.70561        82.20     67.20     80.20     17.87     19.44     36.70     51.75     72.47     72.20     24.20 
   118       51.59      6.79133        98.20     60.40     65.60     32.00     11.67     20.20     49.21     78.04     66.49     34.07 
   119       51.38      5.52886        95.20     64.80     46.80     23.20     24.44     37.40     54.13     70.84     71.70     25.31 
   120       50.10      6.92610       102.20     52.53     59.60     21.07     -0.00     44.60     51.90     71.09     70.43     27.59 
   121       46.66      8.14775       106.60     60.67     56.40     15.20    -18.33     32.90     51.27     70.80     65.58     25.56 
   122       50.73      5.23186        93.80     66.53     74.00     -2.67      5.00     44.00     54.29     74.62     67.62     30.06 
   123       49.94      6.15470       105.00     80.00     83.80     -7.20    -18.33     39.20     46.27     73.78     74.51     22.35 
   124       52.89      5.47722        91.40     75.73     78.00     17.87     -0.56     42.10     48.10     74.29     71.29     30.68 
   125       48.78      5.00624        57.40     66.67     71.80     17.07     -8.33     69.70     57.54     72.91     64.49     18.52 
   126       55.00      5.94346        89.20     59.33     79.40     26.67     -3.89     61.90     58.73     75.35     73.61     29.75 
   127       53.69      4.07490       101.20     77.47     90.20     17.07     -0.00     67.10     48.49     69.09     55.65     10.62 
   128       53.36      4.98958       101.80     71.33     80.00     20.53     -4.44     62.10     46.03     68.40     62.00     25.86 
   129       56.42      4.85530        95.40     80.00     56.40      6.67     28.33     76.40     56.59     76.69     64.17     23.52 
   130       53.25      5.73262        85.80     65.47     58.40     17.87      8.33     63.10     53.65     73.42     72.56     33.89 
   131       50.45      4.80956        73.20     52.40     74.60     25.60     22.78     51.90     55.32     71.53     58.82     18.33 
   132       47.36      6.57602        74.20     71.07     68.00     11.47      2.22     35.00     56.35     62.11     72.15     20.99 
   133       54.58      4.09844        93.60     62.27     67.80      8.80     42.22     77.40     48.97     71.93     55.87     16.91 
   134       52.64      4.55256        88.80     56.53     82.20     10.40      6.67     66.30     53.33     75.31     63.45     23.46 
   135       52.30      3.36420        94.00     52.80     81.00     22.67     22.22     67.70     59.13     74.15     49.80     -0.49 
   136       48.39      3.59223        95.60     33.07     68.00     13.60      4.44     77.60     51.59     81.24     46.58     12.22 
   137       46.52      5.35846       105.40     74.27     67.60     -9.60    -27.22     47.70     42.14     76.87     66.44     21.60 
   138       42.78      4.77184        75.20     63.73     69.40     11.73    -35.56     44.30     42.62     72.98     61.45     21.91 
