constructTestCases(): generating 11 specified cases ...  DONE
Procedure Optimizer.Optimize()
!!! --- WARNING --- !!! Oracle probabilites : ENABLED !!! --- WARNING --- !!!
Optimizer(): Simulated Annealing , Random-normalized optimality [%]
Optimizer(): config:  [[0.001], [0.1], [], 10, 10, 0.75, 0.01, 0.5, 0.01]
Optimizer(): selective:  0.000000  
Optimizer(): evals/step: 10
Optimizer(): numParams: 1 , completeRepeats: 100
MABsolver_config: algorithms: SoftMax , CP Disabled , CPT Davor , Reset: TODO
MABsolver_config: params: types:  Direct  Direct  Direct  Direct  
MABsolver_config: params: numInputs:  0  0  0  0  
MABsolver_config: params: weights:  [  0.010000  ]  [  2.500000  ]  [  0.200000  ]  [  5.000000  ]  
BanditTestBatch: casesIDs:  0  1  2  3  4  5  6  7  8  9  
BanditTestBatch: numCases: 10
BanditTestBatch: maxim sum reward: 3919.0
BanditTestBatch: random reward: 2805.0

    15.04     0.010000 
    10.94     0.028358 
    13.91     0.068209 
    17.64     0.047856 
     8.13     0.042495 
    20.51     0.026343 
    14.02     0.001000 
    17.79     0.073975 
    11.22     0.074662 
    13.77     0.074454 
    15.44     0.025976 
    14.94     0.022065 
    13.55     0.058452 
    12.79     0.072043 
    11.57     0.046641 
    18.97     0.017027 
     5.03     0.001000 
    24.22     0.026883 
     6.56     0.001000 
    14.93     0.039719 
     3.29     0.001000 
    22.62     0.004917 
     8.34     0.042430 
    14.25     0.033462 
    13.05     0.022649 
    13.17     0.038510 
    25.80     0.003784 
    13.50     0.001000 
    21.23     0.002279 
    14.19     0.028827 
    13.08     0.031026 
     6.44     0.001000 
    15.07     0.019752 
    29.06     0.003502 
    14.02     0.031344 
    18.00     0.028480 
    15.40     0.021782 
    18.86     0.020705 
     5.31     0.001000 
    14.99     0.015498 
    32.89     0.003996 
    20.14     0.001000 
    15.47     0.015724 
    -2.77     0.001000 
    12.82     0.015465 
     3.44     0.001000 
    13.11     0.001000 
    15.13     0.011698 
    18.44     0.026571 
     9.17     0.001000 
     6.73     0.001000 
    19.85     0.018792 
    12.98     0.001000 
     3.16     0.001000 
    14.67     0.022827 
    11.07     0.017499 
     7.37     0.001000 
    12.00     0.001000 
    11.47     0.009916 
    19.41     0.023455 
    17.08     0.023082 
     5.85     0.001000 
    14.58     0.007844 
     7.77     0.001000 
     9.15     0.016218 
    19.50     0.020419 
    15.46     0.008459 
    15.22     0.012976 
    12.90     0.013915 
     9.70     0.001000 
    14.38     0.015706 
    14.58     0.001000 
    -5.50     0.001000 
     3.09     0.001000 
    -0.30     0.001000 
    26.98     0.004593 
    12.89     0.012957 
    23.03     0.005503 
     0.17     0.001000 
    14.10     0.013859 
     0.53     0.001000 
    14.65     0.001000 
    15.97     0.008666 
    12.52     0.007226 
    16.47     0.007085 
     6.01     0.001000 
    22.44     0.005623 
    22.03     0.004717 
    17.16     0.001000 
    16.24     0.007944 
     7.04     0.001000 
    23.46     0.003671 
    33.10     0.004213 
    26.01     0.004970 
    25.26     0.003814 
    29.75     0.004727 
    21.10     0.005019 
    31.29     0.004573 
    25.94     0.004920 
    26.50     0.003962 
    28.98     0.003641 
    16.17     0.004573 
    21.40     0.001000 
     8.23     0.050164 
     4.17     0.001000 
    10.81     0.013292 
    13.08     0.033580 
    13.44     0.021113 
    11.90     0.008129 
    20.88     0.032900 
    12.79     0.069934 
     8.49     0.062983 
    11.14     0.066376 
    16.64     0.040830 
     8.71     0.065230 
    11.19     0.039459 
    16.02     0.068896 
    19.95     0.031359 
    12.16     0.043856 
     8.18     0.057779 
    13.26     0.087741 
    16.06     0.100000 
    15.16     0.100000 
    15.80     0.100000 
    16.52     0.100000 
    14.40     0.100000 
    13.15     0.063756 
    14.86     0.098067 
    14.89     0.083023 
    15.62     0.081213 
    15.37     0.092716 
    16.14     0.082592 
    15.04     0.097964 
    14.69     0.100000 
    15.53     0.076831 
    13.52     0.068396 
    14.54     0.086063 
    12.99     0.054677 
    12.22     0.057363 
    14.41     0.079201 
    13.90     0.064386 
    14.23     0.068553 
    15.74     0.052873 
     7.64     0.061482 
    10.44     0.063727 
    12.07     0.027065 
    13.02     0.040926 
    15.14     0.046973 
    10.62     0.026063 
     7.27     0.059784 
    13.17     0.048162 
    12.06     0.070062 
     7.06     0.064102 
    11.32     0.073122 
     8.71     0.065295 
    12.76     0.070621 
    14.51     0.070577 
    15.26     0.079702 
    11.63     0.067528 
    16.38     0.085368 
    15.32     0.076270 
    11.59     0.054973 
    15.57     0.081234 
    15.36     0.079830 
    12.85     0.077239 
    15.97     0.091953 
    13.58     0.081941 
    15.84     0.100000 
    17.75     0.095811 
    14.26     0.100000 
    13.99     0.087449 
    17.15     0.100000 
    15.24     0.097811 
    15.44     0.097898 
    14.45     0.096561 
    16.56     0.098663 
    14.53     0.100000 
    16.94     0.096343 
    16.97     0.100000 
    14.85     0.099523 
    13.00     0.100000 
    16.29     0.099824 
    14.80     0.097056 
    16.00     0.095899 
    15.88     0.097411 
    14.92     0.095591 
    13.89     0.098720 
    15.88     0.097006 
    15.81     0.097858 
    13.62     0.097138 
    15.88     0.095773 
    15.41     0.093217 
    16.17     0.093746 
    17.35     0.093511 
    17.23     0.093100 
    14.81     0.093944 
    14.61     0.093075 
    17.52     0.094090 
    16.87     0.094921 
    16.62     0.093512 
    15.47     0.093566 
    16.18     0.094797 
    16.45     0.094090 
    13.11     0.100000 
    15.81     0.100000 
    16.20     0.100000 
    15.44     0.100000 
    13.46     0.100000 
    16.47     0.100000 
    16.99     0.100000 
    14.77     0.061941 
    12.82     0.076130 
    14.44     0.100000 
    15.15     0.085008 
    10.36     0.058657 
    15.52     0.092833 
    14.86     0.100000 
    14.01     0.086473 
    18.57     0.086509 
    16.62     0.100000 
    16.95     0.100000 
    11.09     0.059299 
    13.48     0.100000 
    15.40     0.080156 
    15.80     0.082855 
    16.52     0.088216 
    15.83     0.084411 
    16.35     0.081494 
    15.96     0.100000 
    17.10     0.100000 
    13.95     0.091893 
    13.86     0.100000 
    15.74     0.097126 
    15.97     0.082199 
    14.30     0.077350 
    13.76     0.086505 
    15.73     0.081447 
    16.60     0.099700 
    15.83     0.100000 
    14.30     0.097074 
    15.23     0.087329 
    16.26     0.100000 
    15.42     0.100000 
    14.59     0.100000 
    13.03     0.075601 
    15.41     0.100000 
    16.86     0.098613 
    14.54     0.100000 
    13.26     0.073568 
    14.89     0.100000 
    16.75     0.090411 
    16.54     0.100000 
    15.27     0.083135 
    14.19     0.088937 
    10.13     0.062853 
     9.40     0.064781 
    16.44     0.099180 
    15.43     0.095366 
    14.70     0.098235 
     9.86     0.082860 
    15.32     0.077701 
    16.00     0.093884 
    16.55     0.097623 
    17.16     0.098127 
    14.49     0.086197 
    16.75     0.100000 
    12.80     0.082016 
    16.36     0.088231 
    13.55     0.100000 
    16.82     0.082489 
    16.43     0.100000 
    15.51     0.088640 
    15.95     0.092677 
    14.09     0.100000 
    14.39     0.092675 
    15.47     0.097285 
    16.10     0.096776 
    14.63     0.091304 
    14.61     0.090065 
    17.52     0.088081 
    15.66     0.090908 
    16.56     0.099792 
    16.30     0.078524 
    15.42     0.092042 
    17.56     0.081836 
    15.68     0.085149 
    16.94     0.086566 
    13.62     0.087441 
    15.23     0.084918 
    15.93     0.088021 
    15.96     0.088166 
    14.61     0.075882 
    15.08     0.081355 
    17.26     0.082582 
    15.07     0.082680 
    14.97     0.082248 
    16.64     0.082214 
    13.26     0.080973 
    15.77     0.081950 
    15.03     0.080985 
     8.60     0.081666 
    13.41     0.082513 
    16.31     0.082783 
    16.11     0.081836 
    20.80     0.040733 
    12.50     0.042649 
     8.83     0.039454 
    15.75     0.008168 
    12.37     0.041924 
    14.50     0.061938 
    16.82     0.097098 
    13.26     0.047628 
    11.37     0.042483 
    12.28     0.037893 
    16.12     0.042122 
     8.82     0.052091 
     8.46     0.043617 
    26.17     0.003215 
    12.16     0.001000 
    10.69     0.032817 
    15.10     0.033954 
    15.14     0.057235 
    16.18     0.022442 
    13.71     0.037111 
    14.46     0.071932 
     9.71     0.045927 
    12.68     0.016201 
     6.76     0.001000 
    10.85     0.039873 
    14.31     0.020545 
    13.24     0.001000 
    17.59     0.007534 
    13.41     0.038753 
    24.98     0.031229 
    11.43     0.024814 
    14.36     0.056675 
    10.77     0.032399 
    13.85     0.015469 
    15.17     0.063013 
     9.27     0.054381 
    10.91     0.057773 
     5.38     0.061172 
    15.82     0.019160 
    28.17     0.002617 
    16.51     0.028910 
     9.19     0.001000 
     8.34     0.001000 
    15.40     0.021215 
     9.30     0.001000 
     5.74     0.001000 
    15.37     0.001000 
     4.34     0.001039 
     9.14     0.001000 
    16.61     0.020467 
     2.00     0.001257 
    17.72     0.024163 
    18.20     0.009228 
     8.19     0.008683 
     9.73     0.013982 
     8.78     0.001000 
     9.94     0.022503 
    23.38     0.006008 
     7.60     0.001000 
     0.01     0.001000 
    17.43     0.001000 
    16.04     0.001000 
    34.05     0.003346 
    15.33     0.009515 
    10.09     0.001000 
    10.49     0.011363 
    26.11     0.001976 
    13.25     0.016955 
    31.75     0.003937 
     3.61     0.001000 
    12.94     0.012085 
     9.82     0.001000 
    29.36     0.002807 
     8.08     0.001000 
    14.94     0.001000 
    10.71     0.013972 
    19.71     0.011816 
    16.33     0.006907 
    10.72     0.001000 
     9.56     0.001000 
    11.43     0.001000 
     9.40     0.001000 
    -2.71     0.001000 
    30.67     0.003274 
     9.06     0.001000 
    10.13     0.001573 
    14.61     0.009261 
    26.10     0.006783 
    30.26     0.002186 
    16.73     0.006701 
    28.96     0.003602 
    30.93     0.003454 
    33.80     0.003377 
    19.81     0.004290 
    30.75     0.003521 
    25.01     0.004026 
    22.65     0.002697 
    23.28     0.002536 
    34.22     0.003295 
    22.37     0.004264 
    22.02     0.003295 
    13.47     0.001000 
    12.07     0.017229 
    12.89     0.040110 
    17.73     0.028141 
    20.81     0.024531 
    14.38     0.063005 
    16.24     0.001000 
    11.46     0.037396 
     9.43     0.001000 
    13.41     0.038758 
     6.16     0.063159 
     4.69     0.040832 
     9.30     0.014431 
    25.52     0.005780 
     5.45     0.001000 
     8.39     0.001000 
    12.82     0.001000 
     6.21     0.001000 
     8.56     0.012807 
    14.51     0.001000 
     7.13     0.001000 
     9.35     0.001411 
     8.97     0.001000 
    16.52     0.001000 
    27.29     0.005032 
    12.87     0.001000 
    17.70     0.037583 
     7.26     0.001000 
    19.96     0.043530 
     8.92     0.010246 
    14.57     0.033177 
    14.29     0.044526 
     8.74     0.056728 
    10.45     0.040751 
    10.49     0.021994 
    14.00     0.036287 
     8.06     0.049892 
    12.53     0.079674 
    16.82     0.100000 
    16.89     0.100000 
    14.33     0.100000 
    13.86     0.088047 
    18.35     0.066123 
    16.37     0.081120 
    11.72     0.085135 
    15.84     0.093361 
    15.22     0.077371 
    14.24     0.082453 
     9.09     0.054648 
     8.90     0.057705 
    15.31     0.100000 
    17.59     0.100000 
    15.27     0.100000 
    16.41     0.099384 
    16.70     0.100000 
    14.87     0.077479 
    13.38     0.089432 
    15.44     0.096232 
    16.54     0.081816 
     8.85     0.076640 
    10.75     0.073811 
    14.51     0.082944 
    14.13     0.073525 
    15.94     0.088646 
    17.29     0.100000 
    16.97     0.100000 
    15.74     0.100000 
    16.27     0.085124 
    15.28     0.100000 
    15.26     0.100000 
    16.57     0.100000 
    15.40     0.088880 
    16.36     0.094364 
    15.26     0.088976 
    15.94     0.087160 
    16.57     0.096567 
    15.89     0.085591 
    18.81     0.090743 
    13.74     0.092773 
    15.82     0.093768 
    12.43     0.093879 
    15.64     0.086620 
    14.67     0.089152 
    16.27     0.087966 
    15.51     0.087895 
    16.08     0.087169 
    16.29     0.091860 
    15.03     0.087454 
    17.09     0.093513 
    16.44     0.095861 
    16.26     0.090763 
    16.47     0.089896 
    15.67     0.090677 
    15.69     0.090071 
    16.03     0.091624 
    15.97     0.090760 
    14.35     0.091546 
    15.17     0.091245 
    14.51     0.090151 
    15.57     0.090713 
    15.41     0.090743 
    16.12     0.066567 
    15.70     0.065872 
    11.55     0.071819 
    11.73     0.058889 
    14.67     0.075596 
    15.98     0.100000 
    15.98     0.094942 
    15.01     0.100000 
    10.26     0.059644 
    15.09     0.100000 
    16.03     0.082713 
    11.18     0.051575 
    13.35     0.059975 
    16.93     0.077646 
    17.27     0.037149 
    14.20     0.078024 
     6.47     0.060704 
    12.66     0.067550 
    12.50     0.071052 
    22.90     0.008438 
    12.69     0.001000 
    18.27     0.013373 
     4.74     0.001000 
    13.42     0.021055 
    13.43     0.033639 
    19.12     0.001000 
     1.06     0.001000 
     9.44     0.001000 
     1.54     0.001000 
     7.56     0.001000 
    17.37     0.019721 
    13.77     0.025627 
    17.97     0.023645 
    11.49     0.022768 
    13.46     0.014950 
    10.78     0.019322 
    13.25     0.001000 
     5.95     0.001000 
    12.96     0.033432 
     7.43     0.001000 
     3.50     0.001000 
    16.95     0.026548 
    10.38     0.001000 
     1.71     0.001000 
    13.41     0.001000 
     2.21     0.001000 
     2.09     0.001000 
    19.05     0.009157 
    14.37     0.036318 
    10.04     0.001000 
    14.97     0.025657 
    20.79     0.001000 
    16.73     0.011522 
    12.12     0.018902 
    21.55     0.010598 
    16.97     0.017260 
    16.32     0.017062 
    13.65     0.015561 
    22.45     0.001000 
    12.00     0.001000 
    14.22     0.001000 
    11.56     0.010483 
    17.64     0.011286 
    12.00     0.001000 
    16.40     0.010539 
    13.21     0.016927 
     7.58     0.001000 
    14.40     0.001000 
    24.29     0.002642 
     9.06     0.001000 
     3.82     0.001000 
    26.45     0.006563 
     0.32     0.001000 
     7.62     0.001000 
    29.22     0.003606 
    33.10     0.003618 
    11.22     0.001000 
     1.49     0.001000 
    12.27     0.001000 
     2.60     0.001000 
    26.24     0.006476 
     9.30     0.001000 
    27.26     0.004501 
    29.34     0.003450 
     1.73     0.001000 
    21.46     0.005792 
    10.00     0.001000 
     7.88     0.001000 
    19.81     0.005363 
    24.93     0.004174 
    25.62     0.003326 
    25.33     0.002900 
    19.36     0.004344 
    26.87     0.003394 
    26.56     0.003490 
    27.14     0.004486 
    27.18     0.004314 
    22.25     0.002952 
    28.39     0.002906 
    32.49     0.003919 
    30.38     0.003618 
    20.46     0.001000 
     7.61     0.001000 
     9.32     0.046535 
     6.70     0.001646 
    22.63     0.017725 
    10.22     0.051084 
     7.05     0.011215 
    14.81     0.024918 
    25.21     0.004364 
    26.19     0.002882 
    13.55     0.013870 
    20.41     0.022603 
     9.19     0.022696 
     9.30     0.001000 
    13.20     0.029410 
     5.48     0.054762 
    15.04     0.093710 
    15.49     0.100000 
    15.82     0.100000 
    16.05     0.090839 
    12.77     0.064847 
    10.62     0.064154 
    15.47     0.097588 
    14.65     0.100000 
    16.43     0.100000 
    16.18     0.100000 
     6.31     0.061986 
    15.05     0.076009 
    15.20     0.088123 
    13.32     0.079460 
    14.68     0.083572 
    16.84     0.087707 
    14.99     0.100000 
    16.58     0.071991 
     9.73     0.045540 
    16.66     0.095900 
    15.46     0.100000 
    14.14     0.071361 
    14.88     0.041354 
    19.41     0.014858 
    17.80     0.037512 
     8.34     0.013265 
    11.35     0.057650 
    12.25     0.015357 
    18.82     0.034011 
    16.05     0.010549 
    11.59     0.017384 
     5.95     0.051548 
    14.93     0.049304 
    17.73     0.028176 
    13.39     0.046554 
    20.44     0.016334 
    16.70     0.018190 
     9.04     0.014050 
    23.05     0.005565 
    30.03     0.003203 
    13.48     0.001000 
    27.08     0.003538 
    16.20     0.013609 
    14.99     0.008146 
    16.27     0.016500 
    14.43     0.001000 
    12.08     0.011781 
    20.08     0.008944 
    17.26     0.015989 
    16.68     0.018916 
    16.74     0.019739 
    18.45     0.018916 
    17.48     0.009759 
     9.30     0.001000 
    12.22     0.008485 
    22.06     0.006846 
    21.00     0.001437 
    30.08     0.003368 
    26.15     0.002949 
    21.87     0.003906 
    13.72     0.001000 
    23.33     0.007362 
     3.16     0.001000 
    23.86     0.006029 
    18.94     0.001623 
     6.26     0.001000 
     5.19     0.001000 
    16.25     0.009235 
    19.07     0.005598 
    18.56     0.002384 
    26.68     0.004163 
    13.72     0.001000 
    19.07     0.002212 
    32.03     0.003020 
    34.67     0.002921 
    24.79     0.002967 
    21.99     0.003672 
    24.81     0.002909 
    21.94     0.002147 
    31.11     0.002945 
    29.81     0.003436 
    16.50     0.002036 
    27.18     0.003140 
    22.45     0.002782 
    23.98     0.002921 
     8.60     0.037378 
     9.74     0.016279 
    -2.80     0.001000 
     7.33     0.039051 
     8.22     0.052836 
    15.36     0.040046 
    17.50     0.086522 
    12.90     0.075290 
    14.15     0.100000 
    14.84     0.089278 
    16.37     0.100000 
    15.66     0.096290 
    15.03     0.088231 
    14.99     0.094331 
    16.21     0.072084 
    10.52     0.052599 
     9.59     0.062623 
    13.58     0.072737 
    18.00     0.045479 
     6.81     0.040633 
    15.47     0.038806 
     9.28     0.055001 
    21.23     0.016759 
    14.65     0.016956 
    12.03     0.001000 
    11.45     0.045927 
     6.44     0.042191 
    10.61     0.001000 
    17.52     0.009186 
    17.37     0.001821 
    20.51     0.001000 
    25.18     0.005879 
    15.23     0.015612 
    22.14     0.026570 
    15.69     0.030005 
    17.38     0.019025 
    17.40     0.040365 
    19.18     0.028465 
    13.43     0.037936 
    26.01     0.005711 
     7.27     0.001000 
     7.81     0.001000 
    21.67     0.005442 
    18.30     0.025447 
    15.48     0.017415 
    16.78     0.018478 
    10.94     0.015240 
    19.54     0.023266 
    12.23     0.007624 
    23.67     0.004165 
    30.56     0.005099 
    17.74     0.001000 
    15.18     0.024673 
    17.40     0.008645 
     2.61     0.001000 
    16.66     0.001000 
    19.93     0.014726 
    12.67     0.027969 
    18.88     0.015360 
    12.84     0.021368 
    17.55     0.011182 
    13.83     0.026230 
    14.74     0.022388 
    16.50     0.032388 
    10.50     0.043615 
    18.67     0.050092 
     9.18     0.061625 
     8.95     0.053765 
    12.58     0.049810 
    14.62     0.041636 
    11.14     0.059371 
    12.75     0.047549 
     8.09     0.058463 
    10.64     0.049127 
    19.48     0.039177 
    12.65     0.040401 
    19.17     0.030204 
    12.86     0.029790 
    15.74     0.032969 
    16.35     0.035831 
    13.78     0.035545 
    10.78     0.034178 
    18.75     0.036160 
    18.41     0.040504 
    12.05     0.036413 
    13.86     0.044683 
    13.82     0.037139 
    14.19     0.042386 
    15.94     0.041626 
    17.48     0.038252 
     7.35     0.037684 
     9.14     0.037617 
    12.79     0.038843 
    13.69     0.038079 
    11.31     0.038328 
    13.04     0.038426 
    15.40     0.038290 
    13.59     0.037395 
    15.07     0.038984 
    10.88     0.038871 
    17.68     0.038252 
    15.54     0.081767 
    16.18     0.100000 
    14.13     0.084935 
    15.14     0.100000 
    16.60     0.100000 
    16.44     0.100000 
    15.75     0.100000 
    10.93     0.053070 
     9.72     0.072277 
    15.78     0.100000 
    15.39     0.082762 
    15.12     0.100000 
    14.78     0.100000 
    16.56     0.091170 
    14.49     0.095972 
    11.03     0.066698 
    11.95     0.079897 
    16.57     0.100000 
    15.34     0.100000 
    14.23     0.065469 
    20.59     0.028979 
    11.87     0.044222 
    11.00     0.009375 
     8.69     0.053933 
