constructTestCases(): generating 11 specified cases ...  DONE
Procedure Optimizer.Optimize()
Oracle probabilites : disabled
Optimizer(): Simulated Annealing , Random-normalized optimality [%]
Optimizer(): config:  [[0.0], [0.4], [], 10, 10, 0.75, 0.01, 0.5, 0.01]
Optimizer(): selective:  0.000000  
Optimizer(): evals/step: 10
Optimizer(): numParams: 1 , completeRepeats: 100
MABsolver_config: algorithms: EpsGreedy , CP Disabled , CPT Davor , Reset: TODO
MABsolver_config: params: types:  Direct  Direct  Direct  Direct  
MABsolver_config: params: numInputs:  0  0  0  0  
MABsolver_config: params: weights:  [  0.100000  ]  [  2.000000  ]  [  0.000000  ]  [  5.000000  ]  
BanditTestBatch: casesIDs:  0  1  2  3  4  
BanditTestBatch: numCases: 5
BanditTestBatch: maxim sum reward: 1170.0
BanditTestBatch: random reward: 939.5

    59.75     0.100000 
    48.83     0.287188 
    51.89     0.339623 
    46.67     0.192668 
    57.24     0.132098 
    49.46     0.028113 
    30.86     0.038653 
     9.28     0.000000 
    64.21     0.168130 
    54.48     0.243337 
    52.97     0.149984 
    38.54     0.193637 
    38.86     0.053740 
    49.97     0.132418 
    12.89     0.000000 
    50.93     0.296292 
    41.24     0.309427 
    48.74     0.199455 
    48.71     0.031095 
    52.72     0.072297 
    52.78     0.133770 
    42.56     0.285987 
    29.14     0.400000 
    38.48     0.400000 
    48.02     0.289968 
    38.42     0.350627 
    43.12     0.187330 
    53.40     0.151061 
    70.72     0.112654 
     5.44     0.000000 
    51.76     0.094759 
    37.40     0.146912 
     8.97     0.000000 
    37.92     0.016945 
    43.22     0.074668 
    37.99     0.052159 
    49.92     0.146713 
    52.22     0.132473 
    42.98     0.212787 
    54.49     0.252601 
    36.57     0.378898 
    31.36     0.400000 
    31.98     0.400000 
    39.64     0.398000 
    33.95     0.393208 
    40.17     0.367495 
    56.26     0.267990 
    56.17     0.256703 
    41.16     0.323705 
    57.93     0.274937 
    43.55     0.260768 
    42.81     0.230820 
    39.48     0.250960 
    50.60     0.252005 
    43.15     0.316931 
    47.22     0.222063 
    47.40     0.180360 
    46.82     0.255419 
    51.90     0.197920 
    59.89     0.227042 
    53.85     0.187054 
    58.45     0.182413 
    54.83     0.160145 
    59.22     0.184225 
    52.00     0.146424 
    51.52     0.126127 
    49.90     0.224480 
    54.46     0.179763 
    39.75     0.253502 
    52.57     0.247980 
    52.90     0.236303 
    41.50     0.226754 
    50.43     0.205602 
    49.34     0.266577 
    45.26     0.241308 
    41.99     0.205009 
    47.80     0.219624 
    51.08     0.243201 
    51.17     0.272085 
    39.16     0.260778 
    49.84     0.257492 
    56.94     0.253533 
    49.83     0.263310 
    63.10     0.233105 
    40.83     0.241439 
    45.01     0.222487 
    58.83     0.209822 
    35.50     0.231999 
    42.22     0.231993 
    44.08     0.230744 
    50.85     0.245190 
    54.66     0.230411 
    43.73     0.232596 
    49.21     0.236516 
    45.81     0.230089 
    55.01     0.232582 
    45.60     0.230712 
    49.79     0.233088 
    46.34     0.230097 
    57.03     0.233836 
    53.21     0.232515 
    39.68     0.233105 
    64.28     0.049534 
    10.58     0.000000 
    44.26     0.224850 
     8.78     0.000000 
    46.77     0.210902 
    54.95     0.035470 
    31.45     0.034672 
    43.06     0.086506 
    49.38     0.180318 
    50.48     0.256255 
    60.01     0.182318 
    50.92     0.096182 
    43.55     0.297672 
    48.84     0.300650 
    42.61     0.400000 
    43.66     0.400000 
    50.14     0.338135 
    42.95     0.378632 
    41.82     0.400000 
    43.39     0.400000 
    48.83     0.341663 
    47.25     0.400000 
    53.32     0.281688 
    43.12     0.281143 
    51.97     0.235789 
    47.72     0.106536 
    34.57     0.015171 
    44.52     0.080368 
    12.52     0.000000 
    53.59     0.118208 
    52.03     0.246436 
    53.02     0.140816 
    52.48     0.141180 
    41.96     0.061314 
    46.44     0.065469 
    50.95     0.102349 
    50.76     0.043589 
    61.20     0.075799 
    57.20     0.128649 
    34.16     0.237014 
    55.87     0.124343 
    59.25     0.048756 
    36.12     0.020699 
    50.94     0.119847 
    50.71     0.077606 
     5.98     0.000000 
    14.56     0.000000 
    40.14     0.093546 
    37.95     0.056032 
    33.56     0.013148 
    11.60     0.000000 
    59.17     0.164227 
    52.83     0.161338 
    51.37     0.147033 
    55.12     0.077611 
    48.61     0.035712 
    51.82     0.064712 
    42.23     0.156679 
    52.52     0.032058 
     8.88     0.000000 
    62.64     0.085895 
    55.62     0.063338 
    59.05     0.104924 
    47.46     0.082557 
    52.55     0.071137 
    67.89     0.053632 
    53.68     0.108643 
    63.77     0.051005 
    22.16     0.004015 
    26.54     0.026758 
    57.10     0.060442 
    53.37     0.092641 
    43.89     0.061867 
    56.23     0.093354 
    28.44     0.050205 
    47.51     0.045961 
    59.53     0.053596 
    11.28     0.010593 
    65.16     0.039574 
    26.43     0.009616 
    44.79     0.077708 
    41.82     0.054188 
    40.48     0.029964 
    55.31     0.040890 
    49.34     0.060450 
    58.44     0.054047 
    44.75     0.035423 
    61.58     0.066514 
    29.06     0.046951 
    36.44     0.030737 
    41.40     0.056900 
    44.53     0.056764 
    47.08     0.053723 
    47.86     0.055896 
    48.46     0.054271 
    41.08     0.050671 
    51.48     0.051093 
    52.80     0.057309 
    34.43     0.055067 
    51.04     0.050334 
    38.22     0.053632 
    54.79     0.166808 
    40.16     0.310461 
    35.59     0.400000 
    39.31     0.396642 
    44.50     0.268145 
    34.43     0.400000 
    64.42     0.180236 
    45.28     0.075879 
    22.08     0.010330 
    42.93     0.037922 
    42.08     0.197566 
    49.42     0.124358 
    46.06     0.072919 
    51.01     0.064043 
    59.60     0.126329 
     7.87     0.000000 
    42.80     0.053141 
    48.95     0.218605 
    42.92     0.347667 
    48.09     0.334842 
    44.00     0.260124 
    33.24     0.396639 
    41.84     0.335676 
    50.56     0.334979 
    47.51     0.251266 
    50.72     0.111543 
    46.04     0.075736 
     6.48     0.000000 
    10.74     0.000000 
    48.41     0.167919 
    54.16     0.214204 
    61.21     0.083861 
    51.04     0.048022 
    53.42     0.144912 
    36.38     0.016285 
    60.75     0.091212 
    55.83     0.166318 
    55.23     0.125763 
    41.26     0.185826 
    48.98     0.177017 
    53.73     0.152232 
    56.88     0.164307 
    44.73     0.249616 
    44.56     0.202720 
    55.72     0.190683 
    43.28     0.109196 
    48.64     0.237143 
    36.70     0.296420 
    52.63     0.231515 
    50.48     0.256668 
    54.77     0.213640 
    45.16     0.304182 
    48.84     0.331609 
    36.35     0.386415 
    55.18     0.288419 
    42.29     0.288436 
    50.68     0.318491 
    51.29     0.275151 
    45.61     0.264793 
    52.89     0.193427 
    56.54     0.177475 
    53.84     0.182727 
    42.55     0.169918 
    45.59     0.212328 
    42.07     0.174596 
    44.49     0.251468 
    53.87     0.145979 
    50.81     0.211606 
    46.59     0.151556 
    55.86     0.223786 
    46.74     0.227616 
    47.60     0.222641 
    43.30     0.197907 
    47.86     0.202750 
    57.62     0.189303 
    51.29     0.236328 
    56.63     0.224092 
    50.31     0.217030 
    51.47     0.228654 
    58.22     0.195247 
    46.32     0.203867 
    53.72     0.218694 
    61.18     0.209994 
    53.95     0.212694 
    56.83     0.197698 
    57.32     0.187967 
    62.74     0.191179 
    54.57     0.211121 
    49.43     0.195673 
    50.09     0.206590 
    57.98     0.188092 
    57.76     0.192821 
    43.04     0.188336 
    47.39     0.190988 
    43.06     0.189464 
    59.08     0.191996 
    53.24     0.194842 
    44.28     0.194653 
    51.65     0.192242 
    60.00     0.190432 
    43.22     0.190432 
    42.96     0.132832 
     6.25     0.000000 
    55.11     0.249673 
    42.28     0.378988 
    57.11     0.256695 
    49.38     0.191388 
    35.85     0.290512 
    57.00     0.144293 
    49.96     0.163901 
    49.32     0.341855 
    53.08     0.269705 
    42.62     0.250926 
    43.21     0.330083 
    38.86     0.400000 
    48.78     0.256988 
    39.25     0.166222 
    45.32     0.105907 
    45.29     0.207198 
    52.50     0.191155 
    25.88     0.345316 
    34.65     0.287101 
    45.67     0.180352 
    54.27     0.253063 
    51.42     0.181537 
    48.84     0.165624 
    49.65     0.165736 
    41.58     0.093001 
    44.89     0.085841 
    55.03     0.171151 
    37.28     0.251109 
    54.53     0.180722 
    62.45     0.192165 
    46.36     0.132077 
    56.83     0.097878 
    53.56     0.034378 
     5.83     0.000000 
    50.96     0.040149 
    40.74     0.059025 
    48.90     0.093823 
    50.29     0.171845 
    45.00     0.243556 
    52.38     0.177427 
    49.00     0.228628 
    50.32     0.186816 
    50.95     0.099538 
    55.83     0.076909 
    55.87     0.164824 
    48.78     0.084727 
    52.08     0.053146 
    46.76     0.225429 
    59.35     0.198249 
    55.28     0.251327 
    58.50     0.264402 
    49.71     0.307991 
    51.55     0.268730 
    43.62     0.218610 
    40.65     0.268930 
    42.64     0.335648 
    43.15     0.302515 
    50.23     0.201170 
    48.06     0.162451 
    55.64     0.105455 
    49.71     0.049785 
    57.78     0.154610 
    67.64     0.145762 
    38.69     0.187541 
    44.12     0.126400 
    56.15     0.165399 
    48.61     0.114854 
    47.79     0.197522 
    48.68     0.180947 
    51.60     0.128202 
    49.47     0.112948 
    53.60     0.120106 
    50.96     0.118940 
    47.70     0.165453 
    57.98     0.166151 
    59.56     0.147903 
    70.27     0.190235 
    53.96     0.208169 
    44.45     0.207535 
    67.17     0.188775 
    64.16     0.201109 
    55.38     0.181483 
    49.57     0.182468 
    52.46     0.172331 
    65.84     0.180945 
    48.14     0.215013 
    50.10     0.207730 
    56.04     0.204638 
    54.21     0.187546 
    51.77     0.191157 
    49.52     0.187166 
    46.78     0.190988 
    40.97     0.192133 
    50.95     0.192627 
    49.11     0.188541 
    48.93     0.186911 
    52.89     0.189153 
    40.56     0.193794 
    48.52     0.190235 
    59.52     0.033121 
     4.57     0.000000 
    37.30     0.014044 
    56.27     0.118169 
    27.79     0.004157 
    14.33     0.000000 
    10.78     0.000000 
    58.64     0.179058 
    40.99     0.110697 
    59.65     0.110374 
    59.84     0.109751 
    47.12     0.191793 
    39.06     0.281690 
    43.75     0.267468 
    45.72     0.261271 
    52.84     0.100988 
    49.11     0.130329 
    38.46     0.073226 
    49.91     0.102088 
    51.14     0.147912 
    37.98     0.090033 
    51.31     0.192582 
    43.94     0.296683 
    47.32     0.281306 
    55.22     0.125011 
    50.57     0.158713 
    51.63     0.048104 
    57.32     0.051417 
    46.51     0.161302 
    63.17     0.095600 
    49.36     0.127171 
    24.78     0.016685 
    44.44     0.065423 
    45.11     0.090700 
    13.40     0.000000 
    49.20     0.159007 
    50.65     0.270083 
    44.79     0.218300 
    42.62     0.140749 
    54.51     0.254058 
    41.50     0.239005 
    57.12     0.153859 
    52.19     0.256294 
    40.27     0.068279 
    54.32     0.175182 
    56.38     0.106798 
    46.06     0.193964 
    61.40     0.118535 
    46.47     0.151181 
    47.32     0.068654 
    44.80     0.098718 
    46.67     0.035172 
    28.98     0.007649 
    40.01     0.038633 
     8.60     0.000000 
    56.72     0.064390 
    47.73     0.106751 
    54.03     0.112267 
    31.86     0.027955 
    47.42     0.069678 
    53.75     0.123023 
    63.09     0.098499 
    51.41     0.038509 
    49.73     0.077643 
    42.86     0.146556 
    38.37     0.078855 
    45.89     0.157633 
    50.66     0.113610 
    49.33     0.054792 
    44.33     0.073394 
    55.03     0.089889 
    56.55     0.084949 
    55.73     0.134433 
    52.11     0.096211 
    46.06     0.058680 
    59.88     0.128056 
    50.49     0.117409 
    45.97     0.119192 
    59.76     0.090849 
    56.85     0.081943 
    55.24     0.116502 
    53.91     0.098096 
    50.68     0.112925 
    55.74     0.139970 
    46.25     0.145705 
    43.28     0.126042 
    47.19     0.153640 
    32.38     0.151331 
    53.70     0.136468 
    44.63     0.135342 
    42.84     0.137688 
    52.30     0.139646 
    42.70     0.138403 
    60.16     0.136298 
    45.00     0.134653 
    58.07     0.134394 
    45.84     0.139814 
    42.30     0.134593 
    52.69     0.134016 
    54.80     0.135283 
    55.33     0.136298 
    50.07     0.319516 
    38.90     0.351639 
    43.32     0.400000 
    47.60     0.374065 
    41.26     0.400000 
    43.16     0.369264 
    45.70     0.361274 
    40.60     0.400000 
    44.57     0.336843 
    33.32     0.392243 
    50.76     0.352683 
    50.02     0.400000 
    42.22     0.400000 
    33.99     0.400000 
    45.08     0.275052 
    32.88     0.400000 
    47.70     0.289596 
    51.57     0.400000 
    35.73     0.400000 
    37.34     0.400000 
    35.90     0.400000 
    43.66     0.340196 
    43.93     0.271678 
    42.51     0.278565 
    46.75     0.361796 
    48.32     0.400000 
    40.32     0.400000 
    43.80     0.400000 
    41.08     0.299289 
    34.08     0.400000 
    47.57     0.400000 
    53.81     0.281279 
    45.34     0.283270 
    35.36     0.390960 
    38.08     0.343258 
    48.58     0.400000 
    39.08     0.343966 
    34.80     0.400000 
    39.03     0.400000 
    32.76     0.400000 
    39.98     0.380133 
    48.12     0.299067 
    39.26     0.339410 
    36.17     0.325382 
    39.43     0.400000 
    36.53     0.400000 
    49.52     0.308614 
    55.85     0.235710 
    57.38     0.165458 
    48.37     0.194463 
    58.17     0.087829 
    36.67     0.012234 
    26.55     0.021930 
    53.00     0.094659 
    47.26     0.166412 
    51.69     0.120025 
    43.90     0.159757 
    31.20     0.034218 
    55.92     0.160929 
    39.94     0.073310 
    53.63     0.140023 
    39.48     0.045440 
    38.08     0.028630 
    48.66     0.069117 
    57.25     0.059292 
    66.84     0.097412 
    45.45     0.063713 
    51.93     0.118884 
    43.04     0.067706 
    54.64     0.077978 
    52.77     0.084527 
    52.97     0.129939 
    37.01     0.107540 
    48.25     0.144688 
    43.25     0.124039 
    45.81     0.079897 
    53.47     0.129855 
    47.12     0.067244 
    59.95     0.136144 
    52.86     0.091157 
    54.46     0.075076 
    53.66     0.119760 
    65.84     0.096323 
    63.06     0.074729 
    59.02     0.079620 
    59.48     0.103712 
    52.27     0.093496 
    58.90     0.114619 
    54.29     0.073086 
    50.48     0.111277 
    54.48     0.099552 
    55.34     0.097828 
    55.46     0.095812 
    40.09     0.094753 
    56.75     0.094294 
    48.36     0.093848 
    46.96     0.098863 
    49.31     0.096029 
    47.01     0.100791 
    47.46     0.099607 
    44.48     0.097412 
    17.39     0.000000 
    42.09     0.047546 
    42.82     0.039050 
    51.80     0.185296 
    40.49     0.337169 
    48.55     0.067529 
    62.26     0.129291 
    40.92     0.055998 
     3.29     0.000000 
    23.84     0.003186 
    45.82     0.170915 
    45.06     0.186757 
    47.61     0.171035 
    52.27     0.110938 
    45.77     0.259461 
    47.12     0.267498 
    42.23     0.282655 
    42.25     0.400000 
    39.27     0.400000 
    36.14     0.400000 
    42.53     0.354100 
    39.21     0.400000 
    37.94     0.277249 
    64.00     0.192080 
    55.16     0.258800 
    52.31     0.281591 
    57.22     0.293171 
    42.58     0.187997 
    43.54     0.294112 
    38.93     0.367436 
    39.05     0.400000 
    34.49     0.328609 
    42.21     0.375110 
    41.36     0.396204 
    40.95     0.400000 
    38.74     0.400000 
    49.92     0.349296 
    42.72     0.257318 
    52.45     0.134755 
    54.20     0.261621 
    52.22     0.266597 
    57.02     0.199002 
    36.35     0.128940 
    51.60     0.098633 
    48.58     0.032229 
    26.33     0.014589 
    50.59     0.102664 
    27.69     0.008236 
    45.08     0.029534 
    26.00     0.079124 
    52.24     0.169128 
    52.36     0.150328 
    58.24     0.238551 
    37.53     0.318491 
    52.09     0.162642 
    66.59     0.129281 
    49.48     0.167501 
    56.29     0.208922 
    51.64     0.264437 
    49.57     0.241949 
    60.78     0.216172 
    60.31     0.210513 
    48.96     0.160281 
    48.41     0.247893 
    49.50     0.151068 
    50.54     0.200720 
    46.36     0.276412 
    42.79     0.221098 
    49.20     0.173661 
    53.20     0.268912 
    44.10     0.290753 
    45.32     0.256703 
    45.74     0.304992 
    45.65     0.276981 
    40.33     0.247179 
    37.91     0.303619 
    42.57     0.239918 
    55.80     0.254621 
    44.48     0.231395 
    47.45     0.224814 
    62.53     0.238064 
    52.31     0.251339 
    60.28     0.230833 
    48.57     0.205594 
    40.96     0.236393 
    46.69     0.233206 
    46.04     0.254323 
    46.42     0.254954 
    59.02     0.236083 
    48.05     0.247442 
    50.75     0.229010 
    47.18     0.234417 
    57.29     0.226839 
    44.75     0.229477 
    46.60     0.230484 
    40.33     0.231882 
    60.14     0.228564 
    46.29     0.229603 
    59.90     0.227409 
    50.61     0.226997 
    51.45     0.227409 
    51.49     0.320905 
    38.29     0.400000 
    33.52     0.400000 
    45.09     0.308479 
    46.08     0.382965 
    62.43     0.155683 
    38.99     0.335087 
    48.20     0.100765 
    64.96     0.156846 
    47.27     0.263058 
    17.37     0.005673 
    40.61     0.056264 
    48.95     0.073292 
    53.31     0.320168 
    50.28     0.317406 
    40.98     0.400000 
    49.23     0.256063 
    50.40     0.214798 
    42.94     0.233459 
    55.68     0.132482 
    63.52     0.122152 
    46.16     0.126441 
    45.56     0.073296 
    12.41     0.000000 
    29.58     0.019902 
    52.28     0.184275 
    51.85     0.235438 
    46.54     0.302605 
    49.71     0.245573 
    55.48     0.157620 
    54.18     0.209550 
    58.50     0.082783 
    51.15     0.163495 
    58.39     0.186156 
    54.41     0.260256 
    40.58     0.188990 
    48.94     0.205496 
    57.97     0.151074 
    51.90     0.176548 
    51.60     0.216663 
    49.63     0.046903 
    54.36     0.130502 
    54.82     0.183164 
    58.16     0.225050 
    45.88     0.187680 
    56.28     0.137169 
    56.02     0.148588 
    41.08     0.182536 
    49.26     0.110303 
    58.96     0.088913 
    45.40     0.046050 
    56.68     0.077260 
    41.18     0.059975 
    50.89     0.028445 
    49.46     0.107429 
    52.95     0.159882 
    37.41     0.127411 
    52.90     0.241397 
    53.94     0.176988 
    61.22     0.127361 
    60.27     0.177386 
    60.51     0.225842 
    40.17     0.276736 
    58.49     0.221160 
    47.31     0.258600 
    53.12     0.171460 
    50.44     0.236602 
    49.59     0.280669 
    36.15     0.158504 
    49.64     0.185856 
    53.90     0.227483 
    48.26     0.249009 
    55.71     0.254037 
    51.83     0.251157 
    52.01     0.205104 
    50.61     0.258919 
    59.62     0.204303 
    53.39     0.157472 
    52.52     0.158243 
    67.34     0.185454 
    43.97     0.206390 
    45.49     0.194240 
    42.17     0.210553 
    54.42     0.173109 
    57.56     0.174974 
    53.32     0.207654 
    45.66     0.210953 
    47.92     0.208276 
    58.24     0.180866 
    47.09     0.168703 
    50.80     0.182450 
    46.58     0.184376 
    39.66     0.188290 
    42.90     0.186180 
    45.50     0.186663 
    40.95     0.187842 
    53.92     0.189267 
    61.57     0.182562 
    50.82     0.185795 
    48.95     0.186926 
    59.58     0.185454 
    39.89     0.056255 
    35.74     0.015635 
    48.36     0.029530 
    57.89     0.151195 
    17.98     0.000000 
    39.86     0.322190 
    43.03     0.189516 
    39.05     0.379240 
    42.72     0.353730 
    38.53     0.400000 
    39.80     0.400000 
    36.80     0.400000 
    41.56     0.336848 
    41.26     0.400000 
    46.74     0.400000 
    42.50     0.287383 
    43.81     0.186917 
    66.72     0.250849 
    37.09     0.357012 
    50.78     0.261490 
    50.43     0.351571 
    45.00     0.400000 
    52.01     0.338168 
    48.24     0.242534 
    39.89     0.217246 
    44.17     0.347637 
    50.93     0.335243 
    51.73     0.333779 
    47.02     0.273270 
    44.44     0.343078 
    52.87     0.304705 
    46.56     0.348598 
    46.32     0.241617 
    53.78     0.127574 
    48.36     0.075647 
    37.91     0.238028 
    48.84     0.230529 
    35.63     0.022876 
    41.72     0.082745 
    12.84     0.000000 
    31.28     0.041129 
    56.47     0.126979 
    46.81     0.161673 
    55.26     0.145995 
    54.96     0.165860 
    61.16     0.108526 
    41.17     0.017953 
    52.45     0.154124 
    43.52     0.203253 
    43.08     0.203057 
    39.84     0.078749 
    51.60     0.140882 
    39.11     0.067768 
    53.98     0.168386 
    22.41     0.074927 
    47.18     0.074026 
    60.81     0.130925 
    46.58     0.128771 
    61.29     0.074026 
    44.08     0.091031 
    25.95     0.008957 
    28.88     0.006309 
    47.45     0.039036 
    53.60     0.050851 
    53.59     0.110567 
    50.39     0.110002 
    40.46     0.069494 
    52.11     0.101814 
    62.24     0.060603 
    51.21     0.057487 
    64.59     0.061279 
    48.68     0.101044 
    40.32     0.058486 
    58.74     0.051082 
    51.85     0.073276 
    57.32     0.084540 
    44.24     0.045594 
    30.62     0.028764 
    40.67     0.031197 
    40.30     0.041407 
    48.56     0.077112 
    57.85     0.065237 
    54.04     0.051871 
    61.29     0.084126 
    45.96     0.054729 
    44.88     0.057933 
    49.33     0.084872 
    43.72     0.040643 
    47.41     0.040721 
    48.82     0.076671 
    37.22     0.057798 
    65.33     0.059185 
    34.75     0.056185 
    46.39     0.058280 
    40.56     0.060818 
    37.35     0.059181 
    42.77     0.055569 
    50.74     0.060417 
    65.24     0.061495 
    55.45     0.065469 
    47.86     0.061495 
    44.54     0.178471 
    41.80     0.088163 
    53.72     0.127972 
    42.73     0.298488 
    49.12     0.233008 
    52.42     0.114904 
    54.38     0.276085 
    31.07     0.400000 
    42.81     0.400000 
    55.80     0.206032 
    42.80     0.238931 
    49.65     0.260792 
    59.80     0.169951 
    51.59     0.224200 
    52.83     0.131681 
    51.66     0.205245 
    36.10     0.219693 
    43.47     0.342775 
    46.90     0.040546 
    52.49     0.144838 
    45.55     0.299133 
    50.51     0.228240 
    38.72     0.311087 
    51.67     0.097317 
     7.87     0.000000 
    45.76     0.086464 
    48.74     0.196797 
    54.40     0.104939 
    11.28     0.000000 
    50.60     0.108717 
    52.02     0.184464 
    42.89     0.222314 
    53.24     0.175748 
    54.62     0.306450 
    52.71     0.243861 
    51.56     0.203012 
    59.34     0.130061 
    51.02     0.115361 
    41.73     0.040747 
    48.01     0.231188 
    55.43     0.171064 
    57.81     0.111557 
    47.94     0.077301 
    49.10     0.133548 
    52.00     0.101447 
    41.68     0.019711 
    35.24     0.013991 
    40.79     0.208086 
    34.04     0.012333 
    47.16     0.077121 
    39.32     0.057407 
    53.93     0.047352 
    45.06     0.026596 
     7.97     0.000000 
    13.26     0.000000 
    -1.10     0.000000 
     5.30     0.000000 
    44.57     0.062080 
    62.16     0.115723 
    47.70     0.027593 
    49.84     0.123335 
    38.60     0.081495 
    50.71     0.112211 
    41.95     0.096309 
    50.56     0.053084 
    53.78     0.058812 
    54.91     0.146524 
    48.37     0.104601 
    51.68     0.093937 
    53.67     0.125835 
    44.45     0.107143 
    56.15     0.085801 
    51.64     0.080733 
    52.58     0.118548 
    44.48     0.070101 
    55.97     0.071809 
    54.72     0.150346 
    63.52     0.100577 
    59.17     0.116555 
    43.00     0.089577 
    43.95     0.081923 
    50.72     0.076121 
    67.49     0.100255 
    73.32     0.094023 
    47.43     0.069929 
    56.60     0.091484 
    56.44     0.099088 
    51.52     0.082739 
    54.70     0.090058 
    53.43     0.098524 
    59.91     0.093754 
    53.38     0.095733 
    51.67     0.095332 
    48.97     0.091046 
    49.92     0.091851 
    44.07     0.092964 
    59.05     0.091076 
    56.26     0.093940 
    52.01     0.091558 
    40.65     0.090589 
    47.91     0.094023 
    45.00     0.044327 
    10.52     0.000000 
     6.38     0.000000 
    56.56     0.135924 
    52.61     0.088722 
     6.40     0.000000 
    51.72     0.125778 
    64.31     0.073192 
     6.81     0.000000 
    28.47     0.003034 
    36.52     0.029456 
     6.92     0.000000 
    40.84     0.229846 
    16.92     0.000000 
     7.30     0.000000 
    10.87     0.000000 
    43.78     0.089076 
     6.79     0.000000 
    49.14     0.212515 
    55.55     0.106519 
    41.79     0.048516 
     5.48     0.000000 
    11.43     0.000000 
    40.92     0.100889 
    54.13     0.112707 
     0.64     0.000000 
    36.09     0.009477 
    46.84     0.165796 
    61.43     0.081129 
    52.46     0.088777 
    52.53     0.105985 
    19.92     0.007057 
    47.12     0.070198 
    45.75     0.144387 
    55.97     0.117813 
    49.83     0.097591 
    48.93     0.193115 
    60.83     0.076213 
    15.24     0.000000 
    44.32     0.057199 
    30.90     0.031808 
    20.45     0.021259 
    50.11     0.061834 
    55.99     0.125762 
    45.14     0.130625 
    45.86     0.034045 
    47.73     0.156610 
    35.96     0.060695 
     9.74     0.000000 
    12.28     0.000000 
    47.72     0.074577 
    38.77     0.017813 
    26.28     0.013315 
    54.26     0.026287 
    50.00     0.058961 
     6.99     0.000000 
    48.12     0.076651 
    59.12     0.103139 
    41.80     0.123409 
    32.28     0.023666 
    47.41     0.151762 
    50.16     0.106166 
    50.93     0.059006 
    50.54     0.075297 
    47.55     0.112801 
    51.67     0.157504 
    44.72     0.069529 
    54.36     0.109020 
    49.16     0.036881 
    14.88     0.002407 
    43.73     0.083283 
    37.66     0.012882 
    48.06     0.055317 
    55.00     0.034250 
    71.06     0.073201 
    48.02     0.112479 
    54.16     0.070936 
    44.35     0.061551 
    49.01     0.051850 
    51.13     0.037812 
    60.70     0.056122 
    56.78     0.062653 
    44.11     0.053468 
    43.57     0.080588 
    52.08     0.076079 
    51.03     0.054199 
    56.90     0.072741 
    52.47     0.096386 
    48.27     0.090956 
    41.99     0.053596 
    39.93     0.073095 
    55.24     0.070775 
    62.71     0.069406 
    41.28     0.073497 
    63.89     0.070615 
    46.84     0.070461 
    43.72     0.069730 
    51.26     0.069818 
    61.66     0.076290 
    57.18     0.076100 
    43.40     0.073201 
     6.93     0.000000 
    -1.09     0.000000 
    48.46     0.094603 
    50.98     0.180262 
    56.14     0.090330 
    19.11     0.000000 
    42.09     0.187263 
    40.55     0.356496 
    33.75     0.400000 
    43.93     0.400000 
    44.54     0.285753 
    47.50     0.119811 
    44.93     0.226038 
    36.84     0.074925 
    54.63     0.160639 
    45.06     0.331818 
    53.02     0.243670 
    54.30     0.140129 
    50.47     0.304637 
    45.62     0.261298 
    47.32     0.154885 
    54.52     0.224254 
    46.06     0.282949 
    49.92     0.332930 
    52.96     0.200982 
    47.66     0.134177 
    48.22     0.035306 
    44.06     0.050089 
    42.77     0.203785 
    47.62     0.080198 
    43.53     0.048236 
    37.17     0.012897 
    52.15     0.105282 
     8.62     0.000000 
    61.10     0.067043 
    20.53     0.000000 
    50.41     0.197242 
     9.06     0.000000 
    56.05     0.162330 
    50.04     0.194998 
    52.20     0.225952 
    40.82     0.213733 
    42.21     0.214718 
    41.71     0.249951 
    48.98     0.221366 
    47.63     0.164710 
    62.22     0.197492 
    52.42     0.146410 
    47.85     0.210875 
    49.65     0.199277 
    58.35     0.198628 
    59.28     0.223248 
    57.37     0.143010 
    58.57     0.190625 
    47.76     0.167649 
    50.99     0.112187 
    43.67     0.165835 
    56.11     0.167778 
    50.19     0.208343 
    49.88     0.226774 
    49.41     0.145327 
    44.13     0.194385 
    49.37     0.127910 
    51.80     0.117281 
    57.07     0.159590 
    39.84     0.128824 
    45.35     0.100912 
    49.33     0.139612 
    48.64     0.128600 
    57.14     0.138063 
    45.09     0.107396 
    51.86     0.145081 
    42.77     0.177131 
    47.84     0.166786 
    50.68     0.130553 
    56.87     0.108854 
    45.24     0.095731 
    59.66     0.094694 
    45.54     0.054313 
    49.24     0.075293 
    53.39     0.078099 
    60.02     0.053060 
    44.79     0.052177 
    46.87     0.062519 
    41.19     0.029954 
    44.38     0.044164 
    43.78     0.033076 
    49.08     0.044488 
    39.55     0.071913 
    68.26     0.076575 
    59.91     0.079362 
    49.28     0.074305 
    47.85     0.073365 
    53.04     0.079646 
    48.68     0.080498 
    38.13     0.076692 
    42.88     0.078728 
    50.82     0.080365 
    52.33     0.080063 
    41.77     0.072710 
    37.73     0.076575 
     8.16     0.000000 
    43.61     0.055346 
    16.17     0.000000 
    20.68     0.000000 
    51.60     0.047554 
    16.54     0.000000 
     4.51     0.000000 
    47.04     0.098570 
     8.61     0.000000 
    16.99     0.000000 
    12.62     0.000000 
    24.66     0.015297 
    46.06     0.081933 
    41.54     0.115835 
    45.13     0.041754 
    12.04     0.000000 
    11.87     0.000000 
    15.02     0.000000 
    11.77     0.000000 
    19.72     0.000000 
    14.89     0.000000 
    39.76     0.017461 
    19.64     0.006372 
    45.04     0.046888 
    29.99     0.041192 
    19.63     0.000000 
    20.43     0.000000 
    51.26     0.098984 
    52.13     0.122137 
    58.40     0.274663 
    45.32     0.247572 
    43.95     0.173206 
    41.57     0.050691 
    30.89     0.024561 
    31.44     0.013826 
    49.35     0.072080 
    49.20     0.178765 
    47.91     0.200536 
    51.44     0.073931 
    48.04     0.086593 
    47.40     0.186189 
    39.71     0.296187 
    47.53     0.261652 
    45.15     0.330964 
    33.48     0.400000 
    48.99     0.243852 
    49.38     0.254338 
    45.38     0.303690 
    40.92     0.351259 
    40.62     0.387842 
    39.60     0.342592 
    52.69     0.354411 
    48.04     0.276979 
    40.34     0.359273 
    50.14     0.360665 
    43.58     0.274991 
    47.19     0.327802 
    38.05     0.302050 
    46.51     0.368373 
    29.45     0.384297 
    46.09     0.400000 
    49.87     0.400000 
    43.07     0.400000 
    38.93     0.400000 
    38.44     0.400000 
    42.69     0.400000 
    51.06     0.400000 
    31.14     0.400000 
    29.80     0.400000 
    46.96     0.352707 
    44.48     0.400000 
    38.04     0.374840 
    47.26     0.367156 
    39.24     0.354840 
    38.63     0.385788 
    56.99     0.388837 
    45.49     0.350352 
    34.18     0.384071 
    40.55     0.400000 
    41.76     0.377506 
    30.95     0.400000 
    57.80     0.369162 
    45.58     0.360158 
    41.59     0.361757 
    38.43     0.381422 
    32.96     0.355765 
    41.70     0.355018 
    51.21     0.373340 
    43.96     0.363665 
    36.98     0.357945 
    51.73     0.369147 
    44.19     0.370393 
    45.57     0.365163 
    30.68     0.371597 
    42.72     0.367991 
    40.08     0.366011 
    39.99     0.369576 
    34.17     0.365509 
    46.69     0.372742 
    47.68     0.371930 
    47.84     0.371930 
    50.35     0.277777 
    48.19     0.234247 
    48.45     0.160190 
    55.60     0.166688 
    41.09     0.238212 
    54.41     0.310976 
    43.04     0.236797 
    54.04     0.182004 
    38.45     0.324477 
    58.95     0.141712 
    30.86     0.025762 
    45.58     0.027414 
    63.81     0.113359 
    52.86     0.265822 
    47.86     0.049534 
    12.80     0.000000 
    55.50     0.163728 
    50.24     0.262534 
    47.24     0.229527 
    45.55     0.065524 
    10.84     0.000000 
    60.88     0.197354 
    49.16     0.051041 
    51.77     0.062430 
    44.25     0.212682 
    43.41     0.312494 
    38.37     0.221455 
    39.44     0.175483 
    53.65     0.286367 
    49.31     0.133888 
    49.46     0.091995 
    13.30     0.000000 
    51.24     0.090671 
    46.48     0.195890 
    46.75     0.254519 
    55.71     0.192350 
    49.57     0.158736 
    39.04     0.091332 
    56.75     0.125180 
    37.30     0.029373 
    57.20     0.100690 
    36.17     0.172785 
    50.08     0.027164 
    49.44     0.045943 
    42.48     0.051473 
    58.78     0.102585 
    52.81     0.055795 
    49.08     0.117652 
    44.84     0.113750 
    57.38     0.040460 
    50.89     0.076171 
    60.37     0.126691 
    54.71     0.134984 
    47.58     0.207299 
    53.17     0.168328 
    48.03     0.041907 
    49.63     0.204795 
    48.48     0.208182 
    53.34     0.145308 
    56.64     0.086337 
    49.63     0.083835 
    59.09     0.171138 
    48.52     0.170367 
    46.26     0.215105 
    49.79     0.183290 
    56.84     0.141036 
    49.84     0.091779 
    60.11     0.145873 
    42.93     0.101232 
    46.17     0.103699 
    51.62     0.130293 
    45.10     0.123523 
    42.26     0.117969 
    45.54     0.105463 
    41.88     0.140982 
    57.63     0.162591 
    47.18     0.206934 
    51.50     0.174581 
    57.61     0.204293 
    52.05     0.234633 
    37.21     0.178861 
    58.08     0.193357 
    63.76     0.206819 
    54.97     0.185346 
    43.71     0.184105 
    55.28     0.210896 
    48.32     0.213905 
    57.55     0.183275 
    44.95     0.195882 
    44.32     0.195656 
    38.68     0.207274 
    46.87     0.207573 
    49.11     0.203460 
    47.35     0.210536 
    54.28     0.205074 
    45.42     0.204707 
    53.33     0.204169 
    43.39     0.209129 
    49.37     0.208673 
    66.15     0.209774 
    45.18     0.209774 
    45.28     0.243855 
    47.84     0.246957 
    33.93     0.269359 
    48.18     0.314116 
    37.32     0.400000 
    46.33     0.152592 
    55.39     0.052194 
     3.24     0.000000 
     3.49     0.000000 
    55.15     0.235145 
    52.01     0.164375 
    53.71     0.179679 
    50.80     0.031541 
    30.71     0.011490 
    14.80     0.000000 
    11.37     0.000000 
    16.64     0.000000 
    29.50     0.031210 
    15.85     0.000000 
    56.00     0.200717 
    53.07     0.099351 
    13.80     0.000000 
    47.24     0.146748 
    49.25     0.181521 
    48.18     0.231157 
     6.74     0.000000 
    37.45     0.034467 
    49.54     0.101350 
    50.48     0.191279 
    52.06     0.138962 
    45.12     0.220130 
    43.08     0.225392 
    55.22     0.228913 
    46.26     0.262887 
    32.94     0.333857 
    46.73     0.216753 
    48.80     0.113488 
    39.91     0.192534 
    63.10     0.172739 
    50.80     0.241907 
    43.52     0.191767 
    57.57     0.159444 
    43.30     0.104417 
    64.46     0.170010 
    61.05     0.187596 
    70.38     0.145212 
    46.85     0.214029 
    39.73     0.059141 
    45.97     0.173364 
    51.08     0.049676 
    55.43     0.184661 
    40.11     0.190199 
    49.96     0.078565 
    53.10     0.156604 
    40.35     0.203050 
    48.37     0.114096 
    60.88     0.112470 
    57.56     0.068909 
    57.68     0.160861 
    51.36     0.128979 
    63.04     0.120113 
    55.68     0.156239 
    47.66     0.204245 
    50.40     0.126301 
    57.91     0.167347 
    50.01     0.078460 
    59.39     0.195976 
    36.16     0.165677 
    58.35     0.100019 
    51.50     0.183707 
    58.27     0.143804 
    50.68     0.166324 
    49.19     0.132053 
    54.86     0.190458 
    47.32     0.114775 
    50.06     0.166483 
    51.63     0.154482 
    52.84     0.182483 
    54.79     0.173355 
    59.75     0.177628 
    55.88     0.142326 
    47.60     0.150168 
    48.58     0.146572 
    55.84     0.164224 
    60.04     0.147614 
    62.19     0.151539 
    60.57     0.141639 
    56.73     0.150282 
    47.24     0.157457 
    48.11     0.120848 
    56.97     0.148374 
    46.75     0.146670 
    54.51     0.146126 
    53.56     0.142275 
    56.56     0.144851 
    47.72     0.141624 
    48.94     0.142401 
    58.32     0.145719 
    57.77     0.142397 
    51.80     0.147003 
    57.64     0.145212 
    54.85     0.069318 
    15.88     0.000000 
    48.50     0.118806 
    43.27     0.034187 
    14.89     0.000000 
    50.63     0.042629 
    13.33     0.000000 
    37.77     0.114162 
    42.97     0.259777 
    44.25     0.342091 
    45.25     0.360658 
    43.88     0.400000 
    35.54     0.400000 
    37.09     0.400000 
    53.08     0.400000 
    44.79     0.311384 
    38.50     0.245467 
    36.72     0.279100 
    59.98     0.140126 
    57.32     0.119846 
    47.64     0.178966 
    44.37     0.328151 
    40.01     0.232984 
    51.15     0.242303 
    38.44     0.240080 
    51.72     0.112614 
    60.53     0.169673 
    49.47     0.155640 
    56.23     0.090531 
    53.25     0.221612 
    49.43     0.229452 
    42.18     0.136453 
    56.12     0.159092 
    46.73     0.180734 
    60.32     0.151090 
    50.56     0.247378 
    58.10     0.140688 
    62.30     0.153467 
    44.90     0.023554 
    58.47     0.131774 
    40.49     0.048702 
    56.08     0.069676 
     6.39     0.000000 
    16.04     0.000000 
    50.95     0.052329 
     3.97     0.000000 
    45.64     0.076443 
    52.87     0.142947 
    48.48     0.175904 
    49.49     0.065949 
     3.75     0.000000 
    51.18     0.121444 
    50.38     0.080111 
    55.39     0.059080 
    15.90     0.000000 
    55.85     0.098061 
    52.99     0.119171 
    57.69     0.099251 
    58.79     0.074435 
    53.12     0.117575 
    42.94     0.048567 
    44.86     0.020102 
    35.96     0.018061 
    55.99     0.103995 
    58.60     0.036981 
    27.64     0.007085 
    26.60     0.012817 
    47.21     0.011502 
    18.12     0.004450 
    35.32     0.021980 
     5.23     0.000000 
    39.06     0.029476 
    43.43     0.065944 
    26.79     0.007379 
    43.69     0.026391 
    59.06     0.078013 
    53.00     0.099280 
    41.65     0.088940 
    48.83     0.073544 
    54.82     0.109072 
    63.35     0.097620 
    50.64     0.090645 
    56.60     0.101907 
    53.59     0.088986 
    49.40     0.097899 
    53.31     0.104168 
    53.07     0.120378 
    50.55     0.116076 
    48.16     0.113409 
    47.75     0.102227 
    48.79     0.100291 
    52.04     0.099272 
    42.60     0.096440 
    47.49     0.097400 
    49.37     0.094664 
    52.58     0.094196 
    45.48     0.098163 
    57.11     0.094822 
    61.33     0.093285 
    53.18     0.096336 
    59.59     0.093285 
    45.58     0.209129 
    37.98     0.009784 
    16.21     0.000000 
    52.25     0.169565 
    46.27     0.207529 
    49.08     0.112501 
    54.91     0.271695 
    39.28     0.400000 
    40.08     0.361284 
    35.07     0.400000 
    44.14     0.289817 
    34.25     0.400000 
    41.98     0.400000 
    37.34     0.400000 
    31.88     0.400000 
    41.73     0.400000 
    41.58     0.400000 
    38.49     0.386632 
    50.08     0.218341 
    42.37     0.247785 
    54.70     0.161661 
    56.70     0.132829 
    28.15     0.009283 
    52.94     0.137788 
    53.62     0.123110 
    49.76     0.264744 
    54.83     0.376502 
    40.70     0.400000 
    37.66     0.332874 
    49.79     0.367780 
    40.92     0.400000 
    39.84     0.400000 
    33.52     0.400000 
    53.05     0.341144 
    64.35     0.217715 
    43.06     0.269549 
    45.64     0.172967 
    40.18     0.232808 
    51.76     0.323033 
    48.55     0.351368 
    44.62     0.269294 
    46.66     0.267615 
    55.28     0.306302 
    52.44     0.198804 
    53.09     0.134337 
    45.28     0.188990 
    51.60     0.045526 
    55.72     0.146557 
    58.91     0.040414 
     5.95     0.000000 
    38.89     0.020409 
    51.70     0.091277 
    37.44     0.039945 
     4.87     0.000000 
    42.39     0.024158 
     4.69     0.000000 
    40.19     0.040079 
    26.20     0.014802 
    45.66     0.110331 
    25.32     0.000000 
    47.87     0.035566 
    48.55     0.051754 
    56.31     0.089415 
    46.59     0.076798 
    41.63     0.044677 
    43.43     0.039748 
    16.32     0.000000 
    40.42     0.023786 
    33.64     0.044913 
    38.55     0.088024 
    17.53     0.001185 
    22.48     0.014898 
    47.85     0.067241 
    57.55     0.082662 
    46.40     0.098929 
    48.93     0.102163 
    60.15     0.079093 
    52.35     0.068436 
    46.60     0.092454 
    69.84     0.077462 
    52.26     0.072089 
    50.22     0.075147 
    53.67     0.098027 
    62.14     0.090957 
    46.52     0.082205 
    55.45     0.083694 
    41.42     0.075467 
    55.34     0.098118 
    58.32     0.086891 
    46.66     0.057823 
    62.38     0.074259 
    50.82     0.076703 
    50.39     0.079624 
    38.16     0.081273 
    68.00     0.076394 
    44.57     0.074837 
    43.51     0.079416 
    61.97     0.076288 
    49.16     0.075756 
    55.09     0.080485 
    62.32     0.077462 
    25.56     0.006875 
    50.31     0.188598 
    56.08     0.305576 
    43.65     0.374353 
    49.53     0.220999 
    31.39     0.375521 
    41.61     0.400000 
    37.96     0.400000 
    46.19     0.359401 
    32.04     0.400000 
    49.86     0.262959 
    60.75     0.169221 
     8.85     0.000000 
    52.99     0.180507 
    40.73     0.094169 
    40.12     0.329021 
    38.14     0.217328 
    47.42     0.126562 
    45.36     0.220289 
    51.16     0.132941 
    51.63     0.101895 
    54.05     0.131574 
    50.87     0.182505 
    64.26     0.184959 
    42.36     0.335924 
    36.27     0.298008 
    53.44     0.172541 
    45.88     0.171101 
    58.08     0.055692 
     7.70     0.000554 
    57.08     0.150898 
    52.86     0.114194 
    42.57     0.044311 
    51.42     0.153360 
    50.73     0.091382 
    43.83     0.018198 
    53.23     0.078930 
    50.27     0.155103 
    46.20     0.066000 
    56.56     0.184843 
    41.36     0.137422 
    46.73     0.075813 
    52.04     0.106080 
    61.03     0.089540 
    56.60     0.165210 
    41.84     0.129740 
    51.37     0.191460 
    42.45     0.078651 
    50.40     0.181535 
    40.34     0.183702 
    55.92     0.133335 
    59.11     0.070502 
    52.11     0.044915 
    47.22     0.028704 
    43.16     0.038741 
    42.37     0.092303 
    30.67     0.012009 
    53.60     0.142253 
    49.90     0.128386 
    51.10     0.197948 
    53.02     0.263464 
    48.49     0.283732 
    49.40     0.282234 
    48.24     0.299536 
    55.01     0.239842 
    45.63     0.191264 
    52.16     0.181003 
    43.55     0.119579 
    45.49     0.210897 
    47.40     0.243953 
    43.60     0.234398 
    58.78     0.221259 
    58.25     0.184710 
    49.74     0.192256 
    48.00     0.183848 
    49.95     0.170815 
    51.09     0.201536 
    44.08     0.220682 
    57.33     0.192142 
    44.53     0.150142 
    57.10     0.197932 
    66.44     0.163008 
    45.50     0.146770 
    55.92     0.172879 
    42.91     0.169275 
    56.95     0.163944 
    51.99     0.157506 
    50.44     0.160491 
    49.80     0.158164 
    50.96     0.156315 
    65.56     0.163936 
    52.25     0.161956 
    53.94     0.159581 
    49.84     0.164978 
    45.29     0.165213 
    42.07     0.162243 
    42.40     0.159132 
    50.57     0.160091 
    59.00     0.160055 
    48.98     0.163434 
    47.73     0.163008 
    50.02     0.087589 
    54.30     0.259279 
    52.15     0.179944 
    33.56     0.355606 
    48.91     0.205480 
    41.71     0.182235 
    51.40     0.166831 
    46.23     0.067941 
    57.22     0.155598 
    52.87     0.137393 
    35.36     0.314675 
    55.50     0.159646 
    42.18     0.318539 
    38.91     0.064241 
    43.74     0.148167 
    63.72     0.210722 
    49.00     0.220898 
    60.04     0.135043 
    49.14     0.247234 
    28.21     0.005293 
    50.49     0.178862 
    53.70     0.222888 
    36.89     0.131389 
    48.07     0.068432 
    40.85     0.057828 
    50.27     0.277556 
    51.07     0.148870 
    41.13     0.192785 
    41.95     0.072127 
    16.09     0.000000 
    12.54     0.005443 
    30.18     0.014861 
    47.20     0.071008 
     5.41     0.000000 
    52.42     0.086591 
    53.85     0.092365 
    50.63     0.214132 
    46.49     0.037960 
    62.57     0.140406 
    63.53     0.157285 
    51.44     0.269297 
    39.27     0.178288 
    48.79     0.209456 
    42.00     0.228005 
    61.08     0.108399 
    53.43     0.124885 
    58.22     0.213144 
    41.92     0.067582 
    47.23     0.214545 
    52.33     0.207175 
    41.92     0.261727 
    46.44     0.267266 
    50.10     0.143498 
    59.35     0.085953 
    48.75     0.054031 
    43.45     0.035053 
    55.56     0.175357 
    50.29     0.161210 
    41.26     0.120084 
    44.28     0.113013 
    47.80     0.135676 
    42.33     0.035212 
    49.48     0.060395 
    66.42     0.149807 
    55.82     0.134625 
    42.91     0.172467 
    45.56     0.204445 
    52.33     0.152813 
    48.40     0.205383 
    60.92     0.097106 
    49.01     0.188398 
    42.94     0.130555 
    55.26     0.189568 
    52.19     0.191595 
    68.27     0.146516 
    53.32     0.180653 
    50.47     0.168810 
    53.38     0.177705 
    49.01     0.127367 
    46.82     0.169576 
    38.02     0.138001 
    49.96     0.158042 
    51.54     0.132246 
    45.09     0.165322 
    55.24     0.122844 
    48.96     0.159031 
    49.17     0.164986 
    50.98     0.167721 
    59.06     0.157348 
    56.21     0.122839 
    44.98     0.145309 
    62.84     0.146690 
    53.28     0.142840 
    51.53     0.150504 
    50.04     0.148526 
    42.97     0.148067 
    45.58     0.143683 
    52.07     0.145001 
    43.21     0.150428 
    59.97     0.143190 
    46.31     0.146516 
     8.40     0.000000 
    52.31     0.181464 
    46.57     0.165740 
    52.94     0.108392 
    11.33     0.000000 
    61.42     0.095305 
    45.44     0.021401 
    48.12     0.016675 
    48.41     0.148510 
    43.54     0.331594 
    42.54     0.400000 
    53.49     0.276439 
    47.81     0.262649 
    47.83     0.225444 
    45.62     0.200129 
    52.12     0.223780 
    43.98     0.249716 
    42.89     0.163939 
    64.53     0.153585 
    60.84     0.219465 
    55.94     0.152059 
    56.13     0.147824 
    44.33     0.231941 
    59.95     0.090770 
    10.77     0.000000 
    57.56     0.135269 
    46.18     0.053360 
    52.90     0.091980 
    51.24     0.079520 
    46.77     0.011705 
    54.46     0.146027 
    42.93     0.184943 
    39.93     0.302812 
    34.16     0.355564 
    33.14     0.400000 
    44.14     0.400000 
    49.46     0.322905 
    56.80     0.206382 
    49.09     0.318612 
    56.73     0.191948 
    50.17     0.237146 
    39.10     0.293263 
    47.05     0.278662 
    44.98     0.321351 
    50.52     0.400000 
    41.26     0.400000 
    43.08     0.400000 
    44.05     0.400000 
    39.44     0.321725 
    50.77     0.232144 
    51.40     0.230118 
    41.80     0.305188 
    46.84     0.291764 
    52.66     0.237256 
    53.53     0.288881 
    47.72     0.244189 
    49.40     0.209916 
    55.42     0.231492 
    50.24     0.283475 
    47.65     0.226997 
    41.68     0.312752 
    37.31     0.344882 
    45.09     0.287552 
    47.75     0.289418 
    40.51     0.231114 
    51.78     0.278424 
    48.45     0.283688 
    44.60     0.324240 
    37.15     0.331352 
    40.13     0.273541 
    50.92     0.259459 
    57.60     0.278393 
    52.28     0.316278 
    43.07     0.254844 
    43.55     0.238976 
    42.84     0.239792 
    55.64     0.242065 
    53.16     0.308213 
    47.55     0.259250 
    42.19     0.302345 
    55.93     0.292781 
    46.82     0.277490 
    48.70     0.268918 
    45.28     0.293880 
    60.74     0.256222 
    50.29     0.262019 
    50.15     0.248942 
    52.19     0.277097 
    51.60     0.232614 
    46.04     0.232617 
    44.75     0.258673 
    49.81     0.259891 
    46.36     0.260019 
    41.26     0.252556 
    57.84     0.256703 
    54.85     0.254839 
    52.65     0.254706 
    44.07     0.257144 
    48.23     0.259077 
    44.48     0.259140 
    54.83     0.256222 
    39.37     0.372657 
    49.14     0.400000 
    42.23     0.273257 
    44.79     0.400000 
    35.40     0.400000 
    49.53     0.400000 
    45.37     0.250328 
    37.74     0.400000 
    48.23     0.293231 
    54.53     0.204115 
    54.10     0.140975 
    61.84     0.130981 
    51.44     0.295538 
    49.22     0.230202 
    42.95     0.315005 
    33.61     0.400000 
    55.80     0.360138 
    40.61     0.312233 
    47.08     0.400000 
    33.27     0.400000 
    46.72     0.270331 
    53.73     0.132240 
    52.20     0.052663 
    15.26     0.000000 
    50.08     0.124346 
    40.53     0.249758 
    57.51     0.106996 
    53.06     0.105495 
    34.56     0.023495 
    45.41     0.066283 
    45.36     0.234893 
    54.61     0.205730 
    43.67     0.124968 
    47.50     0.117444 
    50.74     0.047167 
    52.04     0.165278 
    49.09     0.254908 
    49.97     0.378433 
    54.53     0.269440 
    48.85     0.231344 
    46.36     0.352196 
    51.89     0.236002 
    41.71     0.356258 
    35.54     0.191376 
    35.92     0.345796 
    51.14     0.292303 
    53.55     0.230778 
    62.60     0.218418 
    43.73     0.298673 
    45.74     0.324625 
    46.63     0.145058 
    50.17     0.175590 
    47.92     0.259865 
    54.75     0.116193 
    49.18     0.088748 
    54.63     0.127004 
    39.06     0.099728 
    52.70     0.090923 
    42.33     0.039464 
    43.61     0.142643 
    57.07     0.130409 
    49.20     0.141140 
    45.22     0.083979 
    49.80     0.133685 
    56.41     0.080723 
    47.22     0.095181 
    53.83     0.045725 
    56.61     0.110349 
    71.57     0.151950 
    41.52     0.105837 
    50.19     0.193773 
    44.57     0.152834 
    55.09     0.112768 
    58.26     0.118583 
    42.19     0.155735 
    53.90     0.132571 
    46.33     0.138814 
    48.98     0.156495 
    50.28     0.173345 
    48.88     0.137108 
    69.36     0.140509 
    48.24     0.143731 
    46.96     0.162478 
    48.77     0.149104 
    48.49     0.156284 
    69.04     0.163286 
    49.52     0.162002 
    49.15     0.147091 
    59.33     0.151965 
    48.60     0.176913 
    59.72     0.153749 
    48.56     0.153031 
    50.32     0.150762 
    50.98     0.153094 
    57.71     0.151111 
    47.58     0.149033 
    59.15     0.151895 
    47.80     0.155675 
    52.52     0.150618 
    40.88     0.150976 
    73.55     0.151950 
     7.86     0.000508 
    55.58     0.157349 
    16.28     0.014115 
    11.72     0.000000 
    10.18     0.000000 
    63.44     0.105239 
    41.92     0.050788 
    32.53     0.028027 
    48.75     0.076080 
    12.88     0.000000 
     9.67     0.000000 
    10.60     0.000000 
    19.64     0.000000 
    58.82     0.105481 
    21.74     0.002549 
    13.60     0.000000 
    17.48     0.000000 
    61.94     0.109307 
     6.45     0.000000 
    55.17     0.050651 
    45.04     0.077425 
    60.00     0.178176 
    57.38     0.125792 
    46.50     0.139956 
    42.14     0.249583 
    39.95     0.345810 
    51.04     0.338676 
    44.74     0.192903 
    49.42     0.098154 
    24.34     0.036211 
    31.44     0.012827 
    55.86     0.041583 
    46.64     0.167755 
    10.89     0.000000 
    12.88     0.000000 
     6.67     0.000000 
     5.69     0.000000 
    21.01     0.008109 
    51.35     0.089850 
     3.24     0.000000 
    12.34     0.000000 
    59.09     0.179615 
    54.13     0.162449 
    44.97     0.243647 
    53.02     0.219406 
    37.61     0.319649 
    43.52     0.400000 
    40.82     0.400000 
    45.36     0.400000 
    44.92     0.310041 
    43.31     0.328547 
    52.08     0.239678 
    49.86     0.192449 
    53.08     0.191755 
    50.93     0.149941 
    51.77     0.116075 
    53.94     0.099772 
    34.53     0.049164 
    50.76     0.134723 
    42.66     0.133557 
    51.42     0.094943 
    35.54     0.045987 
    59.32     0.065405 
    45.78     0.125746 
    45.03     0.105860 
    53.95     0.071340 
    43.51     0.050511 
    58.39     0.116089 
     8.10     0.000000 
    22.28     0.006749 
    44.52     0.078777 
    41.24     0.079322 
    58.08     0.051073 
    29.52     0.026551 
    42.78     0.026323 
    22.18     0.007052 
    39.88     0.053103 
    53.40     0.073088 
    52.75     0.052407 
    48.12     0.045973 
    49.12     0.057681 
    45.48     0.042612 
    55.12     0.038845 
    54.63     0.060914 
    41.70     0.055122 
    39.05     0.042070 
    46.97     0.057776 
    43.07     0.035334 
    57.75     0.077611 
    47.44     0.058110 
    48.18     0.079399 
    52.51     0.075690 
    47.20     0.076577 
    40.74     0.073641 
    57.12     0.079337 
    39.91     0.082950 
    46.61     0.080371 
    56.15     0.077886 
    52.14     0.081567 
    43.73     0.078657 
    65.00     0.081567 
    52.16     0.087848 
    50.85     0.172655 
    45.23     0.328050 
    42.17     0.299082 
    40.39     0.381439 
    37.06     0.400000 
    43.00     0.400000 
    38.04     0.400000 
    37.45     0.400000 
    46.23     0.384790 
    42.74     0.319955 
    34.83     0.400000 
    48.40     0.396940 
    45.39     0.400000 
    43.73     0.400000 
    38.78     0.394839 
    42.83     0.400000 
    44.72     0.259317 
    51.10     0.095324 
    55.83     0.046464 
    64.66     0.122057 
    11.18     0.000000 
    49.74     0.224496 
    54.52     0.074524 
    42.83     0.037368 
    43.28     0.133709 
    55.85     0.056030 
    48.64     0.038926 
    11.21     0.000000 
    54.70     0.122023 
    54.24     0.098159 
    49.94     0.084948 
    14.24     0.000000 
    61.37     0.131133 
    43.72     0.223362 
    45.32     0.037631 
    41.81     0.263488 
    39.88     0.263347 
    52.94     0.178323 
    57.65     0.106299 
    57.78     0.172659 
    60.02     0.114609 
    29.23     0.009403 
    44.23     0.186781 
    50.17     0.117048 
    48.92     0.096231 
    41.44     0.123542 
    44.60     0.106497 
    17.36     0.003915 
    54.33     0.113322 
    43.96     0.102992 
    46.18     0.159174 
    38.42     0.027911 
    48.90     0.156371 
    47.96     0.045506 
    42.50     0.201445 
    60.60     0.153980 
    51.48     0.225800 
    48.39     0.188520 
    44.18     0.158015 
    55.68     0.121022 
    45.54     0.166172 
    61.35     0.179067 
    47.87     0.186791 
    47.15     0.184162 
    51.96     0.211000 
    41.43     0.239309 
    54.98     0.146656 
    55.65     0.149511 
    44.94     0.143614 
    51.50     0.131659 
    48.08     0.223465 
    48.48     0.193771 
    62.74     0.193327 
    53.00     0.232309 
    55.46     0.215679 
    50.80     0.183484 
    46.25     0.226463 
    42.24     0.153488 
    45.27     0.212784 
    36.23     0.208794 
    55.52     0.193780 
    43.38     0.204481 
    53.84     0.168690 
    49.94     0.186997 
    54.12     0.196727 
    57.02     0.167952 
    51.88     0.205080 
    48.99     0.207618 
    46.90     0.182382 
    48.57     0.193438 
    40.77     0.190165 
    57.41     0.196742 
    54.34     0.194551 
    48.05     0.195355 
    46.81     0.192603 
    57.83     0.190149 
    45.39     0.193875 
    43.68     0.196671 
    55.79     0.194032 
    53.25     0.193327 
    41.66     0.251316 
    35.68     0.226181 
    55.53     0.117082 
    53.03     0.236485 
    36.56     0.394546 
    48.49     0.232710 
    40.73     0.396296 
    38.66     0.400000 
    44.39     0.381419 
    46.69     0.343868 
    49.03     0.266832 
    61.34     0.169221 
    43.53     0.180382 
    37.78     0.239696 
    53.36     0.125105 
    45.06     0.208373 
    53.15     0.223447 
    40.29     0.200247 
    60.57     0.041600 
     8.98     0.000000 
    60.37     0.087621 
    55.65     0.223244 
    48.47     0.231194 
    55.39     0.109181 
     8.64     0.000000 
    55.79     0.116690 
    45.79     0.078628 
    57.71     0.111230 
    45.32     0.252154 
    57.44     0.328965 
    40.84     0.351038 
    45.02     0.340590 
    50.28     0.213604 
    54.85     0.280433 
    40.57     0.332742 
    41.86     0.158405 
    46.76     0.044153 
    49.67     0.057642 
    53.86     0.161474 
    50.84     0.282614 
    45.65     0.310203 
    51.72     0.243267 
    51.28     0.215853 
    41.12     0.287264 
    44.32     0.188855 
    49.85     0.134577 
    62.66     0.150633 
    56.56     0.227600 
    51.57     0.117119 
    54.84     0.127418 
    64.86     0.143824 
    63.34     0.066825 
    54.24     0.069884 
    21.07     0.000000 
    50.38     0.128306 
    54.73     0.072012 
    38.51     0.033296 
    51.53     0.115494 
    54.11     0.119746 
    59.24     0.182011 
    51.58     0.214969 
    47.72     0.238752 
    49.83     0.198732 
    45.83     0.203949 
    54.59     0.181354 
    56.84     0.157245 
    59.45     0.168394 
    55.93     0.230703 
    48.68     0.207179 
    61.56     0.133635 
    56.15     0.148960 
    55.17     0.150886 
    48.26     0.170037 
    59.18     0.133022 
    52.96     0.112048 
    46.84     0.161045 
    52.58     0.135197 
    55.95     0.149496 
    39.79     0.102553 
    44.40     0.167448 
    52.32     0.130001 
    38.83     0.137628 
    47.86     0.152489 
    61.51     0.144490 
    48.14     0.150145 
    62.94     0.152032 
    50.36     0.165734 
    51.79     0.136593 
    48.05     0.152881 
    55.30     0.174954 
    46.15     0.155794 
    43.76     0.151830 
    55.28     0.153195 
    55.83     0.153275 
    48.25     0.153262 
    50.96     0.151010 
    57.06     0.149427 
    57.53     0.155941 
    44.25     0.151677 
    54.01     0.152776 
    35.83     0.152032 
    58.76     0.102816 
    16.16     0.000000 
     8.11     0.000000 
    44.00     0.024136 
    60.87     0.135128 
    49.41     0.234836 
    49.32     0.184159 
    48.25     0.191306 
    46.67     0.183149 
    40.84     0.273136 
    44.00     0.229424 
    62.84     0.091546 
    42.40     0.219026 
     3.92     0.000000 
     7.40     0.000000 
    41.85     0.219787 
    55.65     0.163311 
    49.92     0.252702 
    45.09     0.323913 
    42.32     0.345839 
    36.49     0.369381 
    46.85     0.316895 
    42.60     0.277688 
    37.14     0.400000 
    45.01     0.400000 
    49.64     0.400000 
    40.75     0.400000 
    41.91     0.400000 
    32.96     0.400000 
    33.79     0.400000 
    35.15     0.400000 
    40.59     0.380520 
    33.26     0.400000 
    41.02     0.387866 
    35.30     0.400000 
    39.00     0.277863 
    32.76     0.237512 
    48.24     0.186309 
    56.11     0.212450 
    47.44     0.278593 
    59.08     0.180060 
    50.83     0.278500 
    52.06     0.171557 
    49.10     0.175290 
    45.94     0.091494 
    54.11     0.250394 
    48.56     0.357733 
    47.03     0.355275 
    39.09     0.400000 
    40.20     0.316113 
    49.56     0.382422 
    38.74     0.400000 
    36.34     0.400000 
    38.81     0.400000 
    49.02     0.323299 
    48.36     0.394019 
    47.64     0.349823 
    48.36     0.322559 
    38.38     0.305110 
    46.28     0.301137 
    48.98     0.253455 
    50.80     0.205396 
    42.13     0.215485 
    36.10     0.259439 
    46.51     0.151395 
    40.30     0.274216 
    46.55     0.264371 
    54.33     0.321208 
    45.20     0.304799 
    53.79     0.281741 
    41.74     0.328590 
    42.30     0.312140 
    49.18     0.269219 
    46.78     0.280083 
    51.03     0.252644 
    41.59     0.323256 
    48.95     0.273443 
    55.70     0.245242 
    47.69     0.219682 
    52.43     0.236065 
    53.60     0.236339 
    45.28     0.261579 
    49.60     0.243013 
    47.65     0.233520 
    47.48     0.224142 
    47.00     0.255575 
    52.99     0.236817 
    51.19     0.214510 
    54.48     0.191316 
    60.44     0.196077 
    53.44     0.193500 
    51.11     0.196931 
    63.55     0.199458 
    43.88     0.202672 
    60.00     0.200313 
    44.52     0.197645 
    47.50     0.199678 
    37.36     0.196567 
    36.34     0.197801 
    39.95     0.203185 
    50.75     0.199458 
    40.62     0.014848 
    59.55     0.149026 
    49.98     0.151412 
    37.13     0.037640 
    50.72     0.136479 
    39.61     0.022895 
     5.08     0.000000 
     5.16     0.000000 
    16.26     0.000000 
    16.67     0.000000 
     1.50     0.000000 
    48.81     0.060317 
     5.30     0.000000 
    55.22     0.135378 
    60.73     0.162489 
    50.46     0.053015 
     6.63     0.000000 
    43.31     0.120051 
    43.14     0.248559 
    48.13     0.102963 
    46.09     0.056044 
    47.96     0.017076 
    11.32     0.000000 
    47.37     0.068608 
    41.67     0.061013 
    61.15     0.114758 
    53.39     0.101732 
    54.88     0.110228 
    56.10     0.153075 
    54.66     0.163439 
    50.50     0.178294 
    54.43     0.070383 
    52.27     0.086438 
    46.33     0.053379 
     5.48     0.000000 
    12.18     0.004805 
     1.31     0.000000 
    52.88     0.188181 
    42.10     0.287579 
    46.90     0.177038 
    47.31     0.238947 
    44.52     0.280073 
    45.58     0.278374 
    52.96     0.318897 
    56.89     0.220258 
    46.08     0.326969 
    49.12     0.291728 
    57.17     0.207789 
    51.89     0.142285 
    50.29     0.211244 
    53.78     0.207098 
    62.27     0.120324 
    57.80     0.121211 
    43.15     0.099369 
    67.55     0.066072 
    43.17     0.043519 
    17.03     0.009184 
    34.89     0.047818 
    21.89     0.000000 
    30.70     0.023228 
    45.11     0.047206 
    45.25     0.056855 
    55.65     0.118506 
    31.50     0.028714 
    44.13     0.021552 
    61.62     0.099150 
    42.80     0.137078 
    48.12     0.146272 
    55.26     0.080146 
    49.48     0.079256 
    57.92     0.077859 
    56.27     0.035525 
    48.54     0.031505 
    49.38     0.058224 
    41.76     0.077272 
    58.39     0.062676 
    40.50     0.053455 
    46.68     0.099417 
    54.12     0.106504 
    49.09     0.075139 
    58.10     0.083440 
    42.25     0.086412 
    50.63     0.076972 
    40.92     0.091167 
    69.93     0.061493 
    35.42     0.036550 
    45.19     0.035940 
    51.24     0.055185 
    63.27     0.056334 
    47.32     0.036820 
    40.02     0.060390 
    49.19     0.058883 
    40.08     0.060474 
    50.31     0.059739 
    60.83     0.065129 
    45.36     0.060036 
    53.32     0.058808 
    43.85     0.061106 
    49.26     0.062662 
    44.04     0.064975 
    42.80     0.061493 
     6.53     0.000000 
    29.52     0.008660 
    15.78     0.000000 
     9.82     0.000000 
    59.58     0.036997 
    13.24     0.000000 
    57.91     0.115909 
    57.83     0.136645 
    53.20     0.137255 
    51.28     0.222267 
    56.18     0.229873 
    43.09     0.139757 
    44.58     0.274480 
    50.87     0.205124 
    47.13     0.053190 
     5.16     0.000000 
    42.40     0.053360 
    53.00     0.141254 
    42.74     0.148433 
    47.40     0.208141 
    52.38     0.289046 
    50.80     0.219704 
    53.63     0.210071 
    42.20     0.057688 
    43.38     0.078587 
     7.02     0.000000 
    40.70     0.014190 
    18.97     0.000000 
    51.92     0.132645 
    34.66     0.234204 
    51.10     0.185426 
    50.28     0.289394 
    39.15     0.353652 
    53.87     0.237918 
    34.76     0.125398 
    38.72     0.300570 
    44.24     0.308941 
    49.55     0.196741 
    51.03     0.213647 
    46.97     0.095074 
    42.55     0.309554 
    40.30     0.205086 
    42.75     0.296691 
    25.61     0.378081 
    59.34     0.239778 
    57.28     0.213276 
    51.85     0.312608 
    45.73     0.291874 
    64.44     0.216683 
    49.38     0.263909 
    55.20     0.249182 
    66.48     0.158028 
    52.64     0.108389 
    46.45     0.165685 
    49.05     0.234918 
    50.86     0.147367 
    49.58     0.104261 
    59.48     0.030192 
    14.50     0.000000 
    28.96     0.015641 
    54.80     0.084864 
    63.69     0.085489 
    49.10     0.105689 
    47.61     0.139167 
    52.97     0.052622 
    50.32     0.120178 
    47.82     0.122618 
    57.25     0.149688 
    59.70     0.125611 
    56.70     0.144381 
    48.16     0.179123 
    47.55     0.140633 
    39.06     0.167763 
    54.55     0.182897 
    49.67     0.212645 
    40.23     0.146643 
    39.32     0.200274 
    54.88     0.196343 
    57.87     0.186371 
    53.67     0.169449 
    44.77     0.170177 
    59.36     0.177527 
    54.78     0.181183 
    48.03     0.169661 
    54.51     0.157753 
    45.48     0.186185 
    65.54     0.181472 
    50.42     0.183308 
    44.30     0.186126 
    37.52     0.194698 
    41.60     0.181456 
    49.77     0.182213 
    48.25     0.183132 
    40.43     0.183212 
    54.92     0.177990 
    55.00     0.183941 
    47.60     0.181851 
    41.31     0.184061 
    54.00     0.184253 
    46.88     0.183255 
    31.71     0.181472 
    57.71     0.184396 
    48.72     0.314854 
    46.34     0.400000 
    41.28     0.400000 
    44.94     0.400000 
    39.62     0.400000 
    42.76     0.400000 
    32.88     0.378379 
    43.73     0.351350 
    37.71     0.400000 
    45.48     0.400000 
    38.26     0.400000 
    53.84     0.300556 
    44.36     0.300923 
    45.85     0.237557 
    52.37     0.160987 
    47.70     0.246979 
    46.64     0.321387 
    27.72     0.400000 
    43.98     0.395397 
    41.96     0.393310 
    42.30     0.400000 
    43.27     0.400000 
    37.68     0.397312 
    29.14     0.400000 
    47.20     0.341049 
    49.22     0.357203 
    37.08     0.400000 
    41.25     0.376242 
    41.29     0.328149 
    51.72     0.288871 
    57.23     0.312233 
    58.61     0.209550 
    51.24     0.263128 
    67.69     0.142872 
    44.85     0.200405 
    38.87     0.074216 
    51.65     0.071955 
    53.39     0.229044 
    45.87     0.357358 
    36.64     0.400000 
    39.72     0.374085 
    38.91     0.264242 
    40.39     0.369880 
    48.62     0.308345 
    32.68     0.400000 
    50.59     0.248414 
    56.48     0.186399 
    48.11     0.200773 
    67.13     0.157217 
    47.34     0.188130 
    43.37     0.102046 
    51.44     0.107555 
    52.62     0.078820 
    51.34     0.184467 
    46.51     0.122463 
    54.64     0.219426 
    53.99     0.143822 
    45.32     0.233479 
    40.23     0.231908 
    59.28     0.125642 
    52.00     0.117504 
    62.32     0.185764 
    49.79     0.217563 
    46.97     0.146649 
    57.80     0.139836 
    63.19     0.179709 
    53.25     0.107430 
    53.51     0.105853 
    57.92     0.131343 
    40.00     0.174077 
    60.09     0.136206 
    49.86     0.186117 
    44.28     0.155775 
    53.18     0.114409 
    50.24     0.156663 
    54.62     0.160166 
    49.88     0.181453 
    51.06     0.129984 
    43.35     0.171752 
    58.48     0.171795 
    49.70     0.179277 
    58.37     0.181380 
    42.27     0.175991 
    50.57     0.167248 
    53.71     0.146765 
    51.85     0.155299 
    52.56     0.168906 
    47.29     0.147975 
    51.53     0.176281 
    43.74     0.160399 
    50.96     0.158304 
    47.46     0.157101 
    61.48     0.157913 
    51.92     0.160700 
    63.87     0.155119 
    54.86     0.158389 
    49.97     0.156463 
    65.87     0.159350 
    53.04     0.156977 
    45.33     0.157217 
    43.29     0.304312 
    39.64     0.317973 
    54.63     0.213330 
    60.13     0.220063 
    61.75     0.200448 
    53.77     0.261397 
    38.92     0.400000 
    35.94     0.400000 
    41.89     0.400000 
    41.19     0.400000 
    50.43     0.261245 
    61.93     0.159426 
    52.50     0.197030 
    33.53     0.009572 
    47.31     0.286001 
    51.17     0.193275 
    34.32     0.045187 
    50.18     0.228392 
    48.15     0.386061 
    40.00     0.357055 
    57.33     0.301920 
    42.82     0.400000 
    47.85     0.400000 
    41.99     0.287356 
    49.20     0.258582 
    54.68     0.130439 
    52.71     0.163124 
    46.58     0.208543 
    24.51     0.013814 
    42.61     0.308355 
    48.60     0.186487 
    55.91     0.081796 
    43.92     0.215997 
    14.52     0.000000 
    29.07     0.026996 
     3.95     0.000000 
     8.08     0.000000 
    43.20     0.148081 
    12.97     0.000000 
     5.73     0.000000 
    19.58     0.008495 
    63.72     0.058196 
    56.87     0.131097 
    51.05     0.243639 
    47.76     0.340575 
    42.96     0.319217 
    50.01     0.273047 
    43.85     0.316734 
    52.87     0.255352 
    53.42     0.195551 
    57.71     0.211783 
    55.66     0.208909 
    47.50     0.121880 
    60.41     0.137424 
    59.43     0.058180 
    36.64     0.012746 
    57.33     0.115498 
    50.58     0.165110 
    54.29     0.149720 
    43.42     0.072365 
    54.51     0.217139 
    49.00     0.277213 
    43.97     0.241844 
    61.16     0.254569 
    56.12     0.235704 
    50.63     0.205349 
    46.12     0.211539 
    53.91     0.232277 
    46.88     0.215072 
    44.99     0.250351 
    47.01     0.236365 
    54.98     0.231589 
    61.21     0.280115 
    54.26     0.232629 
    39.08     0.306956 
    48.67     0.254139 
    42.36     0.300910 
    45.64     0.292898 
    57.71     0.291189 
    62.49     0.265387 
    50.42     0.250810 
    48.59     0.283600 
    49.46     0.247958 
    48.96     0.246379 
    53.01     0.254081 
    41.50     0.276816 
    55.88     0.252925 
    49.50     0.276181 
    44.97     0.268252 
    48.81     0.278682 
    47.31     0.268301 
    49.08     0.266486 
    33.95     0.266989 
    44.78     0.268857 
    47.23     0.263613 
    42.80     0.268319 
    53.30     0.269253 
    47.13     0.264841 
    56.18     0.262055 
    48.34     0.264494 
    50.79     0.265387 
    43.23     0.400000 
    48.43     0.139856 
    15.87     0.000000 
    18.56     0.000000 
    46.69     0.210294 
