constructTestCases(): generating 11 specified cases ...  DONE
Procedure Optimizer.Optimize()
Oracle probabilites : disabled
Optimizer(): Simulated Annealing , Random-normalized optimality [%]
Optimizer(): config:  [[0.2], [9.9], [], 10, 10, 0.75, 0.01, 0.5, 0.01]
Optimizer(): selective: [  1  ]
Optimizer(): evals/step: 10
Optimizer(): numParams: 1 , completeRepeats: 100
MABsolver_config: algorithms: UCB1 , CP DavorTom , CPT Davor , Reset SingleMovingAvg
MABsolver_config: params: types:  Direct  Direct  Direct  Direct  Direct  
MABsolver_config: params: numInputs:  0  0  0  0  0  
MABsolver_config: params: weights:  [  0.240000  ]  [  2.000000  ]  [  1.000000  ]  [  50.000000  ]  [  1.000000  ]  
BanditTestBatch: casesIDs:  0  1  2  3  4  5  6  7  8  9  
BanditTestBatch: numCases: 10
BanditTestBatch: maxim sum reward: 3919.0
BanditTestBatch: random reward: 2805.0
 Evals       Score          p01       case01    case02    case03    case04    case05    case06    case07    case08    case09    case10 
     1       56.72      2.00000        82.60     92.13     73.20     12.27    -18.33     67.60     48.17     74.04     87.80     47.72 
     2       60.69      3.74548        94.40     76.67     86.20     13.33    -21.11     80.30     74.29     75.16     84.22     43.40 
     3       54.38      4.58519        92.60     58.53     81.00     13.07    -18.89     50.50     49.21     76.65     89.61     51.48 
     4       59.01      3.71456        59.80     63.47     78.40     16.80     50.00     47.80     71.51     72.33     87.03     42.96 
     5       56.10      4.50429        97.00     58.53     57.00      2.40     23.33     63.00     59.05     63.82     92.06     44.81 
     6       56.38      4.88596        86.80     69.33     64.80     26.67     16.11     31.70     56.83     79.02     88.16     44.38 
     7       54.03      6.27382        91.20     67.33     82.00     12.80    -18.89     44.50     52.22     70.98     93.02     45.12 
     8       60.47      4.21141        98.00     61.47     77.20     29.60     -5.56     65.80     69.37     69.96     92.34     46.54 
     9       54.77      5.44215        77.40     61.73     62.60      3.47     21.11     46.10     63.73     79.56     90.70     41.30 
    10       60.98      3.27695        85.80     87.60     78.40     42.13     13.89     41.90     46.59     75.38     82.86     55.25 
    11       53.49      2.33712        90.00     76.00     63.80    -13.60     -2.22     81.60     23.33     77.78     84.94     53.27 
    12       58.54      4.00673        67.60     83.87     73.80     28.80    -16.67     64.30     58.81     78.18     83.72     62.96 
    13       60.50      4.62933        96.60     62.27     77.00      1.60     37.22     62.90     67.62     64.76     90.84     44.20 
    14       54.48      4.10779        73.80     78.67     74.00     22.40    -37.22     73.40     53.89     65.60     91.34     48.95 
    15       50.98      2.00665        76.60     75.60     62.20      4.27    -25.56     65.90     33.89     81.56     91.43     43.95 
    16       59.03      1.98628       105.60     66.93     62.20     31.47    -11.11     76.50     35.71     84.29     82.77     55.93 
    17       54.10      0.32603        62.00     86.67     51.60      8.53      7.22     54.40     39.84     80.95    102.36     47.47 
    18       53.13      1.43231        77.00     80.67     53.80     -3.47      6.67     52.80     42.94     76.91     86.30     57.65 
    19       50.80      0.61325        92.00     79.60     70.20      5.07     -8.33     50.50     11.83     79.24     81.81     46.11 
    20       54.47      1.83515        81.40     79.47     63.40     15.73     -7.78     71.90     42.38     78.11     89.89     30.19 
    21       54.85      1.86599        93.60     85.20     66.40      9.07     15.00     54.90      8.73     76.55     88.89     50.12 
    22       58.66      2.67222        51.20     85.60     69.40     45.33      2.22     81.50     49.37     70.98     91.88     39.14 
    23       56.34      1.20161        97.20     81.33     56.20     24.00     -5.00     58.80     22.30     78.51     96.15     53.95 
    24       59.98      2.80083       100.60     98.00     54.00     41.87     17.22     74.40     45.79     75.24     82.13     10.56 
    25       58.48      4.27279        93.80     74.53     78.60     -8.80     21.11     66.70     54.37     64.69     87.80     52.04 
    26       57.81      4.56693        97.20     81.07     65.00      9.60      4.44     68.50     63.89     71.75     84.85     31.79 
    27       55.36      3.90136        72.80     72.13     66.00     13.07      6.67     65.70     51.19     68.00     88.89     49.20 
    28       62.76      2.26298       100.00     52.93     85.60     16.00     33.89     47.20     69.44     80.07     98.73     43.77 
    29       64.06      0.70691        81.40     81.20     86.80     29.07     31.11     72.00     41.75     79.09     83.54     54.63 
    30       59.00      0.37851        88.60     76.80     64.20     29.07    -33.33     82.60     54.52     70.95     88.62     68.02 
    31       56.39      2.41940        78.60     62.27     56.60     19.47      5.00     74.10     47.54     80.76     87.26     52.35 
    32       54.92      2.05807        91.60     62.67     53.40     26.67     -9.44     84.10     18.81     83.71     91.56     46.11 
    33       52.54      3.64684        17.80     77.20     77.40     13.60      7.78     74.80     62.94     62.76     83.40     47.72 
    34       56.96      1.59978        75.00     61.33     89.20     36.27    -20.56     47.30     59.44     76.11     88.30     57.16 
    35       54.45      1.09204        93.00     66.00     75.40     -9.07     31.11     64.90     16.27     69.53     87.71     49.69 
    36       54.23      0.44859        75.40     56.93     72.00      4.53     -0.56     59.30     48.65     82.84     87.12     56.05 
    37       59.36      0.54127        87.60     51.60     71.00     37.60     31.67     58.90     33.73     76.69     87.85     56.98 
    38       56.40      1.98427        66.80     70.53     70.60     28.80      5.56     68.40     42.78     82.33     84.81     43.40 
    39       56.91      1.77170        73.80     47.60     63.00     34.40      5.56     88.80     39.84     79.85     89.80     46.42 
    40       53.79      1.47564        82.80     66.13     57.60     12.27     -3.33     76.70     24.44     79.05     85.99     56.30 
    41       53.90      3.35361        83.80     95.33     63.40      7.47    -23.33     72.40     41.27     69.35     94.10     35.25 
    42       56.35      3.51670        89.80     79.33     69.60      8.00     -3.33     64.00     64.37     70.22     81.63     39.88 
    43       50.16      2.77517        92.40     86.80     70.00     -5.87     16.11     52.10     13.73     84.62     76.55     15.19 
    44       58.97      3.17911        73.60     70.53     70.60     37.07     -2.22     79.00     62.30     71.31     89.16     38.40 
    45       57.04      2.25665        68.40     88.93     61.60     38.13    -11.67     59.20     45.40     78.91     92.52     49.01 
    46       51.70      2.79418       103.20     36.40     86.20     10.13      7.78     65.60     19.76     81.89     83.17     22.84 
    47       54.97      4.43480        64.00     60.40     81.00     31.47    -10.56     58.20     57.22     68.15     82.72     57.10 
    48       55.67      5.42679        97.60     69.07     77.60      1.60     -1.11     35.40     62.38     79.78     87.30     47.04 
    49       53.72      6.41279        77.60     72.27     74.20     15.47     14.44     46.90     51.90     71.42     80.54     32.41 
    50       54.33      6.07744        74.00     65.33     96.60     18.13    -24.44     56.10     54.52     72.58     88.66     41.79 
    51       47.33      5.13440        69.80     61.20     68.00     15.47    -23.89     37.20     55.00     69.31     76.05     45.19 
    52       53.51      5.23201        95.40     69.47     68.60     -4.27     16.11     40.30     46.03     77.49     89.71     36.30 
    53       52.26      5.63573        65.80     63.20     74.00     22.40    -13.33     53.80     57.94     78.25     83.49     37.04 
    54       52.25      5.93590        89.40     70.00     67.00      6.93     23.33     42.90     48.73     72.07     78.55     23.58 
    55       56.40      5.57427        91.40     81.60     66.00     10.93     16.11     62.10     44.68     78.40     75.83     36.91 
    56       51.14      6.20613        59.60     70.80     76.60     15.20     19.44     32.10     56.27     56.76     84.58     40.00 
    57       55.89      5.70334        98.40     75.07     82.00     12.80     -6.11     49.70     53.73     81.56     86.58     25.19 
    58       59.17      4.88259        81.40     69.73     99.00     29.60      2.22     49.60     54.68     70.36     85.76     49.38 
    59       56.86      5.98410        79.40     76.93     80.40     27.47     11.67     35.60     59.44     68.36     97.82     31.54 
    60       59.54      3.97402        92.20     59.73     65.60     13.87     15.00     75.70     68.57     72.87     97.51     34.38 
    61       50.00      3.03814        77.20     50.00     69.60     11.47      2.22     75.60     26.27     77.45     87.21     23.02 
    62       52.56      3.97284        74.60     63.07     85.40    -10.67    -20.00     73.90     54.68     71.05     83.40     50.19 
    63       56.96      3.30130        76.40     87.60     80.80     -5.07     25.00     81.60     43.49     69.82     83.27     26.73 
    64       57.09      4.12421        81.80     51.87     77.60     18.40    -17.78     63.30     72.54     73.60     97.14     52.47 
    65       55.30      3.41829        62.20     74.67     70.20      1.07      7.78     75.10     69.44     63.78     90.52     38.27 
    66       63.31      4.32629        87.00     77.87     94.40     41.60     -1.11     65.20     60.87     72.40     88.39     46.48 
    67       52.26      5.06951        92.80     59.73     81.40     -0.80    -16.67     41.90     65.32     73.64     87.89     37.41 
    68       58.74      3.79125       100.60     78.40     82.00      2.93     -2.78     62.00     61.59     74.18     88.39     40.06 
    69       58.11      3.24301        98.00     74.67     72.00     22.40      7.78     67.50     48.81     75.53     92.79     21.67 
    70       62.36      3.04602        78.40     84.40     70.00     37.87     49.44     70.30     32.06     81.42     90.16     29.51 
    71       51.46      2.87862        67.80     80.93     69.40     10.40    -19.44     71.00     33.49     76.76     93.06     31.17 
    72       50.94      3.18563        76.80     69.47     68.00     18.93    -27.78     78.20     37.70     69.71     80.82     37.59 
    73       55.62      3.02068        76.60     65.07     79.40     17.87     12.78     62.00     52.30     73.42     90.43     26.30 
    74       50.40      3.21815        63.00     59.20     78.60     29.87    -13.33     54.30     34.52     71.38     87.76     38.70 
    75       51.87      3.38342        52.20     67.47     74.80     -3.47      1.11     75.80     40.71     72.95     90.43     46.67 
    76       56.17      2.65231        90.80     66.53     74.80     11.20     12.78     77.80     24.68     76.65     85.22     41.23 
    77       52.10      2.53515        92.40     70.27     75.20     10.13    -35.00     67.20     28.73     80.58     88.66     42.78 
    78       55.86      3.06499        83.80     60.27     82.20     36.27      2.78     64.60     44.68     65.38     87.66     30.93 
    79       55.38      2.97561        94.80     65.20     66.80    -10.13      6.67     85.00     40.79     80.73     93.65     30.31 
    80       57.77      3.30587        86.60     67.73     72.80     15.47     27.78     61.60     49.37     72.80     96.10     27.47 
    81       59.05      2.53787        99.40     68.53     60.40     60.27      4.44     61.90     43.02     73.67     87.98     30.93 
    82       56.24      3.00382       100.00     77.07     58.60     24.27     11.67     56.30     32.94     79.64     88.89     33.02 
    83       54.14      2.90254        64.00     70.40     63.60     36.80      9.44     66.70     38.81     69.42     87.76     34.51 
    84       56.01      3.13735        86.40     85.33     68.80      4.00     28.89     79.60     48.02     70.91     78.14     10.00 
    85       58.37      3.27156        89.60     62.00     78.00     26.67     -2.22     62.60     46.90     72.58     88.16     59.44 
    86       52.33      2.92999        81.80     72.13     62.20      0.53     18.33     67.70     28.41     74.40     86.39     31.42 
    87       51.37      3.04898        92.40     59.87     62.20      5.07     13.33     66.90     40.16     79.38     87.39      6.98 
    88       56.04      3.30645        90.60     77.87     69.00     26.93    -22.78     58.50     52.06     83.27     91.88     33.09 
    89       60.74      2.84848        95.00     78.13     58.20     69.60     29.44     56.30     34.60     80.18     95.42     10.56 
    90       55.46      3.34349        90.60     79.07     69.40     12.27     19.44     51.00     44.29     66.22     89.75     32.53 
    91       46.35      2.79149        85.20     59.60     62.80    -15.20    -17.78     74.70     26.59     75.38     86.80     25.37 
    92       51.85      3.04983        83.00     62.40     60.80     -6.67     -2.22     73.00     37.30     74.84     89.07     46.98 
    93       51.31      3.09382        91.40     81.20     54.80     20.80    -31.11     52.00     50.00     78.62     91.84     23.52 
    94       62.34      3.05402        79.60     82.93     72.00     43.47     32.22     77.40     29.68     81.20     98.50     26.36 
    95       54.75      3.02733        99.40     72.80     64.80     10.40     -1.11     61.10     48.41     73.49     88.62     29.63 
    96       48.52      3.06732        84.60     72.67     67.80     -0.27    -11.67     67.10     22.22     71.24     80.86     30.62 
    97       54.98      3.03311       101.60     93.07     48.60     12.00    -16.67     80.40     27.62     78.11     89.30     35.74 
    98       54.82      3.02826        97.00     60.53     66.20      7.20      3.89     81.10     29.13     74.15     88.30     40.74 
    99       51.00      3.00995        76.20     62.00     83.40     28.00    -21.67     42.40     46.19     84.44     83.95     25.12 
   100       51.23      3.03211        77.00     73.60     47.00     45.87    -12.22     65.60     40.48     69.20     85.62     20.19 
   101       57.19      3.04188        81.40     73.60     67.60     17.87     16.67     61.50     40.16     83.67     87.98     41.42 
   102       52.29      3.05402        93.00     84.27     54.40     -1.60    -10.56     73.50     35.40     73.49     92.15     28.89 
   103       61.65      1.27447        96.60     82.53     51.40     56.27     -6.11     67.30     43.81     80.00     88.53     56.17 
   104       53.76      2.36921        86.00     89.73     61.40     11.20    -12.22     42.50     50.79     77.82     84.13     46.30 
   105       53.93      1.81022        78.00     83.60     80.60     18.93    -21.11     68.60     25.32     80.65     80.59     44.07 
   106       55.64      1.61462        69.80     76.13     56.80     12.27     20.00     45.40     48.81     76.47     84.76     65.93 
   107       57.70      3.89389        75.40     78.67     74.60      6.40      2.22     73.10     55.40     71.31     84.13     55.74 
   108       50.15      1.59783        44.20     69.73     67.00     18.40    -23.89     72.10     24.84     81.09     94.42     53.64 
   109       52.90      5.57260        87.20     71.07     67.20     14.13    -14.44     30.30     71.51     73.09     84.76     44.20 
   110       55.42      6.20715        81.00     72.80     67.20    -15.47     37.22     60.50     54.92     76.00     93.92     26.11 
   111       52.79      7.72482        80.60     76.40     71.40      7.73      5.56     40.60     61.90     64.84     91.07     27.84 
   112       48.60      7.65048        80.80     52.67     83.20     -0.27     -2.78     35.40     55.95     70.11     83.31     27.65 
   113       53.61      6.75270        95.60     64.27     66.20     25.60      6.67     36.80     53.97     69.93     87.98     29.07 
   114       51.48      6.73345        95.00     81.73     60.40    -14.67      1.11     43.10     52.38     68.22     92.06     35.43 
   115       55.86      6.87616        97.20     84.67     63.40     17.07      3.33     35.30     60.95     65.67     92.38     38.64 
   116       57.29      7.96990        93.80     63.60     73.80     44.80      8.89     30.10     57.06     72.58     93.79     34.51 
   117       52.09      7.04383        53.80     80.40     61.60      9.87     19.44     45.40     62.38     67.89     85.26     34.81 
   118       51.21      8.83760        89.60     69.73     76.80     14.67      6.67     15.50     53.81     65.93     87.17     32.22 
   119       53.80      8.15972        91.60     71.47     85.20     30.40    -19.44     19.80     65.32     77.71     86.17     29.81 
   120       53.71      9.51565        73.80     57.33     67.60     16.80     35.00     43.40     66.35     64.33     85.90     26.60 
   121       43.36      9.71789        42.80     49.73     64.60     -0.80      1.67     44.10     59.29     62.87     81.18     28.21 
   122       50.71      8.14683        93.00     56.93     80.40     -4.80     11.11     35.50     56.67     66.18     80.91     31.23 
   123       49.33      8.38535        84.60     63.87     67.60     20.80      8.33     10.90     46.19     64.84     94.06     32.16 
   124       56.54      7.99043       110.60     66.40     69.40      7.73     17.78     42.30     62.22     70.47     85.12     33.40 
   125       54.14      6.30883        92.00     71.47     63.40     15.20      5.00     33.00     59.29     73.09     89.66     39.26 
   126       57.87      4.73158        69.00     68.53     74.20      8.00     46.67     68.00     51.67     73.75     80.32     38.58 
   127       59.94      5.49088       111.20     70.80     81.20     18.67     16.11     46.80     55.56     78.84     89.75     30.49 
   128       55.41      5.68146        99.40     76.13     75.20     -5.87     -0.56     38.90     60.24     84.36     92.43     33.83 
   129       57.20      4.48094        94.00     70.27     63.40     16.27     28.89     40.30     55.48     81.31     85.08     37.04 
   130       53.30      3.21610        88.60     84.40     77.00    -20.27    -17.22     67.50     47.38     71.71     92.93     40.99 
   131       60.55      4.02540        68.20     59.33     75.60     20.00     30.00     64.50     70.95     75.67     91.52     49.75 
   132       54.84      2.98117       104.40     55.20     59.00      1.33     37.78     52.20     32.38     73.02     91.66     41.42 
   133       56.01      3.55621        83.40     76.93     75.00     12.27    -10.56     67.30     55.71     71.42     88.21     40.43 
   134       58.17      3.45644        90.00     89.47     73.20     24.80    -33.33     76.80     63.25     73.16     85.80     38.58 
   135       51.36      2.71909        87.80     79.07     43.60     18.67    -12.78     52.20     43.41     73.09     95.74     32.78 
   136       58.05      2.97292        99.80     84.27     68.20      7.73     26.11     72.30     42.70     81.27     83.90     14.20 
   137       50.15      2.87489        98.40     68.13     72.60     13.60    -20.56     59.60     20.00     76.62     86.30     26.79 
   138       57.36      2.23612        95.00     75.73     78.40    -14.13     10.00     78.40     33.89     74.62     87.21     54.51 
   139       61.36      1.50642        97.20     68.80     69.80     39.20      3.33     68.50     58.17     75.38     85.90     47.35 
   140       50.51      1.23151        88.80     66.13     67.20     19.20    -23.89     64.60     20.40     73.45     89.25     40.00 
   141       52.52      1.78403        89.60     81.20     59.40     -6.40    -20.00     76.50     39.37     75.71     86.39     43.40 
   142       46.77      2.64316        37.80     70.80     75.00      4.53     -5.00     68.90     23.41     76.58     84.13     31.54 
   143       57.63      2.23137        89.80     64.80     50.60     14.13     18.33     79.70     31.83     78.15     96.73     52.22 
   144       61.24      2.38095        85.00     90.53     62.60     24.00     33.89     46.70     36.90     74.00     88.62     70.12 
   145       56.44      2.94407        97.00     71.47     74.80     12.53    -11.67     75.50     49.05     71.31     95.24     29.14 
   146       59.34      3.70238       101.40     68.13     82.80     37.33      0.00     53.40     50.63     71.67     86.49     41.54 
   147       54.78      3.40717        81.40     49.20     90.40     15.73    -31.11     73.70     61.43     74.25     95.10     37.72 
   148       55.68      3.21741        76.00     83.60     76.00      5.60     25.00     58.00     33.25     79.31     86.53     33.52 
   149       57.18      1.77565        77.60     34.40     74.80     13.87     42.22     61.90     44.68     79.96     94.24     48.15 
   150       54.59      3.21970        85.60     70.67     59.80      9.07     12.22     69.20     46.19     73.64     90.11     29.38 
   151       52.92      2.96954        87.40     63.20     67.20     29.07    -35.00     64.40     59.84     76.36     90.93     25.80 
   152       52.93      2.90155        76.20     67.87     75.20     45.87      1.11     39.00     26.51     75.24     85.08     37.22 
   153       58.54      2.59569        84.00     83.07     56.60     26.67     -0.00     72.90     36.67     81.16     87.30     57.04 
   154       51.49      3.35746        88.20     59.73     74.20      4.53     -6.11     51.70     45.24     61.45     89.57     46.42 
   155       54.91      2.99737        86.40     78.13     82.60     10.13     20.00     70.80     37.22     72.51     84.72      6.60 
   156       56.81      2.60508        86.80     90.27     62.80     15.73      2.78     66.20     47.70     71.89     91.25     32.65 
   157       56.65      3.54788        78.60     75.47     71.80      9.07      2.22     69.80     53.57     69.09     91.47     45.37 
   158       57.82      3.19540        91.00     68.80     69.20     18.13      8.89     76.90     48.17     79.13     94.60     23.40 
   159       54.32      2.50216        55.00     81.87     55.00      8.27     18.89     61.00     58.17     85.75     77.69     41.54 
   160       57.92      3.57501        89.60     76.40     78.00     12.80    -13.33     76.40     51.51     75.35     92.93     39.57 
   161       60.20      3.10109        80.60     79.87     68.80     25.87     32.22     52.90     53.73     79.13     83.67     45.19 
   162       57.31      3.17281        97.60     83.47     76.40     32.00    -10.00     61.80     42.86     78.40     84.49     26.11 
   163       54.12      2.87403        76.00     60.40     61.60     18.13     22.22     61.70     55.16     81.67     92.38     11.98 
   164       59.55      3.52591       102.80     63.73     69.80     11.73     18.33     82.60     55.40     64.73     89.66     36.73 
   165       56.80      3.91540        70.80     64.80     78.00     14.40     10.00     59.70     65.16     70.91     90.39     43.83 
   166       52.71      3.04437        86.60     77.20     65.40      6.13      8.89     67.90     37.94     66.76     88.75     21.48 
   167       58.18      3.15408        84.80     83.47     46.80     22.40     11.67     71.10     52.14     80.18     90.98     38.27 
   168       59.84      2.60397        77.40     87.60     86.20     25.33     22.78     63.60     37.38     80.62     94.83     22.65 
   169       57.89      3.12453        78.80     57.07     78.40     33.07      7.78     75.40     55.08     70.98     87.62     34.75 
   170       56.74      2.74415        85.20     92.27     62.80     15.20      4.44     69.10     43.81     78.25     88.39     27.90 
   171       54.33      2.98642        89.00     81.73     71.20     -6.93      7.22     76.20     42.30     73.64     90.66     18.27 
   172       52.07      2.83311        91.40     67.87     68.20     21.87    -15.00     64.30     36.03     81.16     86.62     18.21 
   173       54.47      2.59294        80.80     49.33     58.40     33.33     13.33     64.90     44.05     79.02     89.25     32.28 
   174       51.72      2.76713        93.60     77.73     81.80     -2.40     -2.22     42.20     16.67     76.55     82.63     50.62 
   175       62.84      3.06852       105.80     86.40     78.00     34.93     12.78     71.50     49.05     79.02     86.17     24.75 
   176       53.70      2.94118       101.60     92.40     66.60     -8.80    -10.56     71.50     39.29     69.53     75.69     39.75 
   177       54.95      3.31118        73.80     77.33     90.00     20.00     13.89     52.80     37.70     70.15     85.03     28.77 
   178       57.64      3.53040        97.00     47.73     69.20     10.93      1.11     67.70     70.95     76.69     84.94     50.12 
   179       51.30      2.82287        96.00     67.73     71.20     -9.07    -13.33     74.60     37.62     75.93     93.02     19.26 
   180       55.69      3.00459        61.60     84.40     70.20     51.47    -25.56     79.40     36.03     67.96     92.38     39.01 
   181       56.18      2.53951        67.40     75.20     63.80     26.40     20.56     78.40     35.71     76.76     79.50     38.02 
   182       56.54      3.43125        90.00     76.93     76.40      2.13     10.00     70.50     44.21     75.64     92.47     27.16 
