constructTestCases(): generating 11 specified cases ...  DONE
Procedure Optimizer.Optimize()
Oracle probabilites : disabled
Optimizer(): Simulated Annealing , Random-normalized optimality [%]
Optimizer(): config:  [[0.0], [3.0], [], 10, 10, 0.75, 0.01, 0.5, 0.01]
Optimizer(): selective:  0.000000  
Optimizer(): evals/step: 10
Optimizer(): numParams: 1 , completeRepeats: 100
MABsolver_config: algorithms: UCBtuned , CP Disabled , CPT Davor , Reset: TODO
MABsolver_config: params: types:  Direct  Direct  Direct  Direct  
MABsolver_config: params: numInputs:  0  0  0  0  
MABsolver_config: params: weights:  [  1.000000  ]  [  2.500000  ]  [  0.200000  ]  [  5.000000  ]  
BanditTestBatch: casesIDs:  0  1  2  3  4  
BanditTestBatch: numCases: 5
BanditTestBatch: maxim sum reward: 1170.0
BanditTestBatch: random reward: 939.5

    33.32     1.000000 
    37.47     2.165421 
    29.75     3.000000 
    34.74     1.954636 
    37.60     1.335940 
    49.35     0.504470 
    36.77     0.203973 
    35.00     1.789585 
    22.96     2.951501 
    24.78     2.528058 
    23.41     2.702353 
    51.37     0.793363 
    63.81     0.183892 
    46.10     0.849190 
    47.73     0.733449 
    23.82     0.000000 
    63.59     0.594377 
    51.62     0.735398 
    56.66     1.164566 
    61.84     0.586286 
    29.61     1.708752 
     6.90     0.036624 
     9.21     0.000000 
    52.39     0.703855 
    22.68     0.000000 
    39.54     1.518831 
    18.72     0.000000 
    11.84     0.000000 
    50.48     0.330002 
    11.24     0.000000 
    14.02     0.000000 
    51.50     0.964383 
    30.76     1.848872 
    39.94     1.755381 
    36.67     1.702300 
    25.70     2.163517 
    49.84     0.856599 
    54.47     0.329834 
    48.21     0.000000 
    55.40     0.536546 
    46.48     0.660682 
    42.69     0.874559 
    40.24     0.325739 
    14.40     0.000000 
    53.13     0.267697 
    26.68     0.000000 
    28.93     0.000000 
    43.45     0.551290 
    52.99     0.325526 
    46.63     1.069604 
    47.32     0.182929 
    -1.08     0.000000 
     7.07     0.000000 
    28.00     0.000000 
    52.62     1.006706 
    50.71     1.081752 
    51.18     0.597558 
    34.96     0.803350 
    60.21     0.745215 
    51.79     0.928698 
    49.89     0.984335 
    55.34     0.510717 
    46.94     0.182057 
    53.36     0.063297 
    20.40     0.000000 
    53.26     0.473017 
    45.57     0.609373 
    60.92     0.919797 
    52.73     0.550486 
    52.14     0.804146 
    46.91     0.776191 
    55.59     0.644388 
    55.34     0.759102 
    57.60     0.411006 
    51.25     0.358389 
    34.71     0.178341 
    56.65     0.273948 
    48.95     0.735627 
    53.07     0.728447 
    53.47     0.561887 
    56.80     0.497493 
    57.40     0.394599 
    49.35     0.583201 
    44.15     0.428052 
    43.95     0.307737 
    51.40     0.304379 
    58.52     0.368926 
    52.68     0.286744 
    58.89     0.306339 
    38.46     0.302458 
    67.56     0.262051 
    45.12     0.256396 
    37.30     0.256245 
    36.73     0.260710 
    57.82     0.267139 
    50.21     0.251034 
    35.52     0.236500 
    60.88     0.289953 
    38.48     0.255279 
    58.17     0.245995 
    49.89     0.270035 
    46.84     0.262051 
    13.74     0.000000 
    20.38     0.000000 
    20.70     0.000000 
    57.16     0.674951 
    29.98     1.988844 
    34.04     0.000000 
    29.84     0.000000 
    14.23     0.000000 
     7.43     0.000000 
    55.28     0.000000 
    55.50     0.874439 
    27.22     2.186181 
    40.52     0.965511 
    49.39     0.954149 
    40.11     0.961836 
    40.04     1.777326 
    40.61     0.959925 
    49.47     0.573199 
    20.55     0.118122 
    45.16     1.298781 
    45.75     0.975834 
    34.67     1.810606 
    36.24     1.966845 
    31.19     2.097246 
    30.29     2.636445 
    25.73     3.000000 
    33.18     2.582228 
    32.58     1.767340 
    29.96     2.907862 
    32.03     3.000000 
    22.93     2.320994 
    25.44     2.966763 
    28.67     2.256981 
    36.61     1.866223 
    47.12     1.383632 
    48.12     0.814212 
    37.28     1.697150 
    49.70     1.297698 
    54.60     0.443810 
    39.97     1.452493 
    20.58     0.000000 
    43.23     0.726881 
    36.70     0.161967 
    35.74     0.370165 
    52.11     0.935643 
    55.45     0.751908 
    46.65     1.014670 
    34.18     0.059341 
    51.49     0.744766 
    53.50     0.172660 
    56.24     0.119892 
    28.08     0.000000 
    26.59     0.000000 
     8.67     0.000000 
    48.34     0.695014 
    55.46     0.332707 
    46.06     0.833440 
    46.90     0.879821 
    43.04     0.344593 
    31.58     0.000000 
    11.90     0.002887 
    53.41     0.144486 
    22.00     0.000000 
    47.57     0.611973 
    39.90     1.121340 
    59.80     0.136651 
    28.24     0.000000 
    35.20     0.374240 
    35.80     0.239536 
    55.86     0.240368 
    54.87     0.427276 
    50.56     0.067479 
    17.81     0.000000 
    61.75     0.593637 
    57.80     0.354175 
    46.80     0.763316 
    39.26     0.340546 
    35.61     0.731161 
    36.47     0.269392 
    52.56     0.947535 
    48.36     0.632955 
    53.71     0.652230 
    60.64     0.401603 
    52.60     0.249832 
    41.80     0.538319 
    52.33     0.208973 
    45.32     0.483192 
    62.94     0.375293 
    52.33     0.403662 
    42.71     0.402081 
    51.63     0.402063 
    46.29     0.400162 
    33.20     0.384128 
    44.18     0.402912 
    40.40     0.356432 
    36.84     0.402423 
    51.94     0.394928 
    56.53     0.384195 
    55.40     0.401865 
    47.49     0.394522 
    48.64     0.375293 
    29.22     0.000000 
    45.89     1.160009 
    47.45     0.105743 
     7.91     0.000000 
    46.41     1.077083 
    67.05     0.361589 
    15.88     0.000000 
    20.83     0.000000 
    12.60     0.000000 
    37.02     1.265437 
    22.32     1.925589 
    37.29     1.517446 
    50.10     0.837191 
     3.11     0.000000 
    18.32     0.000000 
    40.84     0.000000 
    11.96     0.000000 
    20.02     0.000000 
    18.15     0.000000 
     7.69     0.000000 
    37.72     0.247363 
    19.84     0.000000 
    21.38     0.000000 
    59.64     0.076209 
    53.70     0.092414 
     4.87     0.000000 
    34.44     1.241097 
    51.98     0.093436 
    17.60     0.000000 
    51.29     0.693840 
    43.78     1.094374 
    39.24     1.066853 
    50.95     1.085682 
    59.63     1.089341 
    28.55     2.063410 
    33.31     1.528701 
    45.44     1.171043 
    31.86     1.954161 
    57.26     0.414402 
    51.32     0.766245 
    47.16     1.407317 
    41.65     1.815202 
    51.68     1.042227 
    38.10     1.620507 
    34.62     1.403852 
    47.75     0.905128 
    46.61     1.649268 
    40.76     1.170628 
    41.87     0.970586 
    31.34     1.804605 
    32.63     1.868436 
    28.06     1.828453 
    29.85     2.455112 
    27.73     3.000000 
    40.07     2.408921 
    32.88     2.423186 
    30.75     2.592498 
    34.94     2.129742 
    28.31     2.276296 
    37.85     1.499584 
    42.80     1.238886 
    38.20     1.471267 
    41.79     1.864424 
    30.42     1.832090 
    36.13     1.386493 
    38.53     1.481967 
    38.21     1.600420 
    29.23     1.710437 
    44.94     1.144851 
    49.56     1.273575 
    39.28     1.198282 
    39.32     1.186794 
    36.88     1.389912 
    38.64     1.297520 
    32.48     1.397213 
    43.51     1.589304 
    31.94     1.900731 
    38.62     1.768941 
    35.44     1.919904 
    42.22     1.379032 
    40.23     1.222487 
    41.19     1.115248 
    42.58     0.990389 
    48.56     1.157832 
    48.24     0.972937 
    54.63     1.154165 
    47.99     1.209043 
    40.18     1.004554 
    52.90     1.119364 
    37.73     1.179273 
    48.49     1.106318 
    51.89     1.092875 
    46.01     1.147355 
    53.23     1.106431 
    49.90     1.115685 
    36.66     1.108891 
    41.93     1.089499 
    38.14     1.089939 
    52.20     1.126892 
    47.12     1.127740 
    38.10     1.127740 
    45.93     0.492180 
    19.48     0.000000 
    21.97     0.000000 
    46.88     0.764198 
    37.49     1.714035 
    39.40     0.908999 
    42.23     1.714552 
    32.46     2.298419 
    33.74     1.629966 
    39.68     0.739906 
    46.11     0.465952 
    40.32     0.741128 
    45.23     0.758697 
    55.02     0.535045 
    32.98     1.447175 
    54.53     0.633868 
    39.59     1.782413 
    41.26     1.921241 
    38.40     1.593879 
    47.38     0.877042 
    34.52     1.766547 
    35.86     1.753802 
    42.26     1.647469 
    40.28     2.205834 
    31.31     2.106811 
    35.30     2.083390 
    33.34     2.210503 
    28.64     2.759836 
    26.36     3.000000 
    20.77     2.733861 
    23.65     3.000000 
    29.06     3.000000 
    15.42     3.000000 
    29.89     3.000000 
    29.36     3.000000 
    24.52     3.000000 
    24.95     3.000000 
    21.61     2.549625 
    21.78     2.967435 
    23.54     3.000000 
    23.23     2.894061 
    27.34     3.000000 
    31.61     2.337978 
    34.12     1.590672 
    29.95     2.307995 
    31.39     2.327758 
    27.44     2.591391 
    23.84     2.969526 
    31.96     3.000000 
    31.46     3.000000 
    24.93     2.974495 
    35.31     2.354874 
    27.26     2.228294 
    29.36     2.155123 
    29.93     2.218840 
    36.48     1.921342 
    28.16     2.226354 
    41.74     1.303485 
    38.66     1.712742 
    37.37     1.293175 
    40.12     1.164171 
    47.30     1.271607 
    48.67     1.064686 
    34.92     1.438110 
    31.83     1.485441 
    38.24     1.235639 
    37.04     1.362421 
    34.03     1.582339 
    50.92     0.839496 
    43.17     1.163648 
    30.80     1.193946 
    47.35     0.854233 
    52.09     0.734601 
    46.58     0.607368 
    46.42     1.025493 
    51.12     0.772245 
    48.08     0.567877 
    57.43     0.457185 
    54.46     0.719576 
    50.63     0.408338 
    59.25     0.265906 
    55.44     0.392125 
    67.70     0.247067 
    39.00     0.098537 
    51.70     0.265658 
    38.81     0.086898 
    48.74     0.239151 
    36.38     0.292290 
    31.93     0.185936 
    47.84     0.191752 
    39.56     0.248771 
    57.29     0.273807 
    52.30     0.235743 
    49.66     0.234043 
    51.70     0.255215 
    34.84     0.223344 
    56.85     0.223644 
    50.73     0.245883 
    57.50     0.263642 
    46.22     0.257613 
    56.58     0.247067 
    17.55     0.000000 
    33.44     0.000000 
    18.39     0.000000 
    44.60     1.193587 
    34.15     2.045762 
    30.80     1.301299 
    23.36     2.545759 
    50.10     1.085774 
    49.07     0.976801 
    21.52     2.171129 
    39.90     2.164437 
    33.10     3.000000 
    22.15     2.948001 
    31.44     2.616289 
    41.71     1.349056 
    30.81     1.783222 
    35.77     1.094869 
    42.21     1.008956 
    41.39     1.370346 
    55.39     0.095407 
    51.07     0.843458 
    39.19     1.380083 
    41.72     1.751103 
    29.81     2.112068 
    37.58     1.856099 
    48.16     1.024084 
    35.59     1.251644 
    37.47     1.534649 
    28.38     1.914692 
    33.18     2.344552 
    19.39     3.000000 
    34.93     1.791322 
    32.64     2.078322 
    31.03     2.157750 
    26.55     2.338745 
    33.71     2.587248 
    26.73     3.000000 
    33.24     1.739648 
    39.72     1.396208 
    48.85     0.969360 
    62.62     0.634421 
    61.14     0.449349 
    32.09     0.220319 
    42.73     0.952963 
    42.89     0.988608 
    37.96     1.251967 
    48.75     1.155881 
    52.36     0.751566 
    52.09     0.187548 
    46.05     0.736102 
    43.93     0.225910 
    39.66     0.000000 
    -2.70     0.000000 
    16.87     0.000000 
    52.30     0.418384 
    44.40     0.065889 
    53.52     0.544480 
    50.44     1.005520 
    32.81     1.149306 
    50.76     0.697470 
    50.20     0.216367 
    10.77     0.000000 
    51.59     0.407990 
    53.76     0.373744 
    32.58     0.058656 
    46.68     0.037074 
    52.50     0.428630 
    39.32     0.115635 
    53.21     0.690478 
    41.84     1.180004 
    45.51     1.242113 
    58.28     0.967862 
    43.94     1.241214 
    50.77     0.762237 
    55.73     0.903460 
    54.85     0.721814 
    50.93     0.637376 
    53.50     0.965417 
    47.54     1.302645 
    50.89     1.026468 
    50.82     0.849574 
    44.15     1.021089 
    52.49     0.962063 
    46.03     1.004208 
    53.81     0.967439 
    55.60     0.842091 
    54.24     0.856182 
    51.89     0.800742 
    51.74     0.651898 
    57.71     0.677520 
    55.09     0.659575 
    58.51     0.656504 
    48.30     0.660269 
    51.11     0.662721 
    53.94     0.629278 
    54.40     0.626751 
    59.40     0.652861 
    45.42     0.682786 
    50.79     0.661867 
    50.21     0.682345 
    48.74     0.652861 
    39.01     0.000000 
    15.73     0.003858 
    21.12     0.000000 
    42.73     1.089823 
    19.14     2.270772 
    30.80     3.000000 
    22.68     3.000000 
    41.06     1.602859 
    46.76     1.247780 
    38.04     0.469425 
    42.54     1.158122 
    29.06     1.590951 
    36.36     1.650471 
    43.08     1.044600 
    38.56     1.934422 
    17.43     2.912042 
    26.15     2.607447 
    30.88     2.187624 
    36.68     1.083610 
    37.88     1.650008 
    44.26     0.996324 
    48.39     1.186006 
    27.48     1.494728 
    46.87     0.873513 
    28.33     0.000000 
    30.86     0.000000 
    48.63     0.925701 
    47.94     0.520409 
    39.50     0.921304 
    59.24     0.304004 
    51.92     0.181969 
    41.85     1.102443 
    44.50     1.178202 
    45.63     1.459827 
    39.76     0.986913 
    45.94     0.485259 
    51.39     0.954902 
    43.45     0.563880 
    39.32     1.351682 
    18.17     0.000000 
    41.33     0.843830 
    47.47     0.483728 
    44.40     0.996966 
     5.30     0.000000 
    48.81     1.072052 
    45.00     0.704086 
    31.29     0.082278 
    44.25     0.612321 
    53.46     0.988506 
    43.56     1.505594 
    42.99     1.010864 
    40.99     1.603195 
    51.67     0.994529 
    38.58     1.162979 
    36.24     1.042114 
    34.52     1.605008 
    45.67     1.423813 
    58.38     0.398888 
    48.97     0.247630 
    37.74     0.428311 
     0.04     0.000000 
    -5.75     0.000000 
    45.36     0.100851 
    62.08     0.173208 
    51.00     0.583302 
    14.24     0.000000 
    47.79     0.092581 
    24.68     0.000000 
    22.94     0.000000 
    25.46     0.000000 
    42.87     0.416283 
    48.99     0.305002 
    65.26     0.164174 
    36.04     0.202347 
    21.48     0.000000 
    44.84     0.336291 
    26.74     0.019646 
    45.64     0.292536 
    61.15     0.487416 
    40.91     0.263450 
    48.66     0.356026 
    50.40     0.290069 
    52.49     0.234705 
    43.35     0.096421 
    55.78     0.207877 
    48.51     0.213156 
    40.93     0.045644 
    57.11     0.180667 
    44.94     0.302240 
    59.42     0.159513 
    39.89     0.165786 
    59.69     0.164714 
    51.40     0.183979 
    27.72     0.158157 
    54.04     0.169090 
    55.36     0.194084 
    58.21     0.169638 
    44.23     0.136694 
    46.37     0.160027 
    50.68     0.186564 
    62.20     0.164174 
    26.99     0.000000 
    48.25     0.908041 
    39.98     0.000000 
    10.29     0.000000 
    28.91     0.000000 
    48.63     1.176120 
    39.65     2.127418 
    32.18     1.364118 
    40.40     0.484755 
    37.59     0.640279 
    11.15     0.000000 
    -7.16     0.000000 
    22.34     0.000000 
    47.95     0.638575 
    33.49     1.152948 
    46.86     1.378189 
    38.68     1.131335 
    34.71     2.028140 
    43.61     1.565409 
    34.21     1.793235 
    46.98     1.403144 
    31.24     2.516478 
    36.05     2.528029 
    32.30     2.521611 
    43.46     1.112546 
    47.13     0.870688 
    35.06     1.554740 
    38.07     1.770335 
    28.62     1.872298 
    38.32     1.697563 
    34.64     1.501856 
    25.10     2.559117 
    49.14     1.034881 
    39.80     0.091337 
    -2.34     0.000000 
    48.50     1.083852 
    39.93     0.977268 
    62.70     0.345158 
    26.55     0.000000 
    46.64     0.471505 
    47.20     0.705631 
    57.92     0.154414 
    38.02     0.175272 
    53.00     0.892041 
    40.25     1.358544 
    33.02     1.679399 
    59.60     0.219319 
     2.25     0.000000 
    38.11     0.120418 
    58.19     0.684436 
    53.92     0.314094 
    40.08     0.646959 
    36.51     0.063566 
    60.51     0.627489 
    39.92     1.027002 
    52.01     0.707282 
    49.56     0.560929 
    54.08     0.435599 
    37.36     0.758705 
    49.30     1.263290 
    42.10     0.969451 
    53.67     0.931592 
    38.11     1.378346 
    36.98     1.113119 
    54.75     0.523072 
    53.48     0.906384 
    28.05     1.235984 
    43.62     1.049970 
    41.39     1.138262 
    52.31     0.770642 
    42.48     0.863634 
    44.13     1.119547 
    44.05     0.920697 
    52.47     0.911875 
    53.16     1.055234 
    49.90     0.749679 
    41.39     1.303518 
    50.79     1.369914 
    46.78     1.249975 
    39.98     1.649473 
    44.25     1.546620 
    38.68     1.418575 
    32.12     1.463280 
    40.22     1.534195 
    40.07     1.560220 
    27.26     1.594644 
    36.94     1.604125 
    38.84     1.464751 
    41.36     1.460761 
    42.97     1.476403 
    43.66     1.465354 
    42.64     1.475148 
    40.52     1.455905 
    39.23     1.446815 
    37.68     1.450275 
    33.49     1.474949 
    40.17     1.462062 
    41.60     1.436956 
    39.67     1.427992 
    32.31     1.406366 
    47.05     1.427992 
    36.50     2.241420 
    24.15     3.000000 
    23.62     3.000000 
    28.92     1.829596 
    36.65     1.251428 
    52.78     0.231015 
    13.23     0.000000 
    47.62     0.954542 
     9.92     0.000000 
    25.46     0.000000 
    23.34     1.929907 
    44.32     0.736815 
    40.41     1.496672 
    51.20     0.496483 
    55.67     0.869475 
    34.44     0.000000 
    50.14     0.506596 
    29.47     0.000000 
     1.85     0.000000 
    56.02     0.859880 
    56.02     0.363402 
    33.36     0.000000 
    47.86     0.251462 
    45.94     0.566131 
    43.20     0.971722 
    39.05     1.268211 
    34.03     2.003857 
    28.82     1.627795 
    34.51     1.812337 
    40.93     2.011501 
    32.92     1.923027 
    32.51     1.289843 
    45.94     1.263897 
    40.24     1.706536 
    23.22     1.947002 
    37.03     1.156583 
    37.28     0.589209 
    55.33     0.959417 
    53.88     0.191421 
    26.68     0.000000 
    40.89     0.954509 
    44.60     0.849497 
    13.96     0.000000 
    44.70     0.988903 
     5.50     0.000000 
    49.08     0.751416 
    49.36     0.828666 
    66.83     0.444597 
    27.49     0.000000 
    53.09     0.486626 
    46.40     0.637620 
    43.89     0.536701 
    24.77     0.000000 
    46.23     1.120551 
    30.81     0.322032 
    47.14     1.060444 
    20.77     0.039532 
    38.97     0.000000 
    35.18     1.163617 
    50.62     0.761190 
    55.59     0.546445 
    68.74     0.135089 
    54.82     0.089964 
    12.91     0.000000 
    50.51     0.475894 
    27.56     0.000000 
    52.05     0.206078 
    18.37     0.000000 
    37.60     0.000000 
    64.79     0.523510 
    45.06     0.521239 
    48.76     0.706979 
    54.96     0.731110 
    45.62     0.205839 
    50.51     0.802245 
    41.76     0.274880 
    47.27     0.725993 
    41.44     0.186880 
    54.99     0.599780 
    44.02     0.177436 
    48.12     0.359584 
    48.09     0.548575 
    63.52     0.437508 
    44.58     0.288757 
    48.29     0.247638 
    42.48     0.475856 
    54.26     0.394825 
    50.54     0.552846 
    48.52     0.501788 
    53.05     0.369553 
    44.96     0.424240 
    50.28     0.411345 
    33.39     0.439674 
    52.36     0.418481 
    47.92     0.414648 
    45.31     0.450051 
    43.26     0.414587 
    55.39     0.440842 
    56.42     0.445170 
    54.20     0.453194 
    59.61     0.437508 
    41.00     1.498513 
    24.08     2.594461 
    33.30     2.546428 
    45.76     1.221064 
    53.42     0.748851 
    34.04     1.483008 
    37.13     2.403573 
    25.19     3.000000 
    39.53     1.313735 
    43.24     0.280487 
    27.68     0.000000 
     9.93     0.000000 
    34.07     0.257606 
    44.57     0.532857 
    43.67     1.541854 
    52.31     0.297702 
    49.75     0.276019 
    41.83     1.343862 
    25.65     2.638107 
    28.48     3.000000 
    35.82     2.024701 
    24.04     3.000000 
    21.69     3.000000 
    27.90     1.918779 
    39.87     1.057126 
    40.63     1.373932 
    52.31     0.843890 
    43.58     1.833401 
    51.55     1.078724 
    36.29     0.086170 
    33.25     1.030903 
    33.43     1.411681 
    44.47     0.785888 
    53.77     0.101426 
    18.26     0.000000 
    45.03     0.523583 
    30.33     0.000000 
     3.88     0.000000 
    27.83     0.000000 
    15.51     0.000000 
    42.47     0.156207 
    47.86     0.515858 
    57.11     0.772322 
    43.76     1.277770 
    66.61     0.142465 
     7.49     0.000000 
    53.22     0.245679 
    23.44     0.000000 
    50.15     0.418294 
    58.75     0.502289 
    66.16     0.416411 
    52.54     0.151027 
    45.18     0.820452 
    45.10     0.932566 
    25.09     0.000000 
    19.88     0.000000 
    42.54     0.089026 
    58.29     0.134215 
    53.49     0.618560 
    36.39     0.000000 
    54.64     0.712142 
    49.74     0.270990 
     5.07     0.000000 
    18.50     0.000000 
    31.49     0.295680 
    19.09     0.070872 
    46.86     0.911909 
    44.92     0.277352 
    39.22     0.828424 
    38.71     0.309443 
    47.03     0.535317 
    38.20     0.470173 
    47.16     0.400495 
    55.00     0.451867 
    49.79     0.598442 
    61.18     0.743044 
    37.64     1.017524 
    43.68     1.033566 
    43.88     1.002102 
    44.98     1.058694 
    48.49     0.887963 
    48.91     0.686581 
    43.92     0.853046 
    56.93     0.904332 
    52.28     0.919349 
    55.21     0.870954 
    47.61     0.847078 
    54.78     0.799987 
    56.48     0.636927 
    54.95     0.730300 
    51.72     0.662037 
    54.08     0.649819 
    46.60     0.655872 
    48.68     0.626396 
    52.28     0.664526 
    47.51     0.679576 
    56.09     0.676506 
    49.80     0.651299 
    51.67     0.666273 
    54.68     0.659719 
    53.45     0.676506 
    39.61     1.863657 
    37.59     2.081965 
    13.81     0.012406 
    53.76     0.611221 
    50.75     0.818836 
    45.26     0.873954 
    29.64     2.168938 
    25.66     2.391379 
    19.64     3.000000 
    29.32     3.000000 
    32.04     2.652252 
    37.57     1.361102 
    31.09     2.209668 
    34.75     2.403002 
    33.08     1.885642 
    19.29     2.744588 
    32.51     3.000000 
    24.27     2.366446 
    33.80     2.607836 
    29.50     3.000000 
    43.94     1.968124 
    46.64     1.211917 
    35.59     1.126302 
    24.00     2.212763 
    54.81     0.221797 
    48.54     0.974778 
    30.45     0.133484 
    34.24     1.263488 
    33.46     1.455544 
    45.63     1.567268 
    42.30     0.683789 
    42.92     1.567543 
    43.87     1.063743 
    51.46     0.209764 
    22.72     0.000000 
    42.76     0.584492 
    30.58     0.000000 
    45.93     0.615344 
    26.57     0.000000 
    25.79     0.000000 
    60.66     0.480399 
    60.12     0.148120 
    54.38     0.539621 
    26.57     0.000000 
    19.45     0.000000 
    55.56     0.443753 
    33.46     0.066735 
    50.00     0.710921 
    44.49     0.177708 
    44.24     1.164049 
    44.42     0.668825 
    43.48     0.525392 
    48.76     0.825991 
    55.02     0.608658 
    31.78     1.152178 
    44.62     0.784339 
    39.67     0.102407 
    50.24     0.390631 
     8.50     0.000000 
    47.43     1.073861 
    29.38     0.000000 
    56.40     0.216213 
    53.18     0.315539 
    41.92     0.017364 
    53.92     0.353183 
    22.01     0.000000 
    41.04     0.153985 
    15.29     0.000000 
    46.82     0.253919 
    27.36     0.000000 
    57.01     0.173856 
    66.91     0.437655 
    44.36     0.732706 
    40.54     0.582829 
    57.14     0.752754 
    37.30     0.787838 
    43.12     0.253332 
    56.04     0.586616 
    66.73     0.371946 
    49.84     0.532386 
    58.57     0.409123 
    44.70     0.322245 
    56.48     0.501294 
    48.25     0.339537 
    56.41     0.195380 
    49.58     0.561261 
    57.14     0.339225 
    57.95     0.474814 
    63.68     0.462820 
    49.84     0.274281 
    53.28     0.397957 
    61.85     0.372371 
    50.58     0.394578 
    50.80     0.372689 
    42.76     0.363458 
    41.45     0.396261 
    36.13     0.344750 
    51.51     0.342108 
    40.39     0.382586 
    51.28     0.397290 
    53.51     0.371946 
    35.22     1.782243 
    35.94     0.173811 
    44.25     1.094406 
    30.18     2.057577 
    48.82     0.905922 
    37.12     1.784616 
    53.01     0.730409 
    53.63     0.363332 
    48.63     1.485890 
    33.22     1.856100 
    22.99     2.224632 
    49.22     0.892625 
    36.29     1.675648 
    50.79     0.459052 
    51.24     0.950385 
    72.46     0.177887 
    44.69     0.000000 
    44.67     0.564019 
    34.08     0.000000 
    28.32     0.000000 
    44.81     0.923445 
    46.09     0.948481 
    34.62     1.133962 
    18.17     0.000000 
    28.97     1.799909 
    37.52     1.929064 
    37.64     1.231420 
    38.29     1.489453 
    30.80     1.383080 
    38.44     1.914492 
    35.96     2.090062 
    38.67     2.393986 
    31.34     1.611743 
    26.13     2.357355 
    35.85     1.566478 
    32.44     1.417614 
    43.00     1.040828 
    31.23     0.064461 
    38.09     0.000000 
    57.03     0.365633 
    51.86     0.218056 
    44.82     0.328290 
    51.32     0.950719 
    32.32     1.675327 
    62.66     0.216432 
    15.27     0.000000 
    60.28     0.693599 
    53.38     1.038113 
    33.89     0.935874 
    40.04     0.663167 
    56.19     0.491811 
    55.46     0.535489 
    29.88     0.007929 
    32.38     0.108231 
    45.04     0.127523 
    42.41     0.051330 
    58.78     0.675194 
    48.86     0.651720 
    45.46     1.270032 
    39.32     1.303960 
    52.71     0.950180 
    45.07     1.019484 
    40.16     0.936252 
    47.05     0.932578 
    42.68     1.133774 
    44.18     0.622868 
    56.18     0.750782 
    43.47     1.096030 
    42.08     1.180552 
    33.74     1.221587 
    36.32     1.252745 
    34.16     0.909151 
    36.18     1.370304 
    47.80     1.590490 
    31.49     1.747757 
    39.39     1.832298 
    29.37     1.462796 
    30.78     1.747821 
    48.32     1.475071 
    32.93     1.554454 
    38.83     1.467640 
    46.41     1.285179 
    46.02     1.236688 
    43.58     1.175094 
    52.36     1.102630 
    38.22     0.909410 
    45.51     0.944509 
    37.46     0.895565 
    44.07     1.063470 
    54.80     0.952202 
    43.63     0.967110 
    46.27     0.978120 
    47.22     0.943447 
    48.84     0.925564 
    36.26     0.960848 
    44.08     0.950253 
    41.36     0.927033 
    42.06     0.924737 
    40.01     0.943370 
    48.98     0.972940 
    45.81     0.952202 
    45.00     0.000000 
    48.52     1.014379 
    33.07     2.279380 
    40.05     1.172178 
    55.43     0.125327 
    16.17     0.000000 
    50.26     0.266635 
    34.09     0.000000 
    17.48     0.000000 
    57.51     0.759444 
    60.51     0.659932 
    35.12     0.000000 
    22.19     0.000000 
    46.20     0.431208 
    22.81     0.000000 
    51.35     0.715435 
    17.48     0.044661 
    46.09     0.802041 
    44.76     0.853936 
    65.84     0.000000 
    61.90     0.444554 
    29.53     0.467326 
    25.97     0.000000 
    60.08     0.468054 
    30.44     0.000000 
    51.88     0.830410 
    54.36     0.724884 
    48.70     1.080571 
    40.29     0.000000 
     4.12     0.000000 
    48.31     0.253760 
    58.79     0.674829 
    32.87     1.513183 
    51.70     0.127632 
    34.01     1.635936 
    26.02     0.329515 
    20.58     0.000000 
    52.52     0.201794 
    49.68     0.330394 
    37.27     1.287145 
    40.48     0.565281 
    58.62     0.182820 
    20.44     0.000000 
    67.00     0.337434 
    41.60     0.119147 
    46.88     0.228719 
     0.01     0.000000 
     3.69     0.000000 
     8.70     0.000000 
    49.94     0.084630 
     4.97     0.000000 
    56.67     0.214990 
    53.70     0.264079 
    47.90     0.644525 
    31.21     0.000000 
    50.20     0.807714 
    27.63     0.000000 
     5.66     0.000000 
    53.16     0.542049 
    50.32     0.417006 
    52.99     0.692328 
    39.10     0.174814 
    41.52     0.102541 
    49.69     0.597161 
    25.94     0.000000 
    65.90     0.286950 
    16.98     0.000000 
    47.02     0.716535 
    59.15     0.366236 
    45.54     0.046112 
    45.98     0.240142 
    46.69     0.505374 
    55.30     0.435786 
    38.66     0.122291 
    53.26     0.608030 
    52.50     0.509514 
    54.18     0.606628 
    65.91     0.345129 
    50.41     0.472059 
    37.03     0.122330 
    51.12     0.341154 
    52.12     0.401888 
    50.15     0.318560 
    51.28     0.378225 
    60.55     0.360767 
    38.60     0.326162 
    47.81     0.187114 
    49.05     0.510716 
    45.49     0.439043 
    46.22     0.195756 
    64.18     0.318821 
    37.53     0.370578 
    40.21     0.335762 
    45.80     0.356089 
    47.00     0.333728 
    49.44     0.372037 
    41.85     0.361283 
    47.75     0.374055 
    50.00     0.372786 
    64.74     0.363675 
    48.45     0.363675 
    53.75     0.707682 
     6.54     0.000000 
    26.13     1.655482 
    41.15     1.281838 
    27.62     0.050733 
    47.25     0.395960 
    22.48     0.000000 
    31.30     1.517550 
    27.12     2.206041 
    17.57     0.000000 
    40.34     1.699840 
    44.72     0.604287 
    57.52     0.488956 
    50.12     0.693875 
   -14.60     0.000000 
    57.33     0.345133 
    55.60     0.623738 
    41.61     1.246771 
    64.19     0.671637 
    46.11     0.502715 
    36.40     1.302859 
    29.11     0.000000 
   -12.40     0.000000 
    47.09     0.897913 
    43.77     1.340904 
    38.95     1.697958 
    48.70     0.942412 
    48.18     0.984349 
    41.94     0.359411 
    28.54     0.095190 
    39.88     0.289389 
    17.95     0.000000 
    19.79     0.000000 
    16.98     0.000000 
    47.88     0.267769 
    47.55     0.925840 
    55.43     0.311344 
     1.08     0.000000 
    42.31     1.287276 
    42.02     0.925489 
    19.89     0.000000 
    54.76     0.627798 
    36.30     0.412804 
    38.70     0.319193 
     6.57     0.000000 
    51.53     0.666812 
    44.18     1.179255 
    54.38     0.233238 
    29.96     0.000000 
    51.47     0.484186 
    53.80     0.619515 
    42.90     1.269883 
    60.63     0.000000 
    43.47     0.356260 
    38.49     0.127327 
    20.30     0.000000 
    48.42     0.163512 
    35.94     0.583914 
    30.05     0.000000 
    50.10     0.117684 
    13.92     0.000000 
    59.64     0.479631 
    49.06     0.673571 
    48.57     0.860346 
    37.05     0.049395 
    59.50     0.539860 
    47.33     0.829471 
    35.69     0.526299 
    51.82     0.559996 
    49.66     0.749290 
    48.26     0.396201 
    41.88     0.752290 
    40.90     0.736047 
    51.35     0.507838 
    46.30     0.467779 
    63.98     0.477173 
    40.56     0.828646 
    42.13     0.832721 
    55.14     0.193431 
    52.44     0.753945 
    39.92     0.489804 
    44.36     0.293135 
    41.17     0.499906 
    50.99     0.596605 
    43.40     0.409651 
    50.21     0.379410 
    49.08     0.469396 
    43.63     0.320801 
    33.28     0.504863 
    43.82     0.313307 
    50.59     0.466436 
    50.94     0.450960 
    48.96     0.489828 
    62.75     0.475081 
    59.60     0.471926 
    52.80     0.454945 
    42.73     0.461207 
    43.90     0.488601 
    53.24     0.482081 
    49.69     0.471399 
    52.70     0.477173 
    40.39     1.001324 
    24.08     0.064214 
    -1.51     0.000000 
    28.20     1.984644 
    51.88     0.843909 
     5.19     0.000000 
    49.43     1.036844 
    48.93     0.820926 
    68.13     0.399041 
    41.41     0.073295 
    20.58     0.000000 
    40.14     1.050093 
    52.57     0.826081 
    47.14     0.840080 
    53.84     0.686075 
    39.94     0.583211 
    36.61     1.625967 
    35.06     1.771577 
    37.20     1.309416 
    32.68     2.175521 
    43.20     1.717714 
    29.52     2.146276 
    25.13     2.595360 
    13.69     2.782663 
    29.40     2.390714 
    28.43     2.279511 
    30.49     2.008495 
    22.72     2.511319 
    33.66     1.793635 
    44.49     1.673113 
    38.42     1.628234 
    50.99     1.143045 
    36.79     0.397368 
    42.69     1.306731 
    42.36     1.268647 
    35.43     1.394613 
    42.02     0.945410 
    50.24     0.111012 
    40.16     1.024319 
    41.63     1.561340 
    31.59     2.155959 
    46.74     1.367494 
    46.76     0.732069 
    29.97     0.161879 
    52.07     0.519684 
    56.15     0.482390 
    47.79     0.558325 
    42.37     0.227813 
    56.72     0.407649 
    17.99     0.001712 
    44.97     0.596750 
   -10.24     0.000000 
    23.58     0.074894 
    39.43     0.197168 
    49.38     0.000000 
    52.19     0.472303 
    48.73     0.621225 
    61.30     0.786846 
    49.67     0.796123 
    29.55     1.384443 
    48.17     0.518168 
    40.96     0.691397 
    48.64     0.661628 
    38.74     1.147847 
    51.97     0.323757 
    51.89     0.123555 
    51.75     0.469814 
    59.39     0.366763 
    44.06     0.276319 
    57.97     0.527089 
    47.92     0.629777 
    40.54     0.047157 
    41.45     0.134025 
    49.65     0.512276 
    56.60     0.274485 
    44.96     0.286715 
    54.23     0.493452 
    53.84     0.405842 
    49.46     0.543972 
    49.93     0.637041 
    46.61     0.533380 
    55.20     0.600085 
    46.84     0.538137 
    54.98     0.522382 
    48.67     0.512171 
    50.87     0.340180 
    50.24     0.523359 
    56.12     0.532937 
    53.60     0.385638 
    46.90     0.345533 
    46.59     0.519730 
    44.32     0.535982 
    53.99     0.559276 
    47.22     0.551460 
    47.20     0.582182 
    50.15     0.582140 
    52.17     0.586615 
    61.40     0.560346 
    49.32     0.543559 
    54.78     0.559072 
    56.16     0.560346 
    42.16     1.157263 
    32.64     2.044595 
    51.23     0.580366 
    66.98     0.230241 
    51.56     0.868785 
    46.44     0.877545 
    55.56     0.177514 
    13.01     0.000000 
    46.92     0.983612 
    22.65     0.000000 
    38.34     0.479408 
    35.71     0.982001 
    44.73     0.142581 
    36.15     0.960386 
    40.12     1.175448 
     6.72     0.000000 
    50.14     0.363128 
     8.97     0.000000 
    54.54     0.742446 
    55.76     0.214761 
    58.01     0.558590 
     2.10     0.000000 
    42.74     1.637203 
    58.28     0.744995 
    37.84     0.518947 
    49.23     0.964677 
    49.72     0.888804 
    38.88     0.152679 
    41.45     1.319980 
    54.14     0.631849 
    38.73     0.000000 
    44.88     0.355124 
    55.80     0.511076 
    49.48     0.553551 
    46.60     0.881593 
     6.80     0.008639 
    19.80     0.115671 
    33.54     1.674976 
    45.48     1.389341 
    52.60     0.784681 
    52.96     0.571521 
    57.50     0.290091 
    50.33     0.698809 
    43.24     1.288565 
    54.19     1.010713 
    46.90     0.986166 
    51.08     0.164916 
    55.35     0.558461 
    21.93     0.000000 
    55.98     0.476965 
    40.12     0.761715 
    32.87     1.274310 
    53.17     0.881927 
    48.83     0.765898 
    55.96     0.968925 
    49.36     0.693791 
    46.49     1.372218 
    44.19     1.040027 
    34.25     1.527608 
    47.43     0.749624 
    47.36     0.930166 
    70.92     0.514070 
    48.55     0.866162 
    43.46     0.109565 
    49.63     0.112665 
    46.57     0.130548 
    58.08     0.366019 
    36.33     0.097486 
    45.46     0.165584 
    44.78     0.502050 
    50.33     0.521844 
    57.40     0.439315 
    48.30     0.488127 
    51.61     0.429223 
    53.85     0.419429 
    51.41     0.374607 
    51.28     0.597845 
    30.66     0.287264 
    45.24     0.259629 
    62.70     0.398749 
    51.20     0.478495 
    42.32     0.419054 
    36.74     0.225199 
    45.40     0.317319 
    48.00     0.260737 
    35.34     0.220115 
    42.84     0.376291 
    49.17     0.439815 
    47.70     0.495382 
    53.73     0.423858 
    55.04     0.413045 
    57.87     0.418340 
    60.93     0.381612 
    59.77     0.387967 
    61.65     0.375424 
    44.68     0.361952 
    47.92     0.399183 
    50.07     0.357361 
    53.37     0.351905 
    63.46     0.376675 
    56.33     0.376675 
    31.44     0.000000 
    13.81     0.000000 
    45.16     1.073536 
    13.38     0.000000 
    41.24     0.432992 
    49.08     0.855299 
     9.20     0.000000 
    -8.02     0.000000 
     5.70     0.000000 
    38.84     1.018489 
    52.20     0.179781 
    45.04     0.826455 
    40.57     1.361909 
    25.31     2.492262 
    41.14     1.612445 
    30.96     1.987955 
    47.00     1.112030 
    30.20     1.874008 
    28.24     2.512804 
    19.51     3.000000 
    26.64     3.000000 
    24.40     2.113720 
    48.60     1.061459 
    52.27     0.940565 
    45.76     1.502312 
    43.68     0.344157 
    45.86     1.329655 
    36.39     2.024399 
    49.24     0.898458 
    12.92     0.011032 
    47.60     0.905661 
    33.15     1.271787 
    33.18     1.277768 
    43.80     0.537885 
    44.12     1.209281 
    40.70     1.900299 
    34.53     1.830197 
    40.80     0.987081 
    42.89     1.124865 
    39.93     1.376943 
    33.37     1.494945 
    45.44     1.927383 
    26.08     1.905486 
    35.80     2.127678 
    36.32     1.490588 
    30.72     2.308324 
    42.76     1.599915 
    26.86     2.026967 
    33.06     2.652255 
    26.87     2.909682 
    20.99     3.000000 
    29.59     2.661951 
    17.22     3.000000 
    24.53     2.155158 
    23.39     2.343805 
    35.26     2.513943 
    28.00     2.185964 
    24.60     2.542318 
    29.95     1.800534 
    28.36     2.084725 
    34.11     1.652296 
    40.53     1.661576 
    39.93     1.431094 
    40.16     1.155611 
    46.48     1.091857 
    39.25     1.427535 
    38.26     0.985043 
    39.16     1.445764 
    48.10     0.992229 
    59.72     0.700714 
    44.95     0.616401 
    46.28     0.631451 
    52.03     0.672299 
    49.97     0.504673 
    52.44     0.514662 
    57.15     0.483586 
    47.21     0.737265 
    57.27     0.583724 
    58.28     0.541208 
    59.72     0.557097 
    49.17     0.496849 
    61.06     0.680147 
    52.86     0.663266 
    50.31     0.825235 
    44.87     0.677312 
    49.38     0.529405 
    51.55     0.758732 
    59.03     0.734176 
    45.76     0.842567 
    48.16     0.637076 
    56.99     0.688712 
    57.39     0.672654 
    49.60     0.652523 
    48.44     0.696187 
    50.55     0.707839 
    53.62     0.690644 
    44.28     0.686380 
    42.53     0.680749 
    53.49     0.692331 
    50.57     0.701061 
    51.88     0.680147 
    40.12     0.444409 
    49.51     0.558794 
    14.58     0.000000 
    27.22     0.000000 
    58.40     0.327282 
    55.36     0.137792 
    41.28     1.523763 
    60.72     0.678757 
    37.32     1.785653 
    32.77     2.480908 
    37.12     1.765951 
    52.49     1.199434 
    32.49     2.493707 
    46.29     0.746858 
    42.78     1.222779 
    56.50     0.379529 
    18.86     0.000000 
    10.68     0.000000 
    60.46     0.384454 
    49.03     1.289335 
    54.21     0.730685 
    40.83     1.217073 
    37.83     2.043918 
    20.99     2.682117 
    33.06     1.876645 
    34.96     2.159249 
    35.78     2.402822 
    27.20     3.000000 
    21.50     3.000000 
    26.86     2.637940 
    21.79     2.983658 
    24.74     2.924042 
    26.84     3.000000 
    31.34     2.023179 
    31.68     1.877332 
    39.66     2.684621 
    26.43     2.513170 
    30.07     2.569862 
    22.56     3.000000 
    24.68     3.000000 
    15.05     3.000000 
    23.74     3.000000 
    18.85     3.000000 
    29.28     2.996134 
    23.52     3.000000 
    20.29     2.875914 
    28.74     3.000000 
    28.32     3.000000 
    30.92     2.942294 
    27.16     3.000000 
    33.01     2.400502 
    40.67     2.427820 
    29.20     2.814247 
    28.07     3.000000 
    20.81     2.725113 
    30.56     2.973773 
    24.20     3.000000 
    32.74     3.000000 
    34.56     2.699064 
    23.62     2.392732 
    30.25     3.000000 
    24.04     3.000000 
    32.62     3.000000 
    30.27     3.000000 
    28.27     3.000000 
    28.46     2.733998 
    21.63     2.576603 
    20.01     2.856893 
    32.64     2.679332 
    29.29     2.554158 
    23.79     2.755757 
    21.61     3.000000 
    28.42     2.876866 
    21.63     2.706161 
    25.86     3.000000 
    28.90     3.000000 
    36.19     2.676714 
    36.84     2.420954 
    29.22     2.256574 
    26.22     2.244205 
    26.84     2.522643 
    33.25     2.270360 
    22.53     2.543055 
    22.16     2.343912 
    30.29     2.245196 
    31.70     2.260675 
    29.91     2.457467 
    33.25     2.583021 
    32.37     2.273363 
    31.93     2.171409 
    36.59     2.266434 
    33.17     2.262097 
    26.82     2.252858 
    29.22     2.238099 
    30.22     2.254329 
    31.71     2.270188 
    25.14     2.273274 
    32.73     2.251819 
    31.09     2.265952 
    32.05     2.275859 
    41.60     2.266434 
    32.77     2.033609 
    34.08     1.698840 
    52.97     0.434528 
    -7.95     0.000000 
    33.25     1.802297 
    48.32     1.672001 
    43.60     0.743216 
    46.96     0.889737 
    37.93     1.023553 
    22.68     0.000000 
    30.42     1.811240 
    37.67     1.976488 
    18.07     2.779478 
    28.20     1.895024 
    34.84     1.954753 
    40.54     1.399786 
    48.93     0.103132 
    48.56     0.240807 
    49.53     0.704575 
    50.79     0.197768 
    32.72     0.000000 
    53.77     0.658705 
    29.68     1.690972 
    32.86     1.794387 
    51.37     0.732960 
    38.12     1.764658 
    42.55     1.889210 
    21.91     0.000000 
     3.11     0.000000 
    50.07     0.719618 
    41.77     0.196132 
    25.18     1.398542 
     1.22     0.000000 
    45.33     0.351378 
    49.94     0.341891 
    43.60     0.402614 
    34.84     0.200364 
    46.35     0.986103 
    41.70     0.181300 
    40.92     1.486132 
    39.92     1.705052 
    65.86     0.193350 
    43.06     0.407727 
    47.22     0.799744 
    47.04     0.958043 
    42.24     0.264569 
    62.52     0.197641 
    40.49     0.159217 
    54.10     0.241502 
    42.25     1.020497 
    41.09     0.842716 
    43.55     1.490886 
    42.45     1.594763 
    30.96     2.042890 
    31.46     1.781065 
    25.32     2.262303 
    37.00     1.782680 
    35.12     1.533404 
    39.19     0.941487 
    34.97     1.664189 
    33.56     2.059050 
    40.85     1.548301 
    34.73     1.918376 
    45.35     1.342953 
    31.39     1.374738 
    42.97     1.540181 
    39.43     1.062882 
    42.66     0.945340 
    49.27     0.520803 
    50.29     0.571813 
    59.39     0.314135 
    34.73     0.564513 
    40.84     0.607435 
    61.36     0.430481 
    51.19     0.365096 
    49.03     0.485986 
    49.09     0.219976 
    56.11     0.488954 
    56.72     0.230771 
    48.60     0.282643 
    50.80     0.422789 
    51.44     0.117601 
    46.22     0.241932 
    47.15     0.399288 
    48.30     0.285665 
    45.79     0.122875 
    45.44     0.351643 
    39.54     0.394468 
    51.89     0.432018 
    60.59     0.297017 
    46.45     0.284650 
    24.20     0.282345 
    35.59     0.305203 
    56.60     0.273055 
    46.68     0.300704 
    56.40     0.317854 
    48.21     0.310607 
    51.87     0.322376 
    56.22     0.298894 
    60.47     0.281482 
    60.52     0.281482 
    44.81     1.474460 
    37.90     1.363905 
    28.50     1.372038 
    36.41     0.905437 
    51.40     0.217479 
     7.08     0.000000 
    48.25     0.772737 
    22.69     0.000000 
    23.27     0.000000 
    12.52     0.000000 
     5.15     0.000000 
    45.58     0.645475 
    37.85     0.469868 
    30.05     0.000000 
     3.46     0.000000 
    47.56     0.569919 
    49.19     1.074406 
    36.29     1.862358 
    22.59     3.000000 
    29.24     1.953677 
    34.00     2.012933 
    48.21     1.115011 
    31.12     2.049542 
    28.06     2.529679 
    20.82     2.517193 
    32.91     3.000000 
    36.41     3.000000 
    34.12     3.000000 
    19.94     3.000000 
    31.88     3.000000 
    29.10     3.000000 
    32.00     3.000000 
    30.98     2.871944 
    22.65     2.598813 
    20.62     2.463292 
    34.07     1.904607 
    45.10     1.149763 
    45.56     1.547163 
    32.40     1.625359 
    44.00     1.217866 
    46.32     1.231364 
    38.34     1.754934 
    26.18     1.759897 
    32.75     2.553027 
    37.21     2.334706 
    31.98     2.451703 
    27.05     2.442981 
    29.25     2.288598 
    37.29     2.311615 
    32.36     2.397665 
    25.47     2.114179 
    41.74     1.601452 
    59.36     1.061373 
    48.71     0.891027 
    44.68     1.310287 
    47.27     0.964387 
    43.31     1.022696 
    50.34     1.000672 
    50.47     0.667243 
    50.08     0.730986 
    45.65     0.733764 
    48.48     0.916146 
    44.19     0.583292 
    36.16     1.228073 
    39.51     0.869765 
    45.43     0.949650 
    50.40     0.537285 
    48.73     0.559898 
    44.24     1.048362 
    38.94     0.932490 
    56.32     0.340269 
    39.70     0.429437 
    55.91     0.450444 
    49.72     0.255486 
    45.40     0.520082 
    56.58     0.517262 
    50.06     0.593075 
    47.48     0.193688 
    46.34     0.599987 
    54.11     0.497161 
    62.31     0.315081 
    43.68     0.241224 
    55.00     0.481208 
    48.15     0.282227 
    55.24     0.449376 
    56.30     0.287201 
    54.70     0.304937 
    48.84     0.349883 
    60.44     0.309974 
    45.57     0.279723 
    36.42     0.289331 
    47.08     0.316317 
    42.61     0.327756 
    29.71     0.310593 
    49.09     0.290336 
    43.42     0.292003 
    61.64     0.324214 
    54.52     0.294735 
    34.35     0.309410 
    37.88     0.324495 
    50.85     0.324214 
    46.33     0.905162 
    30.66     2.089897 
    36.26     0.000000 
    37.91     2.218691 
    23.40     2.919856 
    44.58     1.223899 
    32.44     2.639017 
    30.88     2.622314 
    54.80     0.508117 
    20.35     0.000000 
    23.74     0.000000 
    38.99     1.577943 
    30.06     0.000000 
    28.48     0.000000 
    60.77     0.841108 
    42.85     1.545062 
    54.28     0.467744 
    40.49     1.053189 
    51.22     1.444649 
    32.32     2.517738 
    27.96     2.841217 
    28.20     3.000000 
    22.24     2.699570 
    36.32     3.000000 
    29.88     3.000000 
    24.82     3.000000 
    27.29     3.000000 
    18.73     3.000000 
    28.68     1.908995 
    28.77     2.164297 
    45.26     1.786338 
    28.96     2.756760 
