constructTestCases(): generating 11 specified cases ...  DONE
Procedure Optimizer.Optimize()
Oracle probabilites : disabled
Optimizer(): Simulated Annealing , Random-normalized optimality [%]
Optimizer(): config:  [[0.0], [2.5], [], 10, 10, 0.75, 0.01, 0.5, 0.01]
Optimizer(): selective: [  0  ]
Optimizer(): evals/step: 25
Optimizer(): numParams: 1 , completeRepeats: 100
MABsolver_config: algorithms: UCBtuned , CP Disabled , CPT Davor , Reset AllMovingCutoff
MABsolver_config: params: types:  Direct  Direct  Direct  Direct  Direct  
MABsolver_config: params: numInputs:  0  0  0  0  0  
MABsolver_config: params: weights:  [  0.770000  ]  [  2.000000  ]  [  1.000000  ]  [  50.000000  ]  [  1.000000  ]  
BanditTestBatch: casesIDs:  0  1  2  3  4  5  6  7  8  9  
BanditTestBatch: numCases: 10
BanditTestBatch: maxim sum reward: 3919.0
BanditTestBatch: random reward: 2805.0
 Evals       Score          p00       case01    case02    case03    case04    case05    case06    case07    case08    case09    case10 
     1       52.29      0.77000        92.24     63.89     66.96     12.64     15.56     41.16     53.68     58.69     86.83     31.23 
     2       50.09      0.72684        96.00     70.72     68.88      8.59     -1.33     30.80     48.10     54.89     84.76     39.51 
     3       50.87      0.90342        88.80     59.84     63.68      9.44     11.33     47.96     56.00     56.89     86.92     27.88 
     4       53.46      0.49989        90.24     83.20     82.80     33.12      4.89     11.36     50.03     48.96     86.50     43.48 
     5       50.45      1.08373        91.92     64.43     69.52     -1.33     -2.00     69.76     45.87     61.48     85.85     18.96 
     6       49.47      0.84469        81.28     58.08     68.64     25.87     -4.00     27.96     54.54     61.44     92.62     28.32 
     7       47.32      0.29259        72.40     93.01     65.12     22.77      6.44      0.20     39.27     27.48     88.14     58.35 
     8       47.68      1.02152        83.28     58.45     63.68     11.04    -14.67     52.04     55.87     58.76     86.09     22.22 
     9       46.96      0.83777        78.72     60.64     66.72      6.13    -11.11     42.00     53.37     60.83     85.14     27.19 
    10       49.48      1.23049        89.84     57.97     52.24     11.36    -11.11     71.72     48.29     62.62     89.68     22.15 
    11       55.81      0.91209        92.32     72.64     68.24     33.76      5.11     48.08     53.46     60.06     93.23     31.23 
    12       50.59      1.31043        87.28     66.93     57.04     11.15     -6.44     64.60     55.43     62.85     92.87     14.20 
    13       52.46      1.28397        87.36     57.92     56.88     29.92     -1.33     67.24     52.10     62.04     95.57     16.91 
    14       48.79      1.38288        86.80     53.49     47.92      9.23      2.67     68.32     49.65     61.15     90.51     18.20 
    15       49.40      1.21611        92.72     53.76     60.08      1.23      9.33     59.00     46.98     61.37     87.72     21.80 
    16       52.83      0.85002        79.84     63.73     73.28     21.81     17.33     48.96     51.75     61.72     83.27     26.57 
    17       52.81      0.47515        80.56     76.00     72.64     29.49     13.78     37.60     33.05     51.43     88.81     44.77 
    18       53.68      0.73318        84.88     85.65     71.36     19.15      8.00     34.24     55.52     59.00     84.53     34.52 
    19       53.47      0.56241        89.28     81.01     73.60     27.47     16.22     17.32     41.62     52.39     92.89     42.86 
    20       48.08      1.10254        90.72     51.95     52.32     13.07    -17.56     64.88     52.03     60.76     88.68     23.93 
    21       53.73      1.18009        88.32     58.45     76.40     16.80     -2.22     68.64     59.94     60.29     92.34     18.30 
    22       50.63      1.22712        88.00     68.80     54.00     -1.65     13.33     64.00     55.56     60.51     85.98     17.73 
    23       49.92      1.48768        81.36     52.75     45.12     26.08     -1.78     67.48     60.38     59.48     90.88     17.51 
    24       47.69      1.37651        86.24     49.49     62.08      9.33    -16.22     70.68     48.25     61.98     84.82     20.27 
    25       52.69      1.06640        82.32     62.88     58.24      2.61     27.78     58.08     55.46     62.02     92.96     24.52 
    26       51.04      1.03147        91.36     65.55     55.36     17.65    -16.89     62.40     57.59     61.98     90.20     25.23 
    27       51.61      1.42772        91.12     50.51     56.40     20.53      2.67     69.00     54.63     59.29     92.65     19.33 
    28       49.64      1.24762        83.20     60.59     48.40      4.53     19.33     67.24     46.70     60.29     89.19     16.96 
    29       47.68      1.64798        81.60     48.96     42.80      5.28     16.44     65.76     48.76     61.31     90.02     15.83 
    30       52.05      1.01732        91.68     59.47     54.72     22.88      3.11     55.72     55.65     61.11     89.55     26.62 
    31       45.87      1.61588        73.60     41.39     43.04     15.20      3.33     65.24     49.59     55.90     93.67     17.75 
    32       51.95      0.82999        87.76     72.21     62.56     19.25     -6.67     50.88     53.08     62.34     85.80     32.27 
    33       51.27      1.14360        89.68     64.27     54.16     12.85      1.78     62.64     48.92     59.96     96.57     21.88 
    34       49.00      1.16596        86.24     64.11     63.20     -6.67     -1.78     63.80     53.90     60.01     88.01     19.16 
    35       50.46      0.46406        51.12     78.93     81.52     37.49      1.11     17.00     53.11     47.45     88.43     48.47 
    36       50.67      0.42580        88.56     88.37     66.08     27.15      2.89     12.48     40.54     41.83     87.63     51.16 
    37       44.68      0.27839        22.00     93.76     58.48     34.72     28.22     -2.76     36.73     27.68     89.32     58.67 
    38       35.14      0.10755        57.36     87.52     34.88     62.56     19.11     -6.52     -7.43      5.35     87.94     10.62 
    39       52.05      0.62249        81.20     77.60     73.68     31.20    -13.78     28.00     55.05     59.00     89.48     39.04 
    40       48.51      0.52808        62.40     71.89     86.80     22.99      3.56     14.20     42.60     50.08     88.95     41.60 
    41       50.39      0.87130        89.76     60.37     74.48     13.07     -5.78     36.00     56.86     57.25     88.66     33.26 
    42       48.68      0.99485        90.64     69.12     60.32      4.43     -3.56     42.08     50.48     61.95     82.84     28.52 
    43       49.92      0.72171        67.76     73.07     66.96     28.21     14.44     26.80     55.59     53.51     82.24     30.59 
    44       50.79      0.81500        90.56     65.12     75.60     19.25      8.22     17.84     52.70     56.32     90.17     32.12 
    45       47.01      0.55337        75.44     74.45     76.32      4.32     -0.44     17.64     45.52     51.58     85.90     39.36 
    46       50.67      0.90105        87.28     61.44     69.36     10.83      1.33     50.52     55.27     60.51     88.15     21.98 
    47       48.10      1.13433        75.52     59.47     49.84      7.63      1.56     62.20     57.21     58.73     86.58     22.30 
    48       45.51      1.39498        84.72     50.83     48.56     -2.93     -6.89     68.72     50.60     61.60     88.52     11.33 
    49       45.55      1.63345        79.04     44.32     47.44     -1.01      3.11     68.56     47.30     61.29     91.38     14.05 
    50       47.45      1.34516        83.76     49.97     58.56      3.68    -17.11     71.92     49.68     61.73     94.61     17.68 
    51       49.27      1.64176        80.24     45.17     46.64     23.63      0.67     78.76     50.06     60.89     89.70     16.94 
    52       47.74      1.72035        82.24     53.81     48.40     16.80     -3.56     70.68     41.14     61.53     90.42     15.98 
    53       43.09      1.95639        73.28     46.51     40.72      6.88    -12.67     74.20     43.27     59.68     87.57     11.46 
    54       48.25      1.43738        89.84     52.75     55.84      2.40     -6.44     65.56     55.94     57.75     92.18     16.69 
    55       50.47      1.52618        86.08     60.85     46.48      6.88     15.78     71.72     44.19     65.21     90.64     16.86 
    56       48.01      1.71552        81.12     50.72     39.12     18.08     -7.78     76.84     53.49     59.49     93.81     15.19 
    57       45.98      1.79746        85.84     50.61     43.68      8.16      0.44     69.52     40.57     57.15     92.76     11.06 
    58       49.52      1.48841        80.16     50.99     49.92      9.55     23.56     71.76     45.30     58.30     88.08     17.63 
    59       48.80      1.57659        87.76     48.91     42.24     24.59     -2.22     67.36     50.25     59.97     91.22     17.88 
    60       47.37      1.63243        84.00     49.49     44.32     18.29     -0.22     62.52     46.76     62.63     92.04     13.90 
    61       48.95      1.35945        87.68     52.85     54.64      9.33     13.78     65.80     48.38     59.65     87.21     10.20 
    62       47.36      1.55351        73.68     53.49     53.36      2.08     -3.11     72.52     50.48     60.12     96.73     14.25 
    63       46.45      1.38671        77.28     57.71     52.64     -0.59    -10.44     66.00     48.51     63.39     91.75     18.22 
    64       49.09      1.56552        86.24     48.11     50.80     14.99     -1.11     68.84     51.59     62.68     89.79     18.99 
    65       46.40      1.56135        75.92     45.39     42.64     17.87      1.33     71.64     43.78     57.11     93.98     14.35 
    66       46.45      1.75499        77.12     48.85     37.68     16.16      8.22     61.68     45.56     61.34     93.09     14.84 
    67       45.20      1.57317        71.44     45.28     50.00     -5.07      2.22     75.64     41.97     61.93     89.15     19.46 
    68       51.99      1.40298        90.40     70.72     51.68     17.55      0.67     64.44     50.32     58.85     92.34     22.89 
    69       44.80      1.57976        79.52     42.56     50.64      6.56     -9.78     67.00     46.70     58.56     90.48     15.73 
    70       47.14      1.55720        86.96     54.40     52.08      1.12    -10.22     70.92     47.17     62.30     91.62     15.09 
    71       42.83      1.24656        88.00     49.01     44.48      6.77    -37.11     60.72     52.10     61.93     85.56     16.79 
    72       48.45      1.33852        86.16     48.27     57.20      7.84    -10.44     71.12     52.25     60.73     91.62     19.75 
    73       49.51      1.44264        82.64     48.75     61.92     -2.19     18.00     68.12     48.89     58.76     91.71     18.54 
    74       48.73      1.45279        89.92     59.47     52.80      2.51      3.78     62.32     47.71     61.60     91.55     15.63 
    75       52.12      1.31735        89.68     54.35     53.12     19.47     13.78     74.88     55.33     58.50     85.07     17.06 
    76       51.90      1.29743        94.08     61.07     57.04      9.76      3.56     68.44     57.30     59.14     88.64     19.98 
    77       51.52      1.18334        86.08     53.28     60.24      4.00     10.22     73.88     53.08     58.76     92.15     23.51 
    78       50.31      1.15883        77.04     57.71     56.08     17.12     11.78     65.52     48.13     62.97     85.22     21.51 
    79       49.60      1.06063        88.80     63.04     61.92     11.89     -8.67     56.80     53.71     58.91     88.41     21.21 
    80       49.69      1.27620        90.48     62.61     49.12     -3.36      3.78     65.88     56.44     59.49     88.55     23.88 
    81       49.86      1.16693        91.76     51.04     59.36      8.05      5.78     68.80     52.06     58.88     89.01     13.85 
    82       51.07      1.19762        91.36     60.96     56.40     12.53      5.56     67.24     50.79     61.34     89.06     15.46 
    83       49.98      1.16047        78.80     62.19     57.76     10.51      0.44     66.20     51.84     61.80     90.46     19.80 
    84       50.67      1.20638        83.60     61.81     52.40     19.57      8.67     65.32     52.83     58.15     89.61     14.79 
    85       49.25      1.20248        81.60     58.93     49.20     19.79      0.22     55.56     59.94     60.35     86.03     20.86 
    86       47.83      1.28583        77.52     53.49     66.80      3.47     -7.11     63.64     52.32     60.63     88.77     18.74 
    87       51.79      1.16960        90.40     51.84     64.48     22.99     -4.00     65.56     51.24     63.17     88.05     24.22 
    88       47.04      1.10140        77.52     59.73     56.16     -2.40    -13.33     59.96     57.14     60.33     87.12     28.12 
    89       48.39      1.13491        84.40     62.77     63.04      1.44     -3.33     63.60     46.70     59.53     85.87     19.85 
    90       47.56      1.14645        85.20     63.15     50.32     -7.84     -1.56     67.84     57.17     58.78     83.95     18.54 
    91       53.54      1.12098        90.24     59.68     54.56     24.48      9.56     67.84     49.33     63.07     87.77     28.91 
    92       54.90      1.11433        91.68     63.41     56.40     31.52     11.33     61.60     60.22     63.14     86.00     23.68 
    93       49.47      1.11373        84.96     50.35     58.24     19.04     -9.33     69.16     49.62     59.45     88.10     25.11 
    94       51.88      1.11371        90.24     62.83     62.08     14.45      5.56     53.04     58.19     60.10     89.42     22.91 
    95       53.35      1.10649        83.12     59.84     60.16     18.08     18.67     62.48     56.06     61.45     91.78     21.83 
    96       52.33      1.12005        91.76     59.36     65.52     14.24      8.44     64.56     45.08     62.41     89.70     22.25 
    97       51.39      1.12013        87.52     56.11     64.80     16.59      5.33     54.84     58.22     61.32     85.09     24.10 
    98       48.84      1.10591        90.08     56.00     57.76      3.89     -1.11     54.16     55.14     61.11     89.73     21.63 
    99       46.83      1.12219        82.40     54.61     53.12     16.48    -24.67     63.40     53.84     59.78     90.13     19.19 
   100       52.84      1.12054        89.92     67.95     59.44      1.76      2.44     74.80     58.13     62.36     88.24     23.41 
   101       51.94      1.10396        86.24     59.25     68.16     11.89     12.67     61.80     53.75     59.01     85.61     20.99 
   102       48.90      1.11433        88.88     56.64     56.40     -6.45      5.11     68.40     51.24     62.17     87.74     18.91 
   103       53.18      0.86876        92.16     69.49     69.28      6.99      3.56     57.64     59.37     58.40     89.62     25.26 
   104       50.33      0.70292        98.08     71.25     72.00     17.76    -19.11     30.36     53.43     56.38     87.03     36.15 
   105       49.20      1.36781        81.44     58.56     56.00     19.68    -10.67     69.12     50.70     59.81     85.96     21.41 
   106       46.34      1.32945        82.08     58.29     48.00      8.59    -15.56     73.48     51.33     57.96     86.18     13.09 
   107       45.07      1.79375        81.68     43.20     37.84     12.21      1.78     69.20     39.33     59.91     91.42     14.12 
   108       40.55      2.19280        70.80     38.99     37.04     -7.41      7.33     68.00     38.54     59.51     79.65     13.11 
   109       39.94      2.45706        74.48     36.48     26.48      0.69     10.22     64.00     40.38     62.84     71.99     11.85 
   110       43.39      1.96458        70.56     30.24     40.40     11.68      9.78     71.08     40.41     61.43     84.04     14.27 
   111       50.22      1.55974        80.80     49.23     46.96     13.07     19.11     74.36     49.71     60.65     94.34     13.98 
   112       44.55      2.11564        80.40     44.48     45.92      8.59     -0.89     73.36     33.37     59.05     86.30     14.96 
   113       49.02      1.43481        88.88     55.09     41.84      0.80      6.67     77.28     54.73     61.21     89.70     14.02 
   114       51.54      1.45054        79.36     61.39     49.92     12.75     15.56     68.44     57.68     64.49     92.11     13.75 
   115       44.76      1.90084        72.16     49.55     42.88      7.52     -5.11     70.40     43.46     61.66     87.25     17.83 
   116       45.20      1.56964        82.16     49.12     39.84      5.28    -11.33     73.44     47.52     61.06     92.36     12.52 
   117       43.87      1.81629        83.20     39.25     50.80     10.40     -2.89     62.68     36.25     59.71     86.38     12.91 
   118       43.45      1.94116        77.52     43.41     41.68      5.81     -2.67     71.16     45.46     57.22     79.45     15.43 
   119       40.80      2.05546        68.08     37.01     34.32      8.05      0.67     69.92     32.57     58.81     82.62     15.93 
   120       44.03      1.82776        78.00     42.24     51.84      7.41    -13.33     71.20     40.95     59.94     90.22     11.83 
   121       47.24      1.52775        76.40     44.21     49.12      7.09      7.11     69.40     48.38     60.44     91.29     18.99 
   122       49.89      1.37930        75.92     62.67     53.04      8.27      9.78     66.00     55.62     61.79     85.41     20.42 
   123       50.71      1.01247        86.00     53.23     62.88      6.99      5.33     63.76     61.08     61.63     82.57     23.63 
   124       52.30      1.25418        78.64     64.27     61.84     15.84     15.33     63.80     50.10     60.79     91.49     20.89 
   125       47.80      1.23751        83.04     60.05     49.36     -0.69     -4.44     68.48     46.22     61.25     91.42     23.33 
   126       51.80      1.01376        90.64     60.75     53.60     11.57      3.33     63.00     63.65     61.15     89.21     21.09 
   127       47.91      1.35500        85.68     42.35     51.44      3.04      2.00     70.80     50.44     58.27     94.79     20.30 
   128       48.36      1.24377        95.44     52.21     51.04     -0.69     -7.56     68.20     54.83     60.15     89.71     20.22 
   129       52.37      1.01911        91.84     70.56     67.04     17.87     -2.22     53.76     51.40     63.08     88.75     21.63 
   130       51.52      0.63249        76.56     74.03     76.08      6.03     15.78     29.56     54.79     56.19     89.26     36.91 
   131       50.76      0.66682        80.80     73.01     69.92     22.13      6.67     24.04     50.54     58.17     84.04     38.25 
   132       52.83      0.57119        79.76     81.60     89.92     21.17    -10.44     33.44     55.75     47.33     86.49     43.26 
   133       45.40      0.28902        71.76     85.33     71.52     20.64    -11.33      4.20     33.52     31.03     91.33     55.98 
   134       47.85      0.54166        58.16     73.17     76.64     22.45      3.78     17.12     53.33     51.65     85.36     36.79 
   135       55.31      0.79565        94.08     71.52     81.68     12.21      5.78     48.84     53.78     56.20     92.31     36.74 
   136       49.31      0.55138        77.60     72.59     70.96     21.07      8.89     16.96     47.84     46.92     87.90     42.40 
   137       53.87      0.54023        92.40     77.55     77.52     22.56     13.33     20.68     45.49     54.02     87.74     47.46 
   138       53.00      0.88493        97.68     64.96     60.48     27.47     -9.11     54.52     63.30     60.48     89.61     20.62 
   139       47.07      0.64060        80.48     72.80     59.12     -4.00     -9.11     25.60     55.71     61.59     87.92     40.57 
   140       54.24      0.49347        95.60     84.80     80.24     28.43      5.78     24.20     49.27     40.49     87.30     46.32 
   141       45.76      0.38763        50.08     90.77     54.32     31.09     -2.89      5.08     45.24     34.75     92.51     56.67 
   142       53.35      0.64865        79.20     77.60     84.24     23.20      8.67     27.64     55.75     50.60     90.39     36.25 
   143       49.62      0.63137        91.84     68.59     76.08      6.56     -8.22     25.80     50.41     56.63     92.65     35.85 
   144       52.61      0.96879        91.84     71.20     73.68     -5.28      6.67     56.28     57.81     59.96     86.30     27.68 
   145       47.98      1.04362        85.92     63.20     58.48      0.69      0.89     52.88     54.95     57.47     88.73     16.62 
   146       49.32      1.27958        90.88     56.11     63.36     18.93    -31.56     63.28     54.25     59.37     95.65     22.89 
   147       51.34      1.19825        90.08     57.12     64.16      2.61      2.22     66.92     50.95     63.74     96.26     19.33 
   148       47.67      1.33084        82.48     56.69     49.84      7.31    -11.78     71.44     52.44     58.24     90.86     19.19 
   149       49.33      1.16197        88.16     62.24     57.92     -0.80     -2.44     70.52     51.08     60.90     87.99     17.70 
   150       50.06      1.33736        88.40     51.63     51.84      7.63      1.56     76.64     54.79     59.03     88.12     20.96 
   151       51.35      1.17570        86.32     60.32     65.28      9.76     -2.89     57.88     63.33     59.27     91.33     22.86 
   152       53.78      1.02343        82.80     58.24     68.72     21.07     14.00     62.92     61.84     58.79     83.47     25.98 
   153       51.29      1.08245        86.56     64.37     60.48      4.43     21.78     59.24     50.51     62.65     85.63     17.28 
   154       52.39      1.18173        86.96     57.65     65.20      8.69     20.67     66.00     53.56     57.86     89.68     17.68 
   155       51.68      0.92872        93.92     51.15     62.24      9.65     28.67     46.40     54.29     58.33     90.91     21.23 
   156       51.31      1.13307        86.16     67.95     59.04     11.89      1.56     66.48     53.21     57.93     86.56     22.32 
   157       48.06      1.27908        86.88     45.65     44.96      7.20      2.22     68.44     49.97     60.36     95.48     19.46 
   158       52.17      1.02022        84.96     59.47     68.64     14.67     12.22     53.00     51.43     61.99     90.97     24.32 
   159       54.26      0.81413        87.44     77.33     65.44     13.60     13.11     41.20     61.37     54.98     93.32     34.81 
   160       53.10      0.58001        87.44     73.92     76.24     23.63     24.44     16.40     50.32     55.19     90.40     33.06 
   161       52.62      0.69532        89.84     80.48     77.84     24.59     -2.22     25.12     54.41     54.31     91.80     30.00 
   162       50.86      0.54396        65.28     84.53     69.52     38.13      0.67     13.96     52.79     51.48     89.35     42.84 
   163       51.43      0.61655        87.76     82.35     69.92     18.29     -8.89     33.52     54.54     55.84     88.99     31.98 
   164       50.27      0.48231        70.40     81.87     62.64     29.07    -10.89     29.76     50.70     45.13     90.98     53.09 
   165       50.44      0.71702        83.60     78.35     60.32     12.21      3.11     34.96     50.19     60.95     89.84     30.84 
   166       47.82      0.48628        79.20     87.04     78.08     21.49    -16.44      8.92     46.98     47.97     88.35     36.57 
   167       49.28      0.47864        59.44     85.17     82.32     25.97     -1.78     18.00     43.30     47.43     88.72     44.25 
   168       50.27      0.47078        91.04     79.47     68.96     18.29     18.44      5.00     44.70     47.75     89.55     39.53 
   169       50.22      0.58836        88.24     73.44     80.48     23.52     -0.67      9.48     55.62     53.03     84.54     34.54 
   170       51.63      0.69302        77.36     74.93     73.60     24.37      1.78     32.40     49.52     54.50     92.98     34.89 
   171       52.21      0.65962        96.16     69.49     66.80     17.12     -5.33     35.92     54.51     59.78     94.52     33.09 
   172       52.96      0.87445        91.92     60.80     72.88      7.95     -0.44     60.52     59.21     59.77     93.94     23.06 
   173       49.48      0.74485        83.76     63.52     69.04     12.75      5.56     28.04     56.98     57.56     89.95     27.68 
   174       48.87      0.81717        80.64     62.93     79.60     -3.15    -12.44     46.16     57.56     56.52     88.90     31.95 
   175       48.51      1.01010        89.12     59.68     56.72      8.37     -0.00     52.52     53.05     59.07     87.76     18.84 
   176       50.23      0.76632        82.96     65.07     70.72     10.08    -18.00     42.28     64.22     60.49     91.26     33.23 
   177       49.89      0.87667        92.80     62.51     66.88     20.11      1.11     34.20     47.46     58.34     84.27     31.26 
   178       52.91      0.85148        93.28     66.67     70.48     16.80     -1.56     51.16     60.63     58.82     83.89     28.89 
   179       50.81      0.87444        95.84     65.92     68.88      5.49     -2.44     42.28     55.52     61.02     89.75     25.85 
   180       52.47      0.98038        89.36     56.96     71.68     16.91      4.00     59.56     51.05     59.40     90.86     24.91 
   181       51.73      0.99403        94.56     56.91     67.76      8.27      4.67     50.68     58.98     59.77     85.25     30.49 
   182       52.57      0.83775        86.88     67.79     73.36     11.25     15.11     37.48     60.83     57.02     88.37     27.65 
   183       50.51      0.80280        79.68     66.93     66.72      7.52     10.67     41.20     60.95     57.75     84.56     29.09 
   184       47.21      0.82120        92.08     63.36     66.56     13.39    -13.78     29.88     53.62     55.87     84.91     26.17 
   185       54.88      0.76386        81.36     70.13     86.96     20.43      0.89     53.28     58.86     59.03     87.83     30.05 
   186       54.21      0.76632        84.24     71.25     91.44     13.39      1.56     49.84     57.11     58.94     84.73     29.58 
   187       50.35      0.69035        81.04     80.00     73.20     22.24      2.67     17.72     55.02     53.28     90.55     27.80 
   188       48.75      0.80661        85.44     73.76     66.32     10.72    -14.67     40.08     51.46     57.03     85.41     31.95 
   189       50.78      0.82002        96.88     73.71     62.48      2.40     -0.22     43.80     51.33     57.27     90.26     29.85 
   190       53.78      0.73380        85.76     81.12     75.28     30.99      1.56     42.52     48.29     56.99     84.31     30.99 
   191       51.09      0.70579        86.32     69.60     84.00      5.81     12.89     26.08     43.43     53.53     92.07     37.19 
   192       52.79      0.72335        86.96     73.55     83.44      7.73      2.22     40.80     55.78     61.06     88.21     28.20 
   193       51.78      0.76790        86.88     69.97     65.44      5.28      0.44     53.00     59.02     58.12     83.24     36.42 
   194       48.48      0.77482        81.52     68.48     64.40     17.12    -12.89     30.16     58.25     59.48     86.20     32.05 
   195       47.49      0.75770        82.08     73.49     78.32     -0.48    -20.89     36.24     53.81     56.36     82.64     33.33 
   196       53.05      0.77062        89.28     81.81     70.96      5.60     -0.89     51.24     49.30     56.65     91.20     35.33 
   197       54.30      0.77707        76.56     69.55     69.04     30.45     35.33     38.28     50.57     57.34     86.85     29.01 
   198       53.63      0.78184        87.68     64.27     65.12     30.77     17.33     39.28     51.65     58.37     91.84     29.95 
   199       49.89      0.77417        90.40     59.57     65.84     18.72      6.00     37.84     48.19     53.38     85.27     33.70 
   200       49.23      0.78281        85.76     68.43     69.28     10.51      2.00     25.92     55.81     59.08     87.57     27.90 
   201       51.31      0.78864        83.44     67.36     64.48     13.28      2.67     48.72     53.90     56.71     88.97     33.60 
   202       50.92      0.77260        68.08     71.31     73.68      6.56     19.78     44.88     59.27     53.61     85.12     26.91 
   203       51.81      0.78184        91.12     67.63     67.36     12.43      5.78     43.28     51.40     55.19     93.54     30.42 
   204       50.14      0.72980        90.32     64.80     72.24     21.17      4.22     23.24     48.79     56.29     86.54     33.78 
   205       53.35      1.06506        87.12     70.24     63.76      3.57     19.56     65.92     51.08     60.38     87.25     24.59 
   206       47.22      1.41244        79.92     50.13     48.96     12.53     -2.00     69.60     49.94     60.87     90.55     11.70 
   207       49.94      1.23861        87.12     54.72     54.48     11.68     12.22     64.88     50.86     61.41     87.68     14.35 
   208       50.33      1.17147        86.64     56.53     68.08      8.91     -4.67     60.72     58.89     58.60     91.84     17.78 
   209       46.44      1.43328        83.60     45.17     39.44      2.29      6.67     66.68     54.98     57.03     92.76     15.80 
   210       50.15      1.39941        85.36     48.00     47.12     19.79     -0.44     74.36     52.92     62.27     89.26     22.91 
   211       52.47      1.11187        89.52     52.96     65.92     17.65     21.56     60.80     51.78     60.25     82.40     21.90 
   212       52.18      0.55604        70.48     75.09     81.20     15.31     21.11     22.52     50.83     51.37     91.40     42.52 
   213       51.63      0.99696        89.76     58.40     59.68     24.16      1.33     60.32     56.29     60.32     86.00     20.00 
   214       45.56      1.52869        66.16     51.68     45.68     15.52    -18.67     70.48     51.37     59.84     94.90     18.62 
   215       51.05      0.54954        75.92     81.92     80.24     36.75     -1.56      4.20     51.08     53.69     84.53     43.75 
   216       28.28      0.11941        24.24     89.01     23.20     25.23      0.89      2.44      1.30     10.63     87.65     18.22 
   217       50.09      1.08197        83.68     62.67     69.44      6.67     -4.00     59.56     53.43     60.17     84.47     24.79 
   218       47.40      1.46720        89.84     48.00     53.12     13.92    -10.44     64.36     48.95     60.87     90.04     15.31 
   219       46.40      1.78365        75.36     45.60     52.08      3.15      7.78     65.44     52.00     61.47     90.17     10.96 
   220       42.67      2.19352        79.20     35.15     35.12     12.32      2.44     65.80     39.11     63.08     80.05     14.44 
   221       42.61      2.36641        72.32     41.39     38.72      8.27      7.56     65.44     43.33     61.16     77.32     10.54 
   222       41.84      1.90729        75.04     37.92     27.36     16.16     -6.44     68.44     40.19     59.78     87.23     12.69 
   223       43.59      1.87869        79.60     41.92     46.72      6.88    -10.89     69.04     44.10     58.57     88.55     11.36 
   224       40.86      2.21902        70.48     51.04     37.20      9.01    -12.44     67.52     38.76     62.02     76.38      8.67 
   225       43.90      1.96398        68.96     41.76     40.80      8.16     15.33     68.08     37.62     62.23     83.37     12.67 
   226       45.49      1.82762        70.88     48.43     43.12     -0.05      8.44     74.00     45.62     61.53     88.39     14.59 
   227       45.30      2.00292        76.80     43.09     33.92      7.73     22.00     75.64     35.05     64.73     79.70     14.35 
   228       37.69      2.44598        64.56     34.08     27.60      4.43     10.44     65.84     30.79     59.68     73.26      6.25 
   229       44.03      1.98712        68.64     41.23     46.56     15.41      7.78     63.64     44.16     58.87     80.44     13.60 
   230       49.06      1.69867        79.92     44.85     52.56      6.03     11.33     73.48     48.83     59.78     92.09     21.78 
   231       46.67      1.87672        82.24     43.63     45.04     -2.93     12.67     75.44     45.75     60.41     92.04     12.44 
   232       43.90      1.74207        82.88     45.12     43.44      4.43    -12.89     66.92     44.35     61.48     92.51     10.77 
   233       50.06      1.30044        88.16     54.51     61.76      0.27      7.33     67.04     55.24     60.32     88.21     17.80 
   234       43.66      1.65831        79.60     46.35     42.80      2.93     -5.33     61.60     38.13     63.04     92.51     14.94 
   235       44.63      1.75889        75.68     42.13     51.36      8.91    -10.44     67.32     38.13     65.24     90.66     17.36 
   236       47.77      1.39515        77.20     57.39     56.00      0.27    -10.67     74.32     52.63     59.72     92.00     18.79 
   237       47.47      1.41947        77.04     51.15     56.08     -6.24     12.67     66.28     47.81     63.19     89.68     17.06 
   238       46.75      1.55102        72.88     47.68     44.88     16.59    -10.89     71.56     45.71     61.57     96.93     20.62 
   239       52.01      1.14413        92.00     57.39     52.32     10.08     15.33     67.08     57.14     57.43     89.79     21.58 
   240       53.52      1.03151        99.04     60.59     67.12      0.80     13.56     68.08     56.54     57.73     85.96     25.78 
   241       50.06      0.84990        87.92     71.63     59.44     14.45    -10.67     44.80     53.24     57.88     89.79     32.17 
   242       51.11      1.17608        89.12     59.52     57.44      6.13     -1.11     72.72     54.92     59.67     91.66     21.04 
   243       50.85      0.93208        85.92     69.65     59.44     25.12    -17.11     60.00     52.13     61.18     87.45     24.74 
   244       52.20      0.58948        89.20     78.67     82.64     12.00      2.00     23.00     53.71     50.92     90.73     39.16 
   245       52.76      0.76672        82.80     73.76     66.08     18.61      5.78     40.12     56.79     57.80     90.82     34.99 
   246       50.76      0.93757        80.72     66.93     57.20     23.84     -8.00     60.00     51.49     60.04     89.93     25.48 
   247       52.50      0.72684        85.12     73.81     69.92     11.47     12.22     40.16     52.19     59.01     88.01     33.06 
   248       52.77      0.73676        95.12     73.44     71.92      8.37     -2.00     52.52     52.98     55.08     86.70     33.51 
   249       53.49      0.92455        87.76     73.23     63.04     14.03     14.22     57.92     53.71     58.53     88.24     24.22 
   250       52.90      0.62068        89.36     74.29     82.16     13.28      6.00     27.76     51.33     50.92     93.81     40.07 
   251       48.80      0.83620        89.84     66.35     63.60      5.07     -5.56     43.64     54.25     56.07     86.83     27.95 
   252       50.97      0.34230        78.64     84.00     74.16     27.04     32.44     -1.12     34.63     34.50     92.13     53.31 
   253       45.28      0.36309        66.40     87.79     69.76     13.81      0.67     -1.00     41.56     33.86     88.73     51.26 
   254       52.63      0.84208        85.20     73.28     76.00      7.84      3.33     51.92     46.48     62.49     88.32     31.41 
   255       51.46      0.64113        82.56     73.71     71.92     10.72     22.00     25.72     47.40     49.69     88.73     42.17 
   256       48.32      0.36244        52.72     85.65     70.40     36.64      9.78      0.56     42.00     37.88     90.04     57.53 
   257       48.45      0.63785        82.08     72.05     77.76      7.63    -14.22     27.56     52.51     53.98     88.88     36.32 
   258       51.81      0.46841        60.64     77.76     82.72     42.40     -1.11     24.32     48.44     45.88     87.23     49.80 
   259       47.56      0.33247        56.64     84.69     85.44     30.99      6.44      4.24     39.78     29.16     87.57     50.67 
   260       50.38      0.58286        80.16     77.87     79.52      6.56     10.22     14.80     50.13     51.91     90.11     42.57 
   261       52.49      0.47577        54.56     93.49     86.88     33.44      4.00     27.92     38.57     45.44     89.88     50.72 
   262       44.19      0.20924        51.04     92.69     59.20     39.31      0.22      3.04     27.65     24.52     89.90     54.35 
   263       44.67      0.35781        44.08     85.07     73.44     22.77     -8.22      7.52     40.63     39.26     87.66     54.52 
   264       44.06      0.25956        48.96     88.05     66.40     19.79      8.00      6.80     29.94     24.22     89.61     58.79 
   265       54.53      0.68641        95.04     66.51     79.44     38.35     12.67     18.76     57.62     54.79     87.21     34.91 
   266       53.65      0.88479        87.76     64.37     64.08     13.49     18.89     50.72     61.46     61.69     89.15     24.89 
   267       51.53      0.70598        86.72     71.63     79.60      4.21      9.33     31.16     53.75     55.81     89.37     33.70 
   268       51.78      1.04882        93.04     52.11     67.52      9.97     -4.89     59.20     63.08     64.12     88.19     25.46 
   269       50.55      0.77536        82.32     75.63     69.68     15.52      3.33     30.48     50.86     62.37     87.65     27.68 
   270       51.73      0.88231        86.88     74.88     59.60     17.87     -8.67     52.16     49.11     63.32     90.93     31.23 
   271       52.35      1.02083        84.96     63.63     64.48      9.12      7.33     67.88     57.52     60.22     90.49     17.90 
   272       51.67      1.02089        86.80     61.92     67.68     27.25     -2.67     62.00     48.95     57.35     85.29     22.10 
   273       50.45      1.08853        86.72     69.87     62.24      4.43     -2.67     56.96     59.43     58.75     88.70     20.10 
   274       50.13      0.99470        91.44     70.19     58.08      5.71    -11.56     59.36     55.62     64.39     86.83     21.26 
   275       51.81      1.04910        82.64     60.05     56.64     18.83     17.11     59.88     51.05     59.96     93.02     18.94 
   276       45.67      1.13795        86.24     51.89     62.88      2.93    -29.56     60.00     50.83     60.29     91.96     19.19 
   277       50.78      0.99654        88.64     71.41     69.28     28.64    -10.67     48.96     47.27     58.11     84.63     21.48 
   278       50.49      0.87509        89.84     67.20     57.92     22.56    -12.89     48.28     56.73     59.51     88.32     27.48 
   279       52.00      0.84543        89.44     68.05     69.20     19.25     -9.33     48.80     54.70     61.02     90.69     28.17 
   280       51.04      0.70279        95.12     79.25     71.36      4.21      3.78     23.48     56.25     54.28     89.70     32.94 
   281       52.52      0.81625        83.36     75.09     78.16     24.05      2.44     34.84     54.98     55.49     89.55     27.19 
   282       51.44      0.88638        77.12     61.65     58.56     16.16     17.78     49.64     50.29     60.65     90.75     31.80 
   283       48.53      0.83997        80.48     60.96     78.80      1.23    -14.44     49.44     52.89     57.28     91.15     27.48 
   284       52.13      0.78300        85.12     69.92     81.68     11.57      6.22     38.24     49.81     59.33     90.33     29.04 
   285       50.80      0.74162        92.64     61.01     72.08      9.76      0.67     36.44     57.43     58.78     87.85     31.36 
   286       51.26      0.77964        87.60     73.60     59.68      0.05      7.78     51.72     50.32     63.93     90.64     27.26 
   287       50.34      0.74712        80.00     72.48     79.76     14.88     -6.89     27.20     56.57     62.05     88.97     28.40 
   288       51.47      0.75885        86.48     78.35     62.08     15.09      6.00     40.44     52.60     53.05     88.66     31.95 
   289       50.28      0.70955        88.24     73.55     71.68     11.15    -12.22     31.36     55.62     61.82     91.29     30.27 
   290       50.47      0.70418        82.88     79.25     73.52      7.63      6.44     23.92     48.83     59.53     88.10     34.59 
   291       50.81      0.80788        95.04     68.80     65.04      7.31    -22.67     51.44     54.95     61.77     91.38     35.04 
   292       51.58      0.78754        89.60     75.09     65.04     10.61      5.11     40.60     50.89     58.14     88.54     32.17 
   293       50.61      0.84561        78.24     66.67     62.08     16.37      1.56     43.28     53.68     61.35     91.75     31.09 
   294       54.92      0.79659        94.00     76.75     69.28      8.16      9.33     61.64     48.73     63.16     88.32     29.80 
   295       51.04      0.80690        90.32     69.71     70.32     13.92     -5.78     44.40     51.62     54.07     89.37     32.44 
   296       53.13      0.78719        82.64     76.27     67.92     15.09     13.78     40.92     50.06     59.52     93.47     31.60 
   297       51.00      0.80817        88.72     66.35     78.72      2.51     -2.67     47.12     53.46     58.25     88.28     29.26 
   298       48.23      0.79267        89.76     74.08     61.04      6.03     -2.22     26.36     52.35     59.01     85.23     30.67 
   299       49.02      0.80865        91.84     64.64     68.80      4.21     -8.00     44.08     52.51     58.94     91.53     21.63 
   300       55.64      0.80117       103.92     69.81     70.08     23.09     -1.56     47.92     60.76     59.23     91.67     31.43 
   301       54.65      0.79655        89.60     71.04     68.96     18.51     29.33     35.60     55.87     56.76     87.77     33.09 
   302       49.80      0.79036        87.20     72.43     66.56      3.68     -3.11     29.44     57.46     62.81     88.97     32.54 
   303       52.30      0.78783        99.28     74.24     66.16     14.35     -1.56     41.76     50.41     59.71     88.73     29.90 
   304       54.87      0.79655        97.04     62.40     71.52     18.51     10.00     47.12     57.56     58.56     90.78     35.21 
   305       51.23      0.72120        81.44     74.19     82.16     16.69      2.22     27.52     51.46     55.52     89.91     31.21 
   306       51.33      0.61111        74.40     77.87     80.32     25.33     -2.44     22.04     54.35     59.59     87.95     33.93 
   307       50.96      0.69334        90.64     71.47     77.12     22.13    -14.67     32.32     52.98     57.59     86.98     33.01 
   308       49.37      0.62756        65.20     76.37     74.96     21.71    -10.67     26.28     54.41     57.98     91.91     35.58 
   309       52.66      0.85200        91.12     69.55     81.60      3.89      0.67     50.00     54.70     59.99     88.32     26.79 
   310       47.49      1.29009        80.08     49.81     45.28      1.01     -2.67     75.60     53.78     65.15     89.28     17.60 
   311       53.42      0.69693        96.96     81.97     74.48     30.03      1.78     26.24     48.95     52.76     89.55     31.53 
   312       37.91      0.13484        35.20     88.75     50.88     25.01     20.67      5.68     16.29     18.98     89.12     28.57 
   313       28.84      0.06677        80.16     83.47     26.56     29.92    -20.67     -1.92     -6.22     10.97     88.92     -2.81 
   314       42.84      0.25053        30.32     87.57     48.40     43.89      7.56      2.52     30.57     28.32     88.08     61.19 
   315       39.59      0.13248        65.28     93.71     21.84     60.11      9.33      1.36      4.44     17.41     85.58     36.79 
   316       50.95      0.27405        60.08     92.37     88.16     46.45     10.22      5.48     35.65     23.14     86.81     61.14 
   317       34.69      0.06773        69.68     74.83     21.12     30.35     41.78     12.40     -3.05      9.73     91.64     -1.53 
   318       49.93      0.45549        80.64     81.87     76.48     10.93      6.67     14.52     55.24     41.35     82.49     49.09 
   319       46.62      0.30851        44.88     94.08     66.00     37.07     13.11      4.60     28.70     28.45     93.67     55.60 
   320       45.90      0.41311        48.40     87.89     66.72     43.47    -10.44      1.76     44.10     46.75     84.05     46.35 
   321       47.50      0.35415        60.24     89.71     77.68     17.65      7.56      7.48     41.17     33.02     88.10     52.40 
   322       26.31      0.03631        43.52     69.65     23.36     27.57      6.89      7.92     -4.73     -0.90     90.64     -0.84 
   323       50.12      0.77660        93.20     62.93     77.68      7.31     -3.78     35.04     54.13     52.79     88.06     33.80 
   324       49.58      1.10511        66.00     60.80     70.08     18.93      2.22     55.04     56.57     59.05     89.44     17.70 
   325       45.48      1.58286        82.48     51.31     47.60     15.09    -17.11     71.80     40.73     58.62     92.53     11.73 
   326       44.93      1.86165        81.76     44.80     38.72      8.91     -6.44     70.64     50.22     63.21     85.23     12.20 
   327       43.72      1.98780        75.12     48.00     38.32     10.93     -3.11     72.68     34.67     59.20     86.78     14.57 
   328       41.61      2.43738        56.72     41.92     34.56     24.69      5.78     64.76     42.00     60.35     73.22     12.12 
   329       41.61      2.03414        76.48     40.96     44.00     -0.69     -4.22     67.32     40.63     58.08     83.11     10.47 
   330       40.42      2.32805        75.28     44.43     44.80     -4.64      3.33     63.52     28.89     61.09     78.38      9.11 
   331       43.99      1.87736        74.96     44.96     37.44      2.83      2.44     69.12     46.03     59.19     88.68     14.22 
   332       41.98      2.09626        67.92     41.81     39.76     21.49    -14.00     62.36     42.19     60.44     81.41     16.47 
   333       49.37      1.65165        83.12     53.33     53.92      5.17     14.22     66.04     47.17     61.32     99.33     10.02 
   334       46.39      1.57597        85.20     42.35     53.36      6.13    -12.00     72.48     45.17     62.43     92.22     16.57 
   335       45.96      1.69104        72.08     43.73     45.68      2.83     11.78     77.20     38.25     59.87     91.89     16.27 
   336       48.83      1.31714        82.40     61.23     47.12      8.48     -5.33     70.84     51.94     59.56     95.72     16.32 
   337       50.40      1.70082        86.24     52.48     46.24     -5.28     34.44     72.96     46.98     62.47     90.59     16.86 
   338       49.06      1.53230        89.44     48.37     48.88      7.20     16.67     69.76     46.25     61.51     89.51     13.04 
   339       46.11      1.65965        90.24     48.53     41.20     10.51    -18.89     71.84     47.14     59.71     97.80     12.99 
   340       47.34      1.44292        82.40     53.81     47.84      1.97     -0.44     70.32     45.43     60.03     89.70     22.32 
   341       45.72      1.63645        81.12     58.35     43.84      6.56    -10.44     69.20     47.05     60.52     87.95     13.06 
   342       48.29      1.73318        89.36     43.79     49.84      8.27      8.89     67.88     46.63     57.83     96.83     13.58 
   343       43.91      1.77200        72.48     49.28     40.80      4.11      2.22     68.32     40.13     60.80     87.79     13.21 
   344       46.56      1.52174        88.64     53.76     39.52      6.88    -11.33     69.12     50.73     60.76     93.54     14.02 
   345       42.74      1.95010        72.72     39.04     39.04      2.40      4.44     72.84     40.70     58.84     83.18     14.22 
   346       43.88      1.86779        78.16     43.25     40.16     10.40      3.56     69.88     30.73     61.83     88.90     11.95 
   347       46.21      1.78294        74.88     47.84     47.52    -11.15     22.00     68.32     46.41     61.77     89.80     14.72 
   348       43.99      1.86049        83.04     44.96     46.88      2.19    -11.78     66.44     51.08     63.05     84.51      9.51 
   349       45.59      1.64705        76.88     53.87     44.72     -2.83      9.78     59.04     52.92     58.49     89.04     14.00 
   350       43.30      1.96472        78.32     41.65     49.52     12.85     -4.89     69.68     39.17     56.16     84.45      6.12 
   351       49.54      1.42229        86.80     57.76     64.32      1.33      6.44     64.32     48.51     62.43     87.19     16.30 
   352       45.11      1.73000        72.80     41.01     59.92     -7.20      0.44     75.64     44.10     58.02     93.00     13.36 
   353       52.13      1.17281        88.32     70.40     69.28      8.05     -8.44     66.08     53.59     61.24     93.32     19.43 
   354       48.51      1.04057        87.76     57.12     65.36     13.60    -18.44     60.20     54.89     56.41     82.11     26.10 
   355       51.21      0.91774        89.36     56.27     55.04      8.27      9.11     65.48     57.21     58.11     91.24     21.98 
   356       50.54      1.24487        91.60     55.31     52.56      6.24      5.11     68.04     56.54     60.89     90.24     18.89 
   357       46.62      1.50196        72.88     53.01     51.36     13.39     -7.78     67.80     48.16     62.85     88.88     15.60 
   358       48.75      1.11082        86.48     54.61     68.88      3.68     -6.67     63.32     52.70     57.50     84.96     22.00 
   359       50.82      0.98420        94.16     66.03     70.16     -5.49     10.22     47.80     53.84     61.43     83.75     26.27 
   360       47.41      1.17275        88.48     48.69     71.20      1.23     -8.22     60.88     48.10     60.06     85.67     17.98 
   361       53.80      0.83709        85.60     62.72     72.72     30.24      3.78     58.52     52.10     58.88     87.97     25.48 
   362       52.30      1.04873        89.04     68.21     51.92      5.49     25.78     51.48     59.62     58.82     88.54     24.12 
   363       53.39      1.18287        80.40     67.41     63.28     17.55     27.11     54.32     53.40     63.00     87.92     19.48 
   364       50.77      1.34047        84.08     58.35     61.76      2.72      9.78     70.52     51.81     58.04     92.42     18.27 
   365       51.06      1.33994        89.44     50.45     52.80     20.85      4.44     64.16     50.25     64.17     94.09     19.90 
   366       50.63      1.23419        84.88     53.17     67.04     11.79      9.33     62.16     53.43     57.34     94.88     12.27 
   367       50.72      1.43111        77.44     60.91     57.52      9.76      1.11     71.12     54.10     59.37     94.34     21.56 
   368       49.30      1.29824        91.92     50.56     58.72     13.71     -6.00     67.64     50.03     60.19     85.52     20.72 
   369       44.31      1.46507        73.44     46.40     46.00      2.72    -10.67     66.84     47.71     61.79     91.20     17.68 
   370       47.16      1.57398        81.76     45.23     37.84     13.60      4.00     70.32     51.68     63.11     94.61      9.48 
   371       47.51      1.50622        85.12     55.09     50.32     -8.16     -9.33     76.28     47.37     62.84     92.07     23.46 
   372       46.42      1.59186        84.64     47.57     54.00      8.48    -11.78     67.76     48.16     60.73     93.07     11.53 
   373       51.14      1.37021        93.04     52.32     57.52     20.21     10.89     71.88     52.03     56.03     84.13     13.33 
   374       47.33      1.21074        86.40     51.89     48.96     11.68    -24.67     69.32     58.35     61.02     90.53     19.80 
   375       47.44      1.49775        85.04     52.05     54.00     13.71     -6.44     63.24     46.79     58.01     90.80     17.23 
   376       51.81      1.48037        91.20     53.28     57.28     -0.69     20.67     75.64     53.30     62.28     90.89     14.25 
   377       48.43      1.52419        87.52     55.89     55.44     14.24    -17.56     62.96     55.65     59.27     93.31     17.58 
   378       47.68      1.62534        77.92     46.45     52.64     14.24     -3.78     70.40     47.71     59.68     93.98     17.53 
   379       52.56      1.36682        80.64     63.79     57.36      6.77     22.44     71.72     50.60     63.83     91.33     17.14 
   380       46.91      1.30236        83.36     51.79     45.76      1.01      1.78     66.20     54.06     61.13     90.82     13.14 
   381       45.01      1.42172        84.40     49.23     45.20     11.15     -9.56     64.48     44.73     59.24     85.40     15.83 
   382       49.08      1.45300        74.64     56.37     49.36     15.95     13.33     68.16     46.83     61.40     91.87     12.91 
   383       47.55      1.33712        80.00     55.95     60.72      5.39    -10.00     69.84     52.13     60.12     87.01     14.35 
   384       45.75      1.42320        77.68     52.80     45.68     -7.41      5.78     65.72     52.89     61.86     90.10     12.44 
   385       47.84      1.40479        77.44     55.41     58.32      7.09      4.44     67.80     42.06     63.72     88.52     13.63 
   386       47.35      1.35263        79.76     45.44     54.32      6.88      9.56     62.44     51.90     58.76     89.68     14.79 
   387       45.53      1.43713        82.80     43.36     52.48     -3.47    -13.56     69.08     52.32     61.54     89.12     21.58 
   388       49.56      1.28915        84.80     63.36     56.32      7.63     -7.11     60.48     52.73     63.43     93.51     20.44 
   389       49.46      1.36369        82.88     49.60     50.64     17.12      9.33     69.84     51.52     59.59     87.43     16.59 
   390       50.36      1.31687        92.96     53.39     56.56     10.93     -8.00     73.80     50.76     56.80     91.73     24.67 
   391       50.11      1.29933        87.60     53.92     58.32     -2.72      0.67     70.60     54.29     64.35     92.05     22.02 
   392       48.82      1.38007        86.96     53.81     68.40      2.19     -4.44     62.52     52.06     60.64     89.21     16.84 
   393       48.77      1.30732        86.16     56.00     56.08      8.80     -8.22     62.20     57.30     61.19     92.98     15.16 
   394       48.05      1.28971        84.80     53.12     48.96     14.24      4.44     65.16     44.63     61.82     86.96     16.37 
   395       49.81      1.35863        83.44     54.35     48.08     10.72     12.22     72.72     45.40     60.31     89.48     21.36 
   396       48.49      1.35713        89.68     51.09     55.04      7.52      8.44     64.80     41.97     60.38     89.06     16.89 
   397       50.43      1.36606        84.48     62.67     47.84     11.15      9.33     65.08     49.94     66.07     88.26     19.48 
   398       48.81      1.36591        84.56     53.60     51.04     12.53      0.89     68.20     57.21     58.02     88.37     13.65 
   399       49.05      1.35606        87.44     60.96     58.80      6.24      5.56     50.04     52.57     63.26     88.03     17.65 
   400       49.44      1.37209        75.36     57.81     53.04     14.13     -6.00     74.12     52.83     62.55     91.07     19.51 
   401       51.26      1.36569        84.16     57.60     49.68     12.64      6.44     77.16     57.59     59.58     89.55     18.20 
   402       46.97      1.35470        80.40     44.48     48.24     14.77      8.00     63.60     48.00     60.86     86.49     14.81 
   403       50.83      1.37299        94.16     50.88     52.16      6.77      6.44     68.12     56.51     61.72     89.79     21.78 
   404       48.72      1.35934        84.64     49.81     51.52     10.72      4.22     69.88     49.84     58.15     87.59     20.86 
   405       47.57      1.36682        85.12     47.47     49.76     10.83      0.00     59.72     56.67     61.86     86.78     17.51 
   406       48.48      1.37615        84.72     46.56     57.28     10.51     -5.56     66.08     56.73     62.81     90.31     15.41 
   407       42.02      1.89846        80.32     44.85     44.72     -2.29     -8.22     65.84     39.94     59.27     86.29      9.53 
   408       49.48      1.48423        86.32     49.97     47.28     21.49      7.56     71.52     41.14     63.17     90.55     15.80 
   409       50.26      1.16303        87.28     63.04     63.28     12.32     -8.22     63.56     47.68     60.67     90.00     22.99 
   410       43.59      1.59262        80.16     42.08     39.84      7.84    -26.00     73.08     52.00     59.88     92.87     14.15 
   411       49.28      1.60456        82.40     50.72     52.40      7.41      8.44     78.52     47.21     62.15     90.77     12.74 
   412       46.54      1.66117        81.84     46.40     41.28      9.87      0.00     72.00     48.00     63.26     90.46     12.27 
   413       51.10      1.23124        86.88     54.83     55.28     15.20      6.22     71.16     47.59     62.28     90.11     21.43 
   414       45.35      1.71226        71.76     49.92     46.24      8.91      7.11     61.28     42.67     62.71     88.46     14.44 
   415       51.89      0.85635        83.12     76.27     62.40     23.52      2.67     33.68     59.17     60.97     89.42     27.65 
   416       51.15      0.68840        88.40     66.03     74.72      9.23      8.67     34.32     55.43     55.43     82.64     36.64 
   417       51.37      1.31850        86.32     60.53     56.40     11.57      2.00     69.36     51.52     64.44     93.20     18.32 
   418       50.81      0.55735        62.48     75.04     82.72     30.13      5.11     15.48     49.37     52.03     91.11     44.62 
   419       53.43      1.09440        87.52     62.40     64.64      8.91     26.00     63.16     54.79     57.47     88.88     20.57 
   420       49.94      0.61548        85.36     69.49     61.20      6.56     26.44     27.64     48.83     53.98     87.14     32.72 
   421       46.48      1.43907        81.92     42.61     54.64     14.13    -15.33     67.92     44.19     62.68     94.61     17.38 
   422       51.62      1.15307        88.88     52.32     61.04     20.53     13.33     66.44     50.92     59.13     84.58     19.06 
   423       48.21      1.25143        91.52     55.47     61.52     10.51    -22.89     62.44     50.67     62.97     90.68     19.21 
   424       57.12      0.82449        98.32     73.60     76.64      5.17     18.44     61.28     60.67     57.38     86.16     33.53 
   425       46.23      0.34989        76.40     82.61     48.72     29.49     -3.11      3.32     46.79     33.83     92.82     51.46 
   426       51.48      0.88064        95.20     65.92     76.16      3.68      4.22     46.36     50.16     59.99     90.24     22.89 
   427       49.20      0.39156        66.80     84.85     68.48     34.29     -4.44      3.68     48.57     38.49     94.49     56.81 
   428       52.63      0.46197        85.12     86.19     79.92      9.44      8.22     26.56     49.33     45.29     86.99     49.19 
   429       51.73      0.76607        89.28     65.49     76.56      9.23     18.22     30.40     48.06     54.97     88.54     36.54 
   430       53.32      0.62883        80.64     82.99     82.00     25.44      0.67     31.64     51.97     53.02     84.11     40.74 
   431       46.42      0.51498        43.12     76.53     86.56     31.09      0.89      3.28     52.32     50.07     84.56     35.78 
   432       46.79      0.57256        65.44     77.39     71.20     18.61      0.22      5.40     51.21     51.56     86.45     40.37 
   433       48.04      0.93435        89.04     70.72     56.24     -0.27     -0.44     39.28     54.51     61.02     82.57     27.70 
   434       52.72      1.04344        88.80     65.07     62.32     19.79      6.00     63.44     53.17     60.07     84.02     24.54 
   435       54.26      0.86187        79.12     68.43     78.32     14.13     15.56     54.44     54.29     62.28     89.21     26.84 
   436       47.51      0.57275        79.04     73.39     68.48      8.80     13.33     16.68     38.73     52.25     83.29     41.11 
   437       48.84      0.78896        93.12     71.47     65.20      5.49    -11.33     41.88     50.60     55.78     85.58     30.57 
   438       48.32      1.15970        88.72     56.05     53.28      3.47      4.22     49.92     51.71     63.67     90.06     22.12 
   439       47.68      1.30037        87.36     50.51     47.36      0.69      5.33     64.96     47.21     61.02     91.71     20.69 
   440       50.41      1.09076        89.84     52.48     58.72     14.99      0.22     62.56     55.02     55.08     93.09     22.12 
   441       49.43      1.05806        94.96     48.75     57.60      2.51     -4.67     63.84     56.41     58.11     93.02     23.78 
   442       49.69      1.08860        86.96     59.57     68.00      5.07    -18.44     63.92     58.41     59.80     90.19     23.46 
   443       48.59      1.36793        89.76     51.36     48.96      9.55      6.22     69.32     49.40     57.44     87.16     16.77 
   444       50.98      1.27082        86.72     55.04     65.92     16.16     -0.22     65.72     51.52     62.04     88.92     18.02 
   445       51.69      1.22928        82.88     61.76     47.44     16.80      3.56     77.12     52.25     60.95     89.99     24.17 
   446       53.04      1.08795        87.44     56.21     61.92     19.57     18.67     64.88     55.37     55.69     89.13     21.48 
   447       55.54      0.91976        92.40     60.48     69.20     22.99     15.11     57.64     59.81     61.43     93.25     23.09 
   448       53.11      0.79523        96.64     72.59     72.72     27.36    -20.89     51.12     50.48     56.93     89.91     34.27 
   449       49.56      1.18423        84.72     52.00     63.84     10.29      5.33     56.88     49.84     62.71     84.62     25.38 
   450       48.82      1.18574        80.00     55.73     51.36     13.28     -2.22     74.72     53.37     59.19     85.81     16.94 
   451       52.47      1.16513        95.84     63.04     65.68     11.15     -3.78     62.60     54.06     63.40     92.31     20.42 
   452       49.21      1.19866        89.12     60.85     53.92     10.40    -14.44     69.28     55.65     56.20     91.02     20.12 
   453       49.40      1.45899        87.20     53.49     49.68      1.33      7.11     71.96     51.94     63.00     90.82     17.51 
   454       51.02      1.08286        88.08     69.33     66.64      2.83      1.33     47.60     58.16     61.66     90.66     23.90 
   455       48.14      1.00613        80.16     72.80     57.92      3.57    -10.67     59.16     55.27     57.02     84.38     21.75 
   456       52.69      1.19571        81.36     61.01     52.96     23.73     14.22     61.16     52.95     63.10     96.75     19.68 
   457       48.03      1.37883        77.76     50.13     48.00     13.28      7.33     73.80     50.86     61.43     83.13     14.62 
   458       51.61      1.05773        85.44     58.51     72.64     14.67      5.11     58.60     55.46     61.24     86.27     18.12 
   459       47.95      1.29607        76.64     53.97     60.40      8.59     -9.78     67.88     52.00     58.25     92.20     19.31 
   460       48.32      1.11541        87.20     65.12     54.24     15.20    -21.11     56.60     58.06     62.43     86.07     19.43 
   461       50.31      1.16445        91.20     47.57     59.84     27.68    -13.11     64.00     59.14     62.40     85.47     18.94 
   462       50.24      1.05741        83.68     66.24     68.48      0.69    -16.44     66.24     56.70     62.66     88.63     25.53 
   463       52.76      0.95311        92.40     72.91     70.56      6.56      2.00     54.00     59.24     58.01     85.34     26.54 
   464       49.82      0.80693        76.32     60.96     74.96     11.04      2.44     40.52     57.40     52.76     91.15     30.64 
   465       51.19      0.81307        88.64     69.87     70.24     -2.19     11.11     49.32     53.08     58.01     84.63     29.16 
   466       51.33      0.76027       100.56     65.12     84.00      6.88     -2.22     40.00     51.14     55.61     81.48     30.74 
   467       52.31      0.98447        90.56     64.11     67.28     13.28     -6.44     54.80     62.29     59.40     91.75     26.12 
   468       51.84      0.86843        91.60     72.48     70.00      1.33     -0.22     52.92     56.95     57.82     84.38     31.19 
   469       57.49      0.70009        96.96     72.21     72.88     19.04     29.11     44.16     59.02     56.48     92.56     32.52 
   470       49.60      0.88905        91.12     59.95     65.60     12.43     -6.22     34.40     62.92     59.45     90.20     26.15 
   471       50.99      0.87326        78.96     66.24     72.32     17.44     -0.22     49.12     55.21     55.53     90.00     25.28 
   472       51.68      0.90527        80.40     71.57     69.92     12.53      8.67     47.40     47.37     59.97     92.22     26.77 
   473       51.10      0.56344        90.00     71.57     68.32     19.15      7.11     15.76     51.11     54.39     93.78     39.78 
   474       53.08      0.62287        74.64     79.84     73.68     15.52     23.78     24.08     51.30     56.13     89.51     42.30 
   475       45.08      0.57185        66.88     83.52     78.00      9.12    -22.22      5.92     48.51     56.19     84.24     40.64 
   476       51.80      0.78590        85.84     67.68     71.04     20.43      4.22     41.96     51.37     60.41     84.76     30.35 
   477       51.96      0.74798        84.48     71.20     66.24      4.53     22.22     33.60     52.25     56.36     89.53     39.14 
   478       53.36      0.76948        90.08     79.41     72.88     12.53     12.67     31.36     53.75     58.25     88.63     34.02 
   479       55.74      0.77187        97.92     77.28     63.92     19.79     18.22     47.76     54.19     57.98     90.86     29.48 
   480       51.87      0.58451        88.48     77.39     87.20     14.13      4.67     12.64     46.79     54.65     93.27     39.48 
   481       52.82      0.60919       100.96     79.09     74.24     11.47      2.22     27.44     53.33     53.92     86.68     38.86 
   482       53.77      0.70272        91.28     68.96     74.56     17.87      4.44     40.32     53.68     57.66     90.51     38.42 
   483       49.46      0.67372        79.84     75.04     71.20     19.68      8.67     11.04     50.86     58.37     84.78     35.09 
   484       52.30      0.80483        84.32     68.00     72.80     23.41      1.56     42.76     54.79     60.86     85.85     28.67 
   485       48.91      0.81233        83.28     69.92     59.12     17.87     -4.89     32.24     47.97     62.95     91.13     29.51 
   486       52.61      0.74051        88.72     80.11     68.24     10.93     -9.33     46.08     59.02     58.56     95.41     28.40 
   487       52.37      0.75619        92.00     68.48     66.08     20.75      7.33     43.28     46.98     57.16     86.16     35.43 
   488       52.73      0.63380        79.12     80.96     76.64     24.48     -3.56     34.16     54.95     54.37     88.79     37.41 
   489       51.81      0.68437        91.12     73.97     69.76     18.93     -2.89     32.68     58.13     55.69     83.40     37.33 
   490       51.49      0.70821        93.04     73.60     81.84     -4.75      1.33     28.16     63.30     58.37     87.28     32.72 
   491       51.97      0.74116        76.00     70.45     80.64     15.41      1.33     45.88     55.08     55.56     92.09     27.26 
   492       53.10      0.69680        78.64     82.45     71.36     15.95     12.00     32.04     56.06     56.65     91.64     34.25 
   493       52.61      0.76143        89.04     72.48     68.96     23.52      3.78     38.76     57.37     53.86     85.92     32.42 
   494       52.72      0.65148        95.76     75.73     73.44     23.20     -4.44     29.76     61.56     49.66     89.64     32.86 
   495       51.68      0.76084        81.76     67.25     77.60     20.85      4.44     33.56     51.68     57.64     90.29     31.73 
   496       53.47      0.69687        65.44     77.49     73.60     33.44     10.67     29.68     62.25     54.14     91.96     36.00 
   497       53.68      0.69751        76.80     70.35     77.36     38.88     -2.67     34.32     58.95     56.81     87.92     38.07 
   498       51.47      0.70426        95.92     65.33     75.12      1.01     -9.11     45.44     62.73     56.06     90.91     31.33 
   499       50.18      0.70924        90.56     61.65     66.88     22.99     -4.22     26.24     54.79     56.74     94.85     31.28 
   500       50.35      0.69179        76.96     63.79     90.24     13.28    -10.22     26.48     55.21     55.77     91.84     40.15 
   501       48.85      0.69544        75.20     74.56     66.96     18.83     -6.67     28.68     55.30     55.17     85.27     35.21 
   502       54.72      0.70060        88.40     81.87     80.72     18.51     12.44     40.40     52.51     56.17     85.47     30.69 
   503       49.60      0.70570        71.44     73.12     70.08     20.96     -8.44     39.24     60.44     52.76     84.15     32.27 
   504       51.67      0.70796        93.44     62.29     63.12     17.65     23.78     31.12     53.40     56.28     83.37     32.30 
   505       49.51      0.69935        63.76     73.71     73.28     22.67      0.22     37.84     52.95     54.89     82.44     33.31 
   506       50.04      0.70009        97.36     76.16     78.16     -3.68     -9.33     39.28     45.43     60.22     83.24     33.56 
   507       52.92      0.59679        80.88     79.73     71.44     23.73      7.78     21.24     53.33     55.68     89.77     45.58 
   508       48.89      0.49281        57.44     72.00     78.00     26.29    -10.00     30.60     45.17     50.17     91.09     48.15 
   509       40.85      0.23147        29.36     89.81     56.40     28.43     16.44     -0.20     24.06     20.23     87.03     56.89 
   510       53.92      0.69538        92.16     70.77     81.76     26.40      4.89     36.12     51.62     57.72     81.99     35.78 
   511       45.92      0.20979        69.04     94.40     35.12     54.99      5.56      2.24     19.11     30.85     83.95     64.00 
   512       40.80      0.19682        57.44     89.28     33.28     53.49      3.56     -3.80     15.30     16.81     86.49     56.20 
   513       49.78      0.48927        65.36     78.51     75.76     32.16      3.33     19.48     43.59     48.42     85.12     46.10 
   514       50.48      0.47351        92.96     69.55     81.12     14.13     -9.56     26.80     42.10     48.60     87.05     52.05 
   515       52.23      0.68930        83.76     71.79     60.88     24.91     -9.33     54.88     56.57     57.45     85.49     35.93 
   516       48.13      1.04557        85.60     58.51     61.12      5.92    -10.67     57.00     53.43     61.61     88.55     20.22 
   517       51.67      0.82834        92.96     70.99     71.12      2.08     12.22     40.64     56.51     60.00     83.73     26.49 
   518       51.25      0.64681        89.84     81.12     79.84     17.33    -12.44     21.88     49.65     54.37     92.00     38.86 
   519       47.84      0.55240        87.28     74.56     63.84     15.73     -1.78      5.20     50.54     51.80     90.17     41.01 
   520       50.05      0.91600        83.52     65.97     64.80     -3.15     -4.00     56.88     58.86     61.56     89.62     26.44 
   521       52.75      1.02714        85.04     63.25     68.56     15.31     12.67     53.56     56.44     62.41     90.22     20.07 
   522       50.47      1.14694        86.24     62.67     56.64      9.65      5.11     63.20     54.41     59.33     87.85     19.60 
   523       47.65      1.33910        83.04     56.27     51.84      6.77     -1.11     59.20     56.57     63.65     89.61     10.64 
   524       52.13      1.51457        74.00     62.13     53.28     29.81     11.11     64.44     57.71     63.01     92.80     13.01 
   525       50.89      1.47250        89.12     49.33     50.72     19.25     12.89     66.60     56.95     59.16     90.60     14.32 
   526       44.50      1.74557        84.48     45.76     40.32      4.32    -10.44     68.48     43.24     61.35     93.56     13.93 
   527       51.95      1.27909        86.96     64.00     57.52      9.76      3.56     66.40     64.19     58.09     89.66     19.36 
   528       46.14      1.58802        78.08     52.53     42.56      3.68      4.00     58.96     50.86     58.44     96.01     16.32 
   529       54.47      0.87199        90.64     78.08     73.44     20.43      6.44     46.00     56.41     60.63     85.74     26.91 
   530       54.03      1.16029        91.52     61.23     64.88      8.80     26.00     64.12     54.60     62.92     90.64     15.60 
   531       48.36      1.32912        93.92     54.03     54.56     16.69     -6.00     54.72     51.90     56.63     91.67     15.48 
   532       50.29      1.30422        83.92     58.56     49.60     26.72      3.56     64.16     42.54     60.15     92.38     21.28 
   533       48.46      1.62517        87.20     49.81     54.40     -1.01      2.89     75.72     47.71     59.65     94.87     13.36 
   534       44.22      2.05449        72.08     39.52     45.36     15.84      2.67     62.88     42.03     62.56     85.71     13.56 
   535       47.92      1.51439        83.68     43.57     52.96      5.07     -3.11     73.80     51.40     62.11     93.22     16.49 
   536       47.54      1.74608        86.48     53.71     54.56     -3.68      3.56     68.32     41.46     63.90     90.49     16.62 
   537       46.35      1.68301        77.92     47.57     50.32     -4.85      4.67     64.96     50.57     59.65     94.70     18.02 
   538       47.05      1.79942        65.68     47.25     45.36     19.57     12.22     73.72     44.57     61.03     88.92     12.12 
   539       45.89      1.92498        71.60     47.57     39.60     17.23     17.56     64.36     44.16     61.61     84.47     10.74 
   540       42.21      2.14258        71.84     31.09     41.28      4.00      3.33     65.08     44.03     65.51     83.96     11.98 
   541       45.12      1.72624        85.60     40.91     44.40     13.71     -1.11     66.08     41.43     60.32     84.07     15.80 
   542       46.50      1.85232        76.80     40.69     46.88     11.79      5.78     68.96     43.87     63.69     91.35     15.23 
   543       45.89      1.93400        77.84     42.45     35.52     18.72      7.56     68.08     48.32     56.09     89.08     15.26 
   544       45.40      1.76149        75.76     45.12     47.04      3.79      2.44     72.16     42.19     60.09     92.78     12.67 
   545       46.72      1.41170        89.92     51.41     48.32     10.08     -4.67     62.28     44.79     62.94     87.74     14.42 
   546       45.93      1.61109        80.56     46.35     49.12     17.44    -10.00     71.68     40.57     58.71     91.31     13.56 
   547       46.30      1.72529        84.16     53.76     42.80      0.80      2.44     63.60     44.60     59.83     93.89     17.09 
