constructTestCases(): generating 11 specified cases ...  DONE
Procedure Optimizer.Optimize()
Oracle probabilites : disabled
Optimizer(): Simulated Annealing , Random-normalized optimality [%]
Optimizer(): config:  [[0.0, -1, -1, -1], [3.0, 1, 1, 1], [], 10, 10, 0.75, 0.01, 0.5, 0.01]
Optimizer(): selective:  [0]
Optimizer(): evals/step: 10
Optimizer(): numParams: 4 , completeRepeats: 100
MABsolver_config: algorithms: UCBtuned , CP Disabled , CPT Davor , Reset SingleMovingAvg
MABsolver_config: params: types:  Linear  Direct  Direct  Direct  Direct  
MABsolver_config: params: numInputs:  3  0  0  0  0  
MABsolver_config: params: weights:  [  0.770000  0.000000  0.000000  0.000000  ]  [  2.000000  ]  [  1.000000  ]  [  50.000000  ]  [  1.000000  ]  
BanditTestBatch: casesIDs:  0  1  2  3  4  5  6  7  8  9  
BanditTestBatch: numCases: 10
BanditTestBatch: maxim sum reward: 3919.0
BanditTestBatch: random reward: 2805.0
 Evals       Score       p00w00    p00w01    p00w02    p00w03       case01    case02    case03    case04    case05    case06    case07    case08    case09    case10 
     1       40.27      0.77000   0.00000   0.00000   0.00000        70.00     28.27     45.40     33.07     -7.22     74.30     42.54     61.27     49.48      5.62 
     2       38.83      0.55496  -0.47471   0.11795   0.18446        71.60     35.73     40.80     -9.33     -9.44     81.30     50.63     58.11     61.72      7.22 
     3       43.08      0.83497  -0.94064  -0.20434   0.45283        84.00     34.67     49.20    -15.20     33.89     81.20     46.35     57.49     56.24      2.96 
     4       40.81      0.86119  -0.59871  -0.37786   0.63078        73.40     44.13     34.60      4.53     21.67     66.60     41.19     61.05     52.88      8.09 
     5       47.99      0.15625  -0.87761  -0.51930   0.57173        67.20     55.87     77.60     46.40    -13.33     30.30     60.16     47.31     91.02     17.35 
     6       40.00      0.02793  -0.39232  -0.28443   0.65205        85.40     56.40     58.40     -2.93     -6.11     14.20     59.21     46.91     81.63      6.91 
     7       39.08      0.62901  -0.35398  -0.03364   0.64102        86.40     25.20     42.60     10.40    -13.89     84.40     40.87     61.93     56.01     -3.09 
     8       43.27      0.56776  -0.74033  -0.28927   0.49410        77.20     42.00     38.40      9.33     10.56     72.10     41.59     56.29     68.84     16.42 
     9       44.76      0.11370  -0.50135  -0.42615   0.16570        78.80     51.87     67.80      8.00     -6.11     34.90     58.89     59.67     81.81     11.98 
    10       41.71      0.07378  -0.82250  -0.75735   0.65899        47.20     65.60     55.60     23.73     18.89     -3.20     50.87     52.87     87.85     17.72 
    11       45.35      0.33878  -0.45289  -0.37063   0.18228        62.40     39.20     58.80     -5.07     25.56     67.60     47.54     59.53     74.97     23.02 
    12       42.57      0.91159  -0.22669  -0.80509   0.28624        88.60     43.20     51.80     -6.13     10.56     71.60     37.14     64.58     61.09      3.27 
    13       48.33      0.24527   0.15318  -0.45799   0.72718       105.80     63.33     59.80     19.20      5.56     48.00     45.32     64.51     71.25      0.56 
    14       45.86      0.14662   0.08853  -0.47244   0.51904        70.40     49.60     75.40     36.00      0.56     48.60     46.11     47.71     77.60      6.67 
    15       45.72      0.05092  -0.10547  -0.24445   0.32858        72.00     63.87     59.40     13.60     -0.56     42.70     54.21     60.62     75.96     15.43 
    16       41.70      0.43438  -0.03944  -0.17038   0.07938        71.60     43.60     32.00      4.53     32.22     61.70     38.41     60.73     60.68     11.54 
    17       39.51      0.46779   0.35180   0.10762   0.18605        72.60     31.87     42.60     13.07     -8.33     75.50     45.71     62.44     54.06      5.56 
    18       41.33      0.70335  -0.43307   0.20394   0.43809        72.20     46.27     51.40    -16.80     12.22     85.60     38.10     62.00     53.70      8.64 
    19       35.08      0.81509  -0.61479   0.40844   0.46276        68.60     23.60     39.20      5.60    -26.67     80.50     39.52     60.95     50.34      9.14 
    20       40.42      0.17629  -0.64079   0.40620   0.39680        71.60     38.13     38.20      9.07      8.33     64.00     57.70     52.55     57.41      7.22 
    21       39.34      0.15845  -0.34833   0.42607   0.04820        80.20     38.27     37.60     -1.33     -5.56     57.20     57.30     53.78     62.45     13.52 
    22       37.84      0.69989  -0.36445   0.55534   0.42490        64.00     30.00     30.60      8.27     22.78     78.60     24.13     61.49     50.02      8.52 
    23       36.21      0.99485  -0.39057   0.20980   0.07161        71.20     34.00     29.40      5.60     25.00     63.20     24.21     57.93     47.76      3.77 
    24       40.00      0.69565  -0.10711   0.20575   0.44060        69.80     42.13     42.40     -1.07     12.78     75.00     36.19     59.78     51.79     11.17 
    25       41.32      0.25305  -0.36424  -0.11895   0.52389        81.60     56.40     56.00      0.80     -4.44     38.80     46.83     58.87     72.20      6.11 
    26       35.95      0.32954  -0.30181   0.11399   0.52800        72.80     38.67     43.20      2.13    -25.00     67.40     32.38     59.31     61.77      6.85 
    27       40.66      0.70180  -0.12629  -0.20056   0.40474        80.40     47.87     49.20     -1.87    -11.11     72.40     44.21     57.93     57.19     10.43 
    28       44.10      0.64385   0.24956  -0.38293   0.08957        81.20     49.47     59.60     13.60      9.44     66.90     35.87     60.11     60.23      4.63 
    29       43.74      0.10576   0.33153  -0.26130   0.28169        89.20     67.07     45.60      6.13      6.67     34.50     53.25     56.95     72.65      5.37 
    30       37.55      0.16244   0.36873   0.05881   0.58088        75.80     36.40     38.40    -32.80     15.56     68.50     48.02     56.00     64.90      4.69 
    31       43.58      0.60858   0.52251  -0.53813   0.09542        74.20     44.53     50.80      5.60     29.44     73.60     37.70     57.89     56.78      5.25 
    32       39.01      0.68197   0.60587  -0.63537  -0.04110        81.00     39.47     22.60      0.80     17.78     78.10     29.05     58.22     59.37      3.77 
    33       43.39      0.56292   0.89559  -0.85221  -0.17163        88.20     44.00     57.60     15.20      2.78     45.00     42.78     65.24     64.81      8.27 
    34       45.99      0.58023   0.87467  -0.67681   0.00056        85.80     46.13     51.60     -9.07     28.33     67.40     50.48     64.91     65.49      8.83 
    35       39.55      0.64245   0.85781  -0.58502   0.27357        73.00     36.80     58.40     12.27    -11.11     65.40     30.71     66.07     57.41      6.54 
    36       39.85      0.85811   0.56768  -0.53395   0.09653        83.80     26.40     42.00     24.00     -6.67     72.40     44.68     59.67     53.92     -1.73 
    37       38.92      1.01009   0.29853  -0.79280   0.32626        83.80     26.40     52.20     -5.33      1.11     74.40     34.21     59.20     55.28      7.96 
    38       30.21      1.19348   0.86719  -0.20820   0.23232        67.00     26.40     28.00     -1.87    -28.89     72.70     27.94     59.53     43.90      7.35 
    39       44.34      0.74622   0.27563  -0.75852   0.42521        79.80     34.67     48.80      4.53     22.78     81.90     40.32     57.64     63.45      9.51 
    40       34.11      1.07660   0.44713  -0.94389   0.43981        77.00     44.00     39.40    -10.67    -12.22     56.40     32.62     60.11     48.66      5.80 
    41       39.49      0.25788   0.15668  -0.89369   0.26451        64.80     58.67     50.40     11.20     -1.11     13.90     56.35     54.47     79.64      6.54 
    42       37.96      0.65161   0.09956  -0.87190   0.61016       101.60     50.40     37.40    -12.27      2.78     27.20     37.94     65.49     62.45      6.60 
    43       43.02      0.93892   0.36111  -0.85992   0.55462        83.00     50.67     57.60      4.27      0.56     58.60     47.62     59.56     57.82     10.49 
    44       42.62      0.82190   0.15197  -0.86235   0.50299        96.00     35.87     53.60     10.67     12.78     67.70     32.86     60.18     53.38      3.15 
    45       42.91      0.80921   0.03230  -0.97654   0.77431        74.00     53.20     61.60      3.73     -1.67     68.40     48.02     52.25     63.49      6.05 
    46       39.65      0.99235  -0.19280  -0.98663   0.92271        94.60     32.40     48.00      8.27      1.67     57.10     36.75     58.69     54.01      5.06 
    47       42.57      0.96356   0.02307  -0.85466   0.93399        77.60     37.33     48.20      8.27     13.89     79.60     45.40     54.87     51.93      8.58 
    48       39.66      1.16984   0.18845  -0.69982   0.86107        79.80     22.53     46.60      9.60     16.11     77.10     40.56     55.56     46.44      2.35 
    49       48.75      0.60438   0.19854  -0.77717   0.88644        97.40     59.33     73.00     -0.80     15.56     64.60     45.71     60.87     63.76      8.09 
    50       43.77      0.75370   0.36604  -0.69076   0.70611        87.00     57.20     71.00     -0.80     -0.00     67.70     38.49     60.84     51.25      5.06 
    51       41.58      0.42201   0.21654  -0.67646   0.85047        65.40     56.27     53.00     -4.00    -21.11     71.60     52.62     63.13     73.38      5.56 
    52       41.70      0.81947   0.22391  -0.93328   0.96723        76.00     53.20     59.20     18.93    -13.33     55.90     38.49     62.47     60.54      5.56 
    53       37.26      0.82668   0.27287  -0.66267   0.78695        83.60     36.13     47.40      7.47    -45.00     74.50     45.00     64.25     52.61      6.67 
    54       48.57      0.67394  -0.00688  -0.92818   0.93287        94.80     55.47     55.00     17.60     28.89     50.90     43.49     65.56     63.63     10.37 
    55       44.38      0.38421  -0.09082  -0.77895   0.71468        79.80     59.60     57.40     22.40     -1.67     41.70     46.19     57.56     67.85     12.96 
    56       41.39      0.71885  -0.05915  -0.89840   0.78767        89.40     32.80     60.00      4.80     -8.89     60.20     47.86     56.84     64.31      6.54 
    57       45.33      0.59104   0.08824  -0.89010   0.70950        87.80     47.60     70.80      5.87     -4.44     60.10     46.51     62.36     69.43      7.28 
    58       47.19      0.53262   0.11792  -0.72478   0.54028        75.80     49.47     72.20     19.73     33.33     56.50     43.65     56.58     61.27      3.40 
    59       44.70      0.71623   0.21666  -0.59686   0.73132        85.40     63.33     41.20      9.87      6.67     75.60     40.71     60.55     56.55      7.16 
    60       42.15      0.71266   0.06476  -0.82661   0.32314        85.20     37.60     43.60     10.40     -4.44     69.10     47.46     61.93     58.05     12.59 
    61       43.03      0.46445   0.22716  -0.67698   0.38953        98.60     49.73     64.40     20.27    -26.11     45.30     49.37     63.64     62.04      3.02 
    62       45.97      0.25680   0.30890  -0.82033   0.22953        74.00     74.27     59.40    -17.33      2.78     44.50     71.98     57.09     83.58      9.44 
    63       48.12      0.42538   0.29583  -0.68522   0.09426        93.60     57.47     75.80     -7.20     23.89     54.30     52.30     56.87     67.85      6.36 
    64       48.71      0.24102   0.22198  -0.74917   0.17713        88.60     59.60     57.60     42.13     -0.56     44.30     51.67     61.89     77.96      3.89 
    65       44.51      0.35214   0.13936  -0.83212   0.33070        82.00     54.67     69.60      5.60    -13.33     50.40     60.95     53.49     71.38     10.31 
    66       43.83      0.31400   0.38706  -0.89021   0.30033        92.20     70.67     72.00     18.13    -23.89     25.10     41.59     58.55     78.05      5.93 
    67       50.87      0.44533   0.30141  -0.89551   0.28803       102.00     57.87     63.40     13.87     19.44     58.50     51.90     59.27     69.07     13.40 
    68       48.18      0.47055   0.21031  -0.79203   0.39203        87.40     56.80     34.80     10.13     43.89     56.90     59.76     57.75     65.58      8.77 
    69       45.93      0.43559   0.24703  -0.75052   0.35933        89.40     54.13     59.00     -1.87      2.22     62.20     54.29     60.44     71.02      8.52 
    70       46.93      0.65201   0.19263  -0.84906   0.36014        93.80     52.40     54.20     28.80    -12.78     64.20     50.48     59.89     71.79      6.48 
    71       46.53      0.30281   0.33747  -0.79263   0.19605        89.80     68.27     68.80     10.40    -16.11     59.50     46.59     56.44     79.23      2.41 
    72       44.38      0.44253   0.39150  -0.77837   0.20815        82.80     68.13     74.60     14.13    -16.11     50.00     44.21     52.84     64.85      8.40 
    73       47.24      0.45666   0.33035  -0.86289   0.37283       100.00     59.07     68.60     12.27     -8.89     56.90     40.79     60.15     68.98     14.51 
    74       47.53      0.46316   0.25115  -0.97518   0.40260        90.60     66.80     47.40     13.07     31.67     23.50     58.73     61.93     74.06      7.53 
    75       47.02      0.54805   0.24439  -0.78070   0.27555        84.00     55.60     58.20     17.07     31.67     60.60     31.67     61.35     65.49      4.57 
    76       45.38      0.51534   0.22330  -0.78370   0.31520       101.80     43.20     50.80      8.27      8.89     62.80     35.71     62.98     67.35     11.98 
    77       47.69      0.61186   0.22752  -0.95176   0.33141        62.00     54.80     67.80     14.93     39.44     58.30     44.13     62.73     72.52      0.25 
    78       43.29      0.27216   0.33657  -0.91360   0.22953        86.60     76.53     92.80    -14.40    -27.78     22.20     53.33     58.47     76.96      8.21 
    79       51.54      0.33111   0.30689  -0.85698   0.27401        83.20     67.20     59.80     28.00     17.78     45.80     58.33     67.31     75.10     12.84 
    80       45.68      0.33883   0.41441  -0.80772   0.29547        73.20     62.93     81.80      0.80    -12.22     61.20     49.68     56.95     73.29      9.20 
    81       42.14      0.31828   0.30859  -0.80919   0.30082        80.00     50.40     61.00     -1.60      2.22     31.10     62.62     61.75     71.34      2.53 
    82       44.24      0.23619   0.29530  -0.83968   0.28069        95.40     65.20     60.00     -4.80     15.56      1.30     62.46     59.85     79.32      8.09 
    83       47.03      0.31641   0.29510  -0.88908   0.29395        98.60     58.27     56.20     14.13      1.11     63.00     44.44     54.18     79.68      0.68 
    84       44.80      0.41927   0.34527  -0.84691   0.22683        85.60     61.60     71.80      9.07    -28.33     54.50     57.70     64.73     65.12      6.23 
    85       50.05      0.28913   0.27705  -0.86218   0.31333        64.60     67.33     76.40     30.93      2.22     53.20     57.54     63.02     76.69      8.52 
    86       48.94      0.27410   0.28092  -0.82082   0.28443        96.60     63.33     74.60      4.00      5.00     40.90     55.16     57.31     77.60     14.88 
    87       45.07      0.26034   0.33328  -0.91546   0.22362        82.60     55.87     75.80      8.80     13.89     12.10     51.59     62.98     79.59      7.47 
    88       41.65      0.40682   0.28376  -0.81127   0.26111        86.20     54.00     45.80     -8.00     -6.67     49.00     54.92     59.16     72.38      9.69 
    89       47.77      0.31605   0.29045  -0.82492   0.23247        96.20     69.47     60.00     12.27     -0.56     36.50     58.10     57.82     80.05      7.90 
    90       42.49      0.28435   0.30371  -0.89869   0.31150        83.20     66.13     75.00     -4.80    -15.00     21.90     54.44     58.76     73.92     11.36 
    91       42.78      0.33839   0.27396  -0.89345   0.30951        84.80     67.07     57.20     12.53      0.00     28.50     43.02     53.53     75.01      6.17 
    92       42.87      0.32804   0.30211  -0.84855   0.27955        81.60     55.47     52.40      0.80    -26.11     59.40     56.59     61.96     78.55      8.09 
    93       50.43      0.32056   0.30525  -0.86132   0.27806        95.00     64.00     95.40      2.93     -7.22     72.40     43.73     57.82     76.73      3.52 
    94       45.34      0.32541   0.30750  -0.86405   0.28117        85.00     62.53     70.80      7.47     -3.33     31.80     50.08     62.76     76.19     10.12 
    95       46.16      0.32959   0.30754  -0.86039   0.27320        90.40     60.00     81.20     12.27    -10.00     54.20     52.14     52.29     68.03      1.05 
    96       48.82      0.32015   0.30692  -0.85782   0.28354       101.40     55.87     74.40      6.67      4.44     49.70     56.67     62.73     69.02      7.35 
    97       43.41      0.32266   0.30192  -0.86195   0.28328        90.60     57.73     59.00     12.27    -26.11     33.70     52.22     61.56     80.18     12.96 
    98       45.63      0.34014   0.31416  -0.86462   0.26815        76.60     66.53     72.00      0.00      3.33     39.00     57.46     56.18     78.37      6.85 
    99       47.62      0.31800   0.31594  -0.84738   0.27385        78.00     69.07     64.60      8.80      2.78     53.40     56.98     61.35     74.78      6.48 
   100       46.03      0.32745   0.29846  -0.85311   0.27951        96.60     68.27     68.00     10.93     11.67     28.90     48.65     54.15     70.52      2.65 
   101       51.79      0.32701   0.30359  -0.85214   0.27780        92.60     63.73     68.20     10.40     53.33     37.20     51.90     57.02     68.53     15.00 
   102       47.46      0.32701   0.30359  -0.85214   0.27780        97.00     50.40     73.20      7.73     -1.67     50.60     46.90     59.93     85.94      4.57 
   103       42.22      0.28531   0.54513  -0.79020   0.36318        78.00     58.00     58.00    -15.73     -0.56     43.90     49.52     63.27     79.55      8.21 
   104       44.10      0.32851   0.08526  -0.41954   0.42926        80.00     48.53     53.60     24.00     -7.78     42.30     55.00     62.00     67.53     15.86 
   105       43.23      0.83604   0.42515  -0.55671   0.74618       105.80     42.67     36.40     13.60     -4.44     70.50     51.03     56.29     55.06      5.37 
   106       49.84      0.37518   0.30512  -0.97825   0.64130        99.00     54.27     73.60     23.47     20.00     35.30     50.16     58.36     72.38     11.85 
   107       44.86      0.93123   0.68504  -0.85822   0.94863        80.40     55.07     68.00      2.13     11.67     71.80     39.21     58.44     56.51      5.43 
   108       44.07      0.38869   0.72794  -0.62009   0.84085        84.60     48.53     56.20     10.93      5.56     64.40     36.98     56.00     69.93      7.59 
   109       43.85      0.26721   0.33736  -0.79947   0.98337        78.00     54.27     74.00    -14.93     12.78     39.50     51.98     62.22     67.57     13.09 
   110       35.60      0.76931   0.61477  -0.40915   0.51206        75.20     36.80     38.00     -1.60    -28.33     65.80     43.81     61.27     57.19      7.84 
   111       37.65      0.69984   0.18046  -0.64733   0.80614        76.20     45.73     62.80    -11.47    -27.78     56.80     51.19     55.67     66.53      0.80 
   112       40.67      0.62712   0.27234  -0.62556   0.39631        85.60     47.20     45.40      9.60    -13.89     74.50     33.41     58.44     56.46      9.94 
   113       41.02      0.63760   0.17523  -0.85626   0.04485        79.40     38.53     53.40     -7.47      0.00     64.40     55.24     60.18     61.54      4.94 
   114       43.60      0.53508   0.00633  -0.68300   0.48749        94.40     49.33     61.40    -11.20     -2.22     58.90     50.56     59.31     70.48      5.06 
   115       41.82      0.74074   0.39838  -0.75516   0.33619        95.20     42.67     54.60     -9.60    -14.44     65.90     50.56     58.62     62.45     12.22 
   116       41.56      0.74938   0.18903  -0.58065   0.24838        94.20     34.67     36.40      1.60      8.33     69.80     42.62     63.85     60.32      3.77 
   117       28.60      1.40466  -0.00383  -0.26323   0.20575        64.20     31.07     20.60     12.53    -41.67     67.60     33.33     58.04     38.96      1.30 
   118       39.67      1.36841   0.56625  -0.85410   0.01590        86.00     43.73     46.20    -11.20     16.67     74.30     33.17     56.62     43.76      7.47 
   119       40.86      1.19768   0.64835  -0.48332  -0.35625        79.40     51.47     27.60     16.53     21.67     68.80     35.63     62.87     43.31      1.30 
   120       35.89      1.47758   0.69327  -0.55514  -0.66021        70.20     35.20     22.80     -3.47     15.56     77.70     28.17     61.45     46.30      5.00 
   121       41.08      0.85716   0.45079  -0.24363  -0.24400        81.60     48.53     42.00      0.53      9.44     76.80     35.87     63.45     49.75      2.78 
   122       39.29      0.28961   0.65730   0.04275   0.17542        73.80     36.13     55.60     -0.53    -15.56     69.60     50.48     52.07     56.33     14.94 
   123       46.75      0.42798   0.50352  -0.32285   0.00026        80.60     53.47     56.80      2.67     16.67     78.00     46.98     63.35     57.14     11.85 
   124       41.72      0.46033   0.85276  -0.03468  -0.30386        82.00     37.73     35.20     12.53      6.11     77.20     46.98     56.07     56.92      6.42 
   125       44.78      0.27286   0.24728  -0.24205  -0.04197        77.60     50.00     46.20     27.20     13.33     61.00     44.05     58.84     66.76      2.84 
   126       45.00      0.33815   0.26720  -0.01753   0.09939        85.40     47.33     41.80     14.13     15.00     62.30     51.67     57.31     59.05     16.05 
   127       43.89      0.27309   0.12381  -0.11376  -0.22411        74.20     36.13     59.20      4.00      2.22     77.10     57.46     55.82     61.81     10.93 
   128       42.85      0.63322   0.08592  -0.37144  -0.22367        91.00     48.40     49.20      1.60      0.56     74.90     36.11     56.04     57.10     13.58 
   129       36.67      1.12545   0.03728  -0.01029  -0.12559        66.40     28.27     47.80     10.67    -12.78     89.00     27.30     59.42     47.26      3.40 
   130       44.04      0.60561  -0.01156  -0.61109  -0.54973        86.20     43.87     56.40      7.47     31.67     55.50     35.00     58.65     63.45      2.22 
   131       42.89      0.42691   0.12026  -0.68548  -0.48734        96.20     44.67     58.20     -2.13      5.00     45.20     51.35     57.38     65.99      7.04 
   132       52.47      0.38512  -0.19061  -0.82070  -0.10745       104.40     73.33     67.00      3.47     29.44     43.30     55.40     63.82     78.96      5.62 
   133       44.06      0.34454   0.06742  -0.64726   0.18068        66.60     42.27     57.60     42.67    -16.11     52.90     54.13     58.11     76.87      5.62 
   134       44.85      0.07120  -0.15302  -0.68043  -0.06498        28.60     76.53     74.60      6.93     22.22     39.00     49.92     55.38     86.30      9.01 
   135       49.15      0.49768  -0.27108  -0.63975  -0.37766        92.00     53.33     83.60      7.73     11.11     48.60     57.94     61.96     68.84      6.36 
   136       48.39      0.83991  -0.52915  -0.48533  -0.44281        80.80     48.53     45.60      8.53     53.33     84.80     35.71     66.07     52.29      8.21 
   137       38.40      1.31232  -0.31670  -0.73681  -0.21383        74.80     34.40     37.00     20.53     -8.89     75.50     28.02     66.87     51.29      4.44 
   138       38.88      1.23944  -0.31223  -0.32431  -0.15164        82.20     18.80     46.60      5.60     26.11     61.40     41.11     60.11     43.58      3.27 
   139       39.21      1.29121  -0.47569  -0.61621  -0.25300        88.00     33.73     51.20      6.67      8.33     74.40     26.43     60.58     46.30     -3.52 
   140       44.26      0.87476  -0.37837  -0.69378  -0.30533        72.80     47.33     65.80      0.80      2.22     80.80     36.51     63.67     59.73     12.90 
   141       40.93      0.44463  -0.48077  -0.51027  -0.52025        77.40     36.00     64.20      8.80    -21.67     59.30     39.13     59.93     72.29     13.95 
   142       40.13      0.84456  -0.30454  -0.22947  -0.19944        91.00     32.13     37.00     12.80      5.56     67.20     35.08     57.85     51.56     11.11 
   143       36.27      1.06118  -0.18967  -0.15585   0.03259        69.60     41.07     26.40    -13.33     10.00     71.50     38.33     59.35     46.26     13.52 
   144       35.74      1.16267  -0.12681   0.04556  -0.08326        76.40     43.33     45.20      0.80    -23.33     64.40     33.10     62.69     47.80      6.98 
   145       40.30      1.12831  -0.49493  -0.16403  -0.03212        77.00     47.47     31.40     24.80     12.22     67.10     27.86     62.22     46.62      6.30 
   146       32.41      1.42989  -0.47963  -0.17262  -0.27158        76.80     26.13     33.80    -20.00     -3.89     75.60     24.52     60.76     43.90      6.48 
   147       38.84      1.22418  -0.58251  -0.14212   0.11151        66.00     35.87     35.60      1.87     30.56     73.10     31.11     61.05     48.57      4.69 
   148       31.93      1.59676  -0.38522  -0.07067   0.19495        69.80     22.27     40.00     12.27    -15.56     59.50     27.70     54.98     42.59      5.74 
   149       35.89      0.94594  -0.80159  -0.03611   0.11313        77.80     37.07     47.20    -10.40     -9.44     68.70     26.03     59.85     52.38      9.75 
   150       36.28      1.34004  -0.33216  -0.12515   0.36736        64.00     17.87     53.40      3.73      5.56     69.70     24.13     63.38     48.30     12.78 
   151       32.13      1.25511  -0.11862  -0.09282   0.63673        61.80      6.13     36.00     10.93     -3.89     74.50     24.37     57.24     43.63     10.56 
   152       39.71      1.13753  -0.37295  -0.01892   0.76240        67.40     26.27     35.40     17.87     27.78     71.70     34.44     60.76     46.03      9.44 
   153       37.45      1.24831  -0.24973  -0.17273   0.64771        61.60     31.73     50.20      5.07     22.78     61.80     28.89     61.02     44.54      6.85 
   154       33.18      1.47400  -0.22843  -0.14527   0.47883        79.20     38.80     49.40      6.67    -42.22     63.50     26.51     65.09     38.82      5.99 
   155       31.32      1.57132  -0.37704  -0.19456   0.69527        52.60     24.53     34.40    -13.33     11.67     74.50     26.11     56.11     44.04      2.53 
   156       37.62      1.40947  -0.15130  -0.14583   0.67549        71.80     29.07     40.40      1.07     21.67     75.80     26.98     59.64     43.13      6.67 
   157       38.47      1.24688  -0.33186  -0.33901   0.49109        77.20     37.47     23.20     -2.13     31.67     76.50     32.06     62.25     44.31      2.16 
   158       34.88      1.29586  -0.10568  -0.54074   0.68932        72.00     41.20     38.60      3.20    -16.11     69.60     30.08     61.82     42.22      6.17 
   159       40.84      1.40563  -0.41655  -0.36069   0.66152        78.20     41.47     35.00      4.80     13.33     76.70     38.49     62.65     50.29      7.47 
   160       39.66      1.29508  -0.59544  -0.47292   0.78695        79.80     20.53     54.80     12.27     -8.89     84.90     31.11     58.95     53.11     10.00 
   161       35.13      1.60259  -0.57821  -0.34553   0.82241        64.60     37.73     36.40      6.93      1.67     59.00     27.30     60.40     46.53     10.74 
   162       30.16      1.66456  -0.18940  -0.32385   0.77830        65.40     27.33     24.00    -14.40     -8.89     77.90     26.27     58.33     40.68      5.00 
   163       39.56      1.15027  -0.43098  -0.19374   0.81528        76.40     34.40     32.00     13.33      0.56     81.60     32.78     63.49     53.88      7.16 
   164       36.03      1.25639  -0.32243  -0.28357   0.71811        87.40     26.80     32.60     23.73    -17.78     61.90     30.32     63.56     47.44      4.32 
   165       36.65      1.38125  -0.44560  -0.42563   0.68662        65.80     39.87     46.00    -18.67     16.67     75.80     29.76     56.18     47.17      7.96 
   166       40.29      1.27489  -0.26386  -0.23394   0.54621        76.20     31.20     38.60     10.40     37.22     58.80     34.44     62.29     45.76      7.96 
   167       32.03      1.22610  -0.38691  -0.25901   0.69421        74.60     40.00     35.40    -10.67    -35.56     67.10     27.30     60.00     51.84     10.25 
   168       38.21      1.49106  -0.26264  -0.39913   0.55113        85.20     33.20     40.60     21.60    -11.11     72.10     33.25     55.96     45.35      5.99 
   169       35.85      1.26971  -0.19860  -0.25060   0.69792        77.40     27.20     44.00     -5.33     -1.11     69.10     32.78     56.73     43.45     14.26 
   170       33.24      1.64188  -0.09963  -0.48701   0.56506        62.80     32.13     31.20    -24.00      7.78     70.90     32.54     67.56     44.72      6.73 
   171       33.44      1.35160  -0.10373  -0.34831   0.39817        66.80     38.53     37.00      1.07     -8.89     65.50     29.29     59.13     39.23      6.73 
   172       38.85      1.35808  -0.32289  -0.24142   0.46728        73.40     27.60     41.60     13.87     18.89     73.00     29.37     59.75     45.31      5.74 
   173       33.83      1.43016  -0.38144  -0.21843   0.44971        65.60     23.60     28.00      7.47     -4.44     63.70     34.05     63.71     47.44      9.14 
   174       32.94      1.42566  -0.32118  -0.24166   0.42667        66.40     35.73     20.20     -4.53     -7.22     74.40     31.03     58.00     44.13     11.23 
   175       34.48      1.34114  -0.28696  -0.18191   0.50456        70.80     42.27     29.00    -10.67     -7.78     68.50     39.44     57.82     49.16      6.30 
   176       38.16      1.39746  -0.42965  -0.17543   0.38857        74.40     35.60     33.40      7.47     22.22     62.90     36.51     61.05     47.71      0.37 
   177       36.40      1.38858  -0.31980  -0.31474   0.48161        80.60     29.73     36.00      3.47     16.11     68.00     14.13     62.87     47.39      5.68 
   178       35.66      1.32088  -0.27111  -0.28770   0.48537        79.00     28.67     34.00      6.13    -16.67     74.10     36.27     61.75     43.58      9.75 
   179       36.89      1.43469  -0.32981  -0.29268   0.39336        67.60     24.40     41.80     -2.13     27.22     65.10     32.78     58.87     45.90      7.35 
   180       34.24      1.26899  -0.23089  -0.26581   0.49257        69.80     17.87     48.60     -7.20      1.11     73.00     21.59     65.96     45.85      5.86 
   181       41.70      1.21497  -0.32577  -0.34088   0.38435        81.60     37.20     55.00     20.53     -1.11     74.40     37.78     61.67     49.02      0.86 
   182       34.87      1.34077  -0.43820  -0.24539   0.40310        59.00     41.60     51.60     -5.87     -1.67     72.30     25.00     58.07     44.13      4.57 
   183       37.30      1.19017  -0.35886  -0.32576   0.35290        63.20     40.80     33.40     11.20      6.11     77.80     31.75     57.64     48.57      2.53 
   184       30.72      1.15761  -0.34538  -0.36743   0.33503        78.00     35.87     45.80     -7.20    -26.11     61.80     11.51     57.20     47.03      3.33 
   185       39.61      1.18092  -0.39097  -0.37654   0.38726        66.20     35.47     46.00     -0.27     24.44     77.20     34.21     58.22     47.35      7.28 
   186       40.41      1.23715  -0.32773  -0.32659   0.42660        78.00     34.40     44.40     21.33     -4.44     85.40     27.06     62.18     50.02      5.74 
   187       38.60      1.33015  -0.27940  -0.34411   0.46864        66.40     34.93     47.60      6.40     17.78     67.50     38.17     57.45     44.13      5.68 
   188       32.58      1.25915  -0.32319  -0.32736   0.36327        72.00     32.53     33.40     -2.93    -11.11     71.80     26.19     58.36     48.98     -3.46 
   189       35.94      1.21708  -0.39203  -0.26731   0.44329        73.60     41.60     36.20    -13.33    -22.78     85.30     47.22     60.44     51.84     -0.68 
   190       37.18      1.15238  -0.35519  -0.26430   0.38500        70.80     30.93     32.60     11.47     22.78     65.60     34.92     58.36     41.72      2.65 
   191       34.67      1.16765  -0.32593  -0.33587   0.41067        72.80     45.47     27.80     15.47    -40.00     79.80     33.02     54.87     52.74      4.75 
   192       37.57      1.18040  -0.37695  -0.33399   0.42544        84.00     35.47     46.80    -13.87     -3.33     78.00     31.90     58.91     53.11      4.75 
   193       37.94      1.24767  -0.32334  -0.31888   0.42348        84.80     34.53     42.80     13.60    -22.22     76.10     36.11     63.49     47.80      2.41 
   194       36.96      1.24578  -0.32920  -0.33041   0.42516        76.00     37.60     36.40      1.87     11.11     76.90     13.02     61.42     50.39      4.88 
   195       37.71      1.22733  -0.32706  -0.33396   0.42489        84.80     14.93     36.40      4.53     15.56     66.90     36.03     63.02     43.72     11.17 
   196       39.09      1.23543  -0.32554  -0.32651   0.41660        70.60     27.33     50.20     17.87     20.00     70.00     22.30     57.24     51.07      4.32 
   197       38.21      1.24064  -0.33044  -0.32989   0.43456        76.40     31.60     55.60      7.20    -21.67     77.70     42.30     56.15     50.02      6.79 
   198       34.96      1.22512  -0.31926  -0.33057   0.42189        81.80     24.00     37.20     -8.53     -6.67     66.10     34.92     62.47     49.21      9.07 
   199       40.68      1.24339  -0.33292  -0.32375   0.42727        83.80     29.73     58.80      2.93      3.89     77.40     26.98     62.40     52.38      8.52 
   200       39.27      1.24935  -0.32359  -0.32951   0.41776        76.00     50.40     41.40      1.33     -5.56     82.40     30.08     61.96     46.58      8.15 
   201       38.34      1.23707  -0.32696  -0.31935   0.42031        69.00     31.60     49.00     15.47     -1.67     69.70     38.17     63.93     48.84     -0.62 
   202       36.49      1.24707  -0.33220  -0.32681   0.42702        71.60     43.87     47.00     -9.60    -12.22     71.20     36.83     61.42     44.72     10.12 
   203       42.55      1.24339  -0.33292  -0.32375   0.42727        78.60     49.20     45.20     12.27      9.44     75.00     31.51     61.09     46.35     16.85 
   204       34.44      1.93095  -0.75988  -0.07883   0.45184        62.80     35.47     34.80     11.20    -14.44     69.50     25.32     61.38     47.39     10.99 
   205       28.94      2.19713  -0.78576   0.31077   0.80022        66.40     17.87      7.60      4.80     18.33     47.60     28.49     57.93     35.15      5.19 
   206       30.30      2.90608  -0.82967   0.01617   0.43014        44.20     28.80     25.40     17.33     16.11     55.40     12.78     58.69     34.29     10.00 
   207       29.49      2.42840  -0.36293   0.19716   0.62554        54.80     31.33     23.40     10.13      2.78     51.70     22.30     54.73     33.42     10.31 
   208       30.26      2.27024  -0.16533   0.31793   0.13033        49.80     35.60     35.80      2.13      3.89     50.80     23.33     61.42     33.38      6.42 
   209       31.83      1.55985  -0.58380   0.63822  -0.14188        60.40     26.27     26.20     12.00      0.56     70.20     18.49     57.02     40.23      6.91 
   210       30.63      1.76360  -0.27291   0.74151   0.20128        51.00     24.00     45.20     22.40    -12.22     58.90     24.84     56.07     36.92     -0.80 
   211       33.61      1.32969   0.20707   0.74068  -0.11511        70.40     30.13     15.20     -1.07     32.22     64.70     20.56     55.13     42.00      6.79 
   212       33.95      0.89856  -0.16087   0.56664  -0.55884        75.00     29.20     17.60     14.13    -17.22     74.90     35.08     60.69     45.31      4.81 
   213       33.62      1.31831  -0.42174   0.39414  -0.90585        65.80     32.00     19.60     -2.93     30.00     61.70     24.76     56.36     43.54      5.37 
   214       33.21      0.85544  -0.10421   0.73731  -0.67001        69.00     37.33     24.80     -9.87     -0.56     77.30     27.70     58.22     45.99      2.16 
   215       31.21      1.12882   0.12214   0.98455  -0.94022        66.80     33.87     35.20     -0.27    -18.33     64.50     29.68     58.07     39.27      3.33 
   216       31.75      1.39633   0.16861   0.96106  -0.73004        60.40     22.13     31.20     23.20    -16.67     63.90     35.79     54.25     36.33      6.98 
   217       24.52      1.66165   0.32109   0.98684  -0.98506        47.00     22.93     15.20    -14.40      2.78     65.10     18.49     55.20     30.02      2.90 
   218       34.17      1.37479   0.58992   0.64588  -0.45817        49.00     18.67     33.40     26.13     17.22     62.90     31.98     64.29     37.37      0.74 
   219       27.35      1.91401   0.53403   0.96865  -0.80830        42.00     17.20     22.60     10.67      6.11     61.10     21.11     51.49     33.92      7.35 
   220       29.86      1.68899   0.93164   0.52863  -0.08926        65.20     25.33     29.20     -1.07     -0.56     60.00     12.94     57.60     36.46     13.46 
   221       35.20      1.71656   0.91508   0.69674  -0.51626        60.20     39.60     31.40     -1.33     36.67     70.30     25.79     56.58     32.97     -0.19 
   222       29.04      1.48902   0.96341   0.94940  -0.61929        41.60     38.27     24.00     -1.60      5.00     65.10     18.17     58.40     34.69      6.79 
   223       27.92      1.27619   0.52065   0.98760  -0.89211        58.80     29.20     30.60     -9.07    -30.56     65.70     28.25     64.47     38.19      3.58 
   224       29.41      1.38643   0.20448   0.73161  -0.54600        51.60     16.27     23.40     -0.80     20.00     62.30     22.94     57.82     36.37      4.20 
   225       30.18      1.73811  -0.02724   0.62524  -0.27573        42.00     31.07     12.00     26.40     -4.44     70.10     21.43     61.13     37.41      4.75 
   226       31.42      1.44390  -0.11767   0.77083  -0.20700        56.40     31.47     23.40    -15.73     18.33     66.60     35.56     63.60     35.65     -1.11 
   227       29.14      1.96236  -0.37738   0.41558  -0.14207        53.00     28.00     37.40     -1.87     -2.22     61.80     20.87     57.89     32.93      3.58 
   228       23.73      2.53467  -0.23949   0.37084   0.20351        42.80     28.27      9.60     -5.07     -2.22     59.30     14.37     56.11     34.47     -0.31 
   229       25.17      2.29453  -0.14387   0.53096   0.11441        41.80     16.53     22.60      2.93    -19.44     64.50     27.62     55.71     34.78      4.69 
   230       28.34      2.86277   0.09222   0.25435  -0.09449        44.20     33.47     14.40      9.60     22.78     50.80     21.67     52.25     31.88      2.35 
   231       32.27      2.81949   0.32856   0.11224  -0.41178        52.20     24.40     35.80     18.13     29.44     49.90     30.00     55.89     30.75     -3.83 
   232       24.87      2.87278   0.10246   0.29424  -0.19573        40.80     26.53     27.40     13.60    -18.89     51.90     22.94     50.87     26.71      6.79 
   233       28.23      2.36437   0.46883   0.00838  -0.16033        42.40     27.20     23.00     21.60      3.33     50.50     18.49     61.75     38.32     -4.32 
   234       32.22      2.05346   0.34024   0.01416  -0.13423        71.00     21.33     37.20     10.40    -10.56     62.20     24.29     60.40     39.95      5.99 
   235       28.93      2.37505   0.64755  -0.01297   0.17362        56.20     22.00     23.40      1.07     -6.11     57.20     30.32     62.33     40.63      2.22 
   236       30.58      1.94596   0.31234   0.15844   0.44298        51.00     20.13     27.40     12.80     15.56     57.90     25.40     59.78     39.46     -3.58 
   237       27.41      2.26500   0.15359   0.14072   0.73481        53.80     35.07     31.60     -9.07    -25.00     65.80     22.94     58.65     33.61      6.73 
   238       25.46      1.86774   0.61637  -0.05418   0.29733        48.60     32.53     26.80    -13.33    -12.78     50.80     22.70     56.62     34.60      8.02 
   239       25.42      1.47423   0.56489   0.10402   0.32666        51.80     25.47     15.80     -6.93    -26.11     65.70     27.06     61.67     39.73      0.06 
   240       26.83      1.94404   0.56440   0.18694   0.68221        37.80     29.47     14.60      3.20    -10.00     54.80     27.38     58.18     34.83     18.02 
   241       32.65      2.21216   0.36402  -0.08192   0.59926        56.60     34.53     28.60      0.53      7.78     67.10     28.02     62.04     33.92      7.35 
   242       29.60      2.54045   0.57296  -0.14553   0.71328        54.80     19.87     27.40      7.20      5.56     51.40     29.44     56.40     35.24      8.70 
   243       27.03      2.26316   0.32903   0.12933   0.35995        60.20     17.73     20.40      8.00    -15.00     60.80     16.75     60.15     35.51      5.74 
   244       32.89      1.90633   0.40019  -0.11499   0.86195        64.20     30.80     48.80    -30.93      8.33     72.40     30.24     57.75     39.77      7.59 
   245       35.66      1.64583   0.18984   0.11300   0.71511        59.80     44.67     22.60      7.73     13.89     70.30     24.21     57.64     41.36     14.44 
   246       28.50      1.94540   0.40588   0.37674   0.58717        60.20     15.87     25.20     -2.67     23.33     62.20     22.62     58.00     32.74    -12.53 
   247       34.24      1.24091   0.03725   0.35494   0.75463        74.20     32.27     25.00     19.47    -17.78     68.00     28.81     60.40     45.94      6.05 
   248       28.11      1.75819  -0.07568   0.22021   0.74480        55.80     19.60     32.20     -9.33     -3.33     63.80     26.11     55.09     39.95      1.23 
   249       28.48      1.72575   0.04059   0.00132   0.83645        61.40     40.27     23.60    -18.93    -12.78     58.90     27.86     54.69     40.63      9.20 
   250       32.05      1.72218   0.31850   0.20282   0.57817        52.60     35.47     39.60     -8.53     13.89     62.20     24.29     57.56     38.82      4.57 
   251       30.62      1.96420   0.55452   0.31013   0.41143        63.20     26.67     13.40      2.40     17.78     60.20     18.73     57.45     38.82      7.53 
   252       33.00      1.86567   0.32367   0.11859   0.42500        60.00     29.33     25.60     21.07     -6.11     63.60     32.38     60.25     37.41      6.48 
   253       30.25      1.97769   0.25267   0.14436   0.59496        51.20     34.00     25.40     11.47    -20.56     64.00     39.92     57.49     35.56      4.01 
   254       28.83      2.06134   0.11375   0.27391   0.29642        67.60     25.33     28.80     -8.53     -2.78     54.30     27.14     56.80     34.10      5.49 
   255       34.66      1.58600   0.13176  -0.01901   0.59776        69.20     46.00     27.40      0.00     -9.44     74.60     37.06     60.80     39.41      1.54 
   256       31.22      1.39734   0.18957  -0.03462   0.81796        68.00     23.60     23.40    -13.07      6.11     73.70     29.05     58.07     37.05      6.23 
   257       33.74      1.26639   0.14374  -0.09728   0.64544        68.20     25.47     34.60    -16.27     -5.00     75.50     46.75     55.71     46.35      6.11 
   258       34.41      0.97111  -0.00695  -0.06376   0.65237        69.00     32.80     40.60     -9.60    -17.78     69.80     31.11     61.82     56.33     10.00 
   259       36.61      0.74828   0.04905   0.04064   0.48840        71.20     37.87     40.20     11.20    -13.89     67.10     41.75     57.35     52.43      0.93 
   260       37.40      0.72511  -0.13169   0.26651   0.67216        67.80     37.60     33.00     17.60     -4.44     69.80     37.30     60.87     49.25      5.19 
   261       42.79      0.64817  -0.05049   0.28126   0.69869        66.00     34.67     46.40     12.53     20.00     82.70     34.76     61.38     57.82     11.60 
   262       39.67      0.95516   0.11611   0.42924   0.79893        76.60     30.53     37.80     11.20     17.22     82.80     32.38     56.91     46.49      4.75 
   263       34.54      0.80563  -0.12572   0.23262   0.73520        58.40     32.40     28.00     11.47     -6.11     72.10     35.56     60.55     42.40     10.62 
   264       41.92      0.60544   0.00607   0.41049   0.64103        70.40     36.27     38.80     14.40     27.22     72.30     44.21     59.42     48.57      7.59 
   265       37.52      0.65042   0.03751   0.40883   0.65473        69.00     34.27     41.40     13.60     -5.00     67.40     41.75     53.96     46.67     12.16 
   266       32.72      0.69508  -0.05609   0.31191   0.85706        63.40     31.73     18.00      0.53     -8.33     67.20     39.37     59.49     56.05     -0.25 
   267       33.40      0.77547  -0.16894   0.34657   0.68195        80.00     27.73     28.00    -21.60    -15.56     82.40     35.08     60.40     54.56      2.96 
   268       45.09      0.59157  -0.01112   0.24625   0.57282        78.80     47.07     46.60     24.53     28.89     65.90     40.16     56.07     53.29      9.57 
   269       40.88      0.82732   0.09674   0.20107   0.44123        78.80     35.07     47.80      4.00     22.22     68.50     38.02     61.64     47.48      5.31 
   270       36.56      0.77738  -0.10127   0.12864   0.57290        73.40     28.13     38.20     12.80     -5.00     65.40     40.95     54.33     46.58     10.80 
   271       40.75      0.44656   0.01285   0.16623   0.50505        85.80     42.53     32.40     15.47      3.33     72.60     37.54     58.44     53.02      6.36 
   272       36.84      0.67089  -0.15801   0.22599   0.60004        62.80     38.13     33.20     -3.20     28.33     58.10     31.43     58.25     54.24      7.10 
   273       38.44      0.59078   0.01519   0.33812   0.70386        81.00     38.27     44.40      7.47    -21.11     74.70     44.37     59.64     49.89      5.74 
   274       41.05      0.51281  -0.01204   0.21361   0.54768        70.80     31.60     43.20     17.33     11.67     73.50     34.05     61.60     55.46     11.30 
   275       36.32      0.51322  -0.10320   0.25296   0.49214        68.00     39.87     27.20     -8.53     10.56     54.70     43.17     65.05     54.92      8.27 
   276       36.39      0.48339  -0.05210   0.32816   0.62591        70.60     38.80     42.40     16.00    -38.89     68.00     49.60     60.65     54.92      1.79 
   277       33.40      0.52879   0.10020   0.35152   0.57116        63.20     31.60     25.20      1.33     -8.33     72.10     36.83     58.11     46.62      7.35 
   278       40.45      0.53150  -0.09291   0.14198   0.58810        81.80     34.40     41.20     12.00     -5.00     86.30     36.03     60.04     47.98      9.75 
   279       40.69      0.43646  -0.02036   0.21846   0.46616        73.80     44.93     46.60     12.27      2.22     62.60     48.57     54.62     58.78      2.47 
   280       40.43      0.49664  -0.08075   0.22875   0.51253        74.60     31.33     38.80     22.40      9.44     65.40     50.95     61.60     47.71      2.04 
   281       37.26      0.49807   0.10508   0.25015   0.54510        68.40     34.40     45.80      3.20     -5.00     63.80     45.40     55.82     55.42      5.37 
   282       37.94      0.75406  -0.10659   0.20199   0.66087        77.80     41.20     46.00     -9.87    -14.44     76.60     29.76     61.31     54.10     16.98 
   283       37.87      0.69437   0.02170   0.22874   0.65012        75.20     47.07     36.80      4.00      0.00     76.60     33.89     55.02     47.62      2.53 
   284       38.53      0.66087  -0.00678   0.25336   0.62372        71.40     34.53     34.20     11.20     -7.22     83.10     41.19     59.93     50.43      6.54 
   285       44.86      0.59384   0.00100   0.28699   0.55754        86.60     47.47     46.80     21.33     13.33     68.60     44.44     56.80     59.09      4.14 
   286       43.78      0.55198   0.00296   0.19172   0.51943        72.00     46.40     55.20      9.07     13.89     84.00     44.37     53.16     49.30     10.43 
   287       39.43      0.68683  -0.00106   0.25862   0.51037        72.60     47.20     23.60      1.60      7.78     67.60     52.06     59.27     56.51      6.11 
   288       36.02      0.51207   0.04777   0.20893   0.54982        74.60     43.47     29.20    -13.33     -9.44     81.90     29.76     60.62     56.24      7.22 
   289       39.30      0.49537  -0.00283   0.22943   0.61912        68.40     36.00     38.40     14.67     -1.67     72.60     43.25     60.69     52.83      7.78 
   290       36.92      0.54647   0.04691   0.21234   0.58356        81.80     35.87     39.20      8.80    -19.44     70.90     36.03     51.78     54.78      9.44 
   291       40.73      0.66415  -0.01893   0.21132   0.55283        89.80     40.53     40.00      2.13    -10.00     77.50     39.60     59.78     54.69     13.21 
   292       40.68      0.64925   0.00706   0.26213   0.51961        83.80     29.07     35.40      1.87      9.44     75.80     41.11     62.62     54.29     13.40 
   293       40.02      0.61537   0.04750   0.24544   0.55476        74.20     41.07     43.00      4.00      5.56     74.10     30.08     66.11     55.83      6.23 
   294       35.10      0.59315  -0.01257   0.24340   0.57537        72.20     45.60     16.20      6.93    -22.78     77.30     31.11     61.24     52.56     10.68 
   295       42.14      0.59187  -0.00548   0.23810   0.58142        81.80     40.80     40.00     15.73     12.78     75.90     39.05     57.27     52.61      5.49 
   296       39.38      0.59288  -0.00778   0.25603   0.56810        79.80     31.47     48.20      9.87     -8.33     72.10     39.29     60.84     54.20      6.36 
   297       40.07      0.60121  -0.01829   0.25089   0.58156        79.80     27.73     38.00     14.40     -1.11     82.30     34.76     60.15     55.65      9.07 
   298       38.68      0.58833  -0.00214   0.23801   0.57211        84.40     41.33     38.80     -3.20     -7.78     69.70     40.24     58.65     60.14      4.51 
   299       35.33      0.57746  -0.00450   0.24296   0.57799        61.80     33.87     51.00      5.87      0.00     71.00     27.46     61.38     46.03     -5.12 
   300       32.48      0.59492  -0.00171   0.24203   0.56891        61.60     37.07     33.20    -17.87    -13.33     68.70     39.92     58.98     51.93      4.57 
   301       37.61      0.59380  -0.00219   0.25224   0.57308        74.40     33.20     51.80      0.53    -10.00     81.40     36.35     53.82     50.98      3.64 
   302       36.19      0.59661  -0.00397   0.25057   0.57002        74.40     45.47     34.60      9.87    -26.67     71.20     38.81     56.44     51.70      6.11 
   303       41.41      0.60287  -0.01716   0.25619   0.56802        74.80     43.73     52.80     -5.33     13.33     79.50     36.19     60.11     55.10      3.83 
   304       40.86      0.59157  -0.01112   0.24625   0.57282        81.80     30.40     35.20      8.53     19.44     75.30     43.17     53.85     54.92      5.93 
   305       41.08      0.34642   0.41078  -0.11070   0.70583       100.20     48.53     43.20      1.87    -22.78     72.10     41.35     59.16     62.95      4.26 
   306       39.08      0.82475   0.82064  -0.57604   0.87587        82.20     45.87     45.40    -14.13    -21.11     81.00     43.17     63.45     54.74     10.25 
   307       37.37      0.65664   0.28435   0.24565   0.20669        82.00     31.47     41.80      2.13      9.44     70.60     35.24     55.42     46.94     -1.36 
   308       38.70      0.93625   0.45036  -0.50133   0.37353        79.40     36.13     41.80     15.73    -17.78     83.10     36.35     61.78     50.93     -0.49 
   309       41.32      0.80045   0.30730  -0.23152   0.71129        79.40     38.53     47.60     -1.60      1.11     78.10     41.59     67.93     56.55      3.95 
   310       41.01      0.28228   0.74812   0.25992   0.73195        71.80     44.13     48.00     10.40     -8.89     71.60     46.83     63.67     55.96      6.60 
   311       36.67      0.83739   0.36080  -0.00248   0.72045        71.80     38.53     37.60      2.67     -5.56     71.20     37.46     59.38     50.39      3.27 
   312       41.35      0.35326   0.36272   0.17834   0.49980        72.80     40.67     41.60     16.80    -13.33     76.10     50.48     58.91     55.37     14.07 
   313       38.03      0.85421   0.33037  -0.14955   0.49608        83.40     45.33     27.00     12.80     -8.89     77.10     34.44     63.71     46.17     -0.74 
   314       45.72      0.66663   0.24254  -0.22622   0.33124        75.40     61.33     48.00     -0.27     17.78     79.10     53.41     62.98     53.70      5.80 
   315       37.14      1.17699   0.45486  -0.15227   0.31947        66.60     25.73     37.60     -2.67     32.78     71.50     27.78     56.80     50.43      4.88 
   316       38.37      0.06344  -0.18518   0.15764   0.14490        77.40     39.47     48.40     22.67    -43.89     52.90     54.60     59.85     67.53      4.75 
   317       46.50      0.61184   0.36622  -0.66066   0.55020        88.80     42.27     59.60     27.73     -0.56     64.40     49.52     62.40     58.64     12.22 
   318       36.97      1.07042   0.04467  -0.59378   0.37688        73.80     39.20     34.60      4.80      2.22     63.70     32.54     65.60     51.11      2.16 
   319       37.98      1.25839   0.38893  -0.79853   0.30390        80.00     30.53     53.60     -2.40    -15.56     84.80     28.89     58.11     55.24      6.60 
   320       40.72      0.03298  -0.00130  -0.33351   0.29758        73.00     45.73     52.40     15.73    -37.78     44.80     67.14     55.16     81.81      9.20 
   321       45.20      0.00177   0.35243  -0.66088   0.90022        72.80     48.93     75.00     12.53     20.00     12.60     51.35     51.71     89.25     17.78 
   322       42.69      0.16556   0.68712  -0.87514   0.54409        72.40     53.87     69.20    -13.07     25.00     24.20     61.03     45.31     78.05     10.93 
   323       40.57      0.52358   0.38522  -0.44553   0.12408        92.00     42.40     61.20     -4.53    -28.33     80.90     39.44     64.29     56.19      2.10 
   324       46.15      0.00237   0.68182  -0.55790   0.67399        74.60     64.67     68.80     24.53    -10.56     30.80     58.81     55.67     85.40      8.77 
   325       47.53      0.21716   0.62447  -0.40157   0.71949        80.80     65.33     63.20     10.13      7.78     53.60     48.10     64.58     72.56      9.26 
   326       42.87      0.48057   0.69879  -0.13001   0.87048        76.60     34.80     46.00     25.33     -3.89     85.70     37.86     56.00     58.28     11.98 
   327       41.37      0.18665   0.49993  -0.35017   0.80652        83.00     56.93     64.40      8.00    -32.78     54.80     46.59     56.62     67.53      8.58 
   328       40.68      0.46077   0.62792  -0.17395   0.44983        84.60     41.87     48.40    -16.00     -6.11     71.30     57.62     62.11     55.46      7.53 
   329       40.74      0.43551   0.70866  -0.46957   0.50537        78.00     46.67     58.20     -6.40    -18.33     77.80     46.03     58.11     60.18      7.10 
   330       44.81      0.06444   0.76917  -0.75249   0.94669        87.80     50.27     51.60     24.53     -5.56     21.40     58.57     57.16     84.49     17.84 
   331       47.53      0.07867   0.52000  -0.03041   0.89708        71.20     57.73     60.60     13.33     29.44     70.40     46.83     59.16     66.76     -0.12 
   332       42.17      0.07576   0.75786   0.23477   0.84470        90.00     68.67     39.80    -14.67    -10.56     67.20     49.29     61.64     63.72      6.60 
   333       47.38      0.38630   0.45467  -0.24185   0.67265        75.20     62.53     36.40     29.07     11.67     79.90     47.38     62.33     69.02      0.31 
   334       35.85      0.72782   0.15715  -0.08183   0.57347        83.20     32.40     33.20    -20.27      6.67     68.70     38.49     59.78     57.60     -1.23 
   335       39.16      0.38429   0.61255  -0.31048   0.77290        72.40     32.67     46.80      7.20    -11.67     71.80     47.38     63.20     49.84     11.98 
   336       39.00      0.05834   0.37724  -0.19098   0.40170        69.20     53.87     69.40     -2.93      1.11     17.30     51.51     53.27     72.79      4.51 
   337       41.54      0.41099   0.42760  -0.43154   0.85828        88.20     51.20     43.40    -12.00    -10.56     78.40     47.22     60.36     62.40      6.79 
   338       45.95      0.22735   0.50242  -0.54813   0.98720        84.80     59.47     61.20     11.73     19.44     34.40     44.52     61.75     71.11     11.05 
   339       34.18      0.84104   0.26833  -0.28395   0.48786        87.20     43.20     27.60    -24.80    -21.11     74.80     35.08     63.35     55.28      1.17 
   340       41.28      0.23413   0.52290   0.02886   0.62374        76.80     43.33     34.60     -9.60     35.56     66.50     40.71     60.44     62.77      1.73 
   341       37.86      0.38277   0.23154  -0.56963   0.96417        75.60     48.13     43.80     -2.13    -17.78     42.10     57.30     61.27     64.49      5.80 
   342       39.20      0.54101   0.77489  -0.20483   0.98304        86.60     25.60     48.40     -0.27      2.78     69.00     46.35     59.45     57.01     -2.90 
   343       36.00      0.80529   0.39689  -0.00278   0.67978        64.20     34.80     46.60     11.47    -13.33     68.00     37.06     60.11     47.76      3.33 
   344       42.40      0.33162   0.63399  -0.34886   0.71495       100.80     35.60     49.60      2.40    -25.56     73.60     61.19     58.04     65.99      2.35 
   345       38.94      0.75069   0.18404  -0.26380   0.70685        62.60     44.13     44.60     17.60    -20.00     80.30     35.24     58.73     55.92     10.31 
   346       41.92      0.34460   0.27256  -0.23269   0.48694        81.40     58.27     60.00     -2.13      0.56     40.00     52.22     61.02     57.14     10.68 
   347       36.66      0.80112   0.73292  -0.30341   0.86571        81.40     45.07     35.40      0.80     -0.00     62.90     32.54     54.25     52.06      2.22 
   348       38.75      0.62335   0.27658  -0.03729   0.72606        80.00     34.93     51.00     -4.53     -5.56     73.90     38.17     54.40     54.88     10.31 
   349       44.12      0.44723   0.42788  -0.20440   0.44308        83.40     47.20     40.00     16.53     10.00     72.50     38.33     57.09     66.49      9.63 
   350       43.27      0.59328   0.52327  -0.18707   0.46777        78.00     41.33     39.80      6.40     24.44     72.20     34.60     61.27     59.73     14.88 
   351       37.52      0.53931   0.61571  -0.19459   0.45237        84.80     43.73     42.20     -1.60    -27.22     65.40     38.10     67.67     55.74      6.36 
   352       42.17      0.15325   0.38908  -0.06964   0.71526        75.00     47.47     52.80     13.07      7.78     42.20     45.63     56.55     69.66     11.54 
   353       41.73      0.79032   0.58488  -0.28762   0.47469        83.60     36.40     46.80     17.87     -5.56     79.90     40.40     65.20     48.48      4.20 
   354       44.85      0.41463   0.27600  -0.12257   0.59255        76.80     44.67     54.40     11.73     22.22     61.10     45.00     61.75     63.63      7.16 
   355       40.18      0.32678   0.31839  -0.15374   0.49624        71.00     42.13     42.60     -1.60      7.22     62.90     40.87     62.11     62.63     11.98 
   356       39.96      0.63033   0.14675  -0.01632   0.51417        90.80     43.33     19.20     12.27      3.33     69.50     36.75     63.05     53.56      7.78 
   357       41.91      0.68268   0.46911  -0.30447   0.78493        85.20     42.40     44.60     14.40      5.00     80.00     34.29     57.60     55.06      0.56 
   358       36.84      0.52181   0.19659  -0.05532   0.74962        69.00     43.33     39.60     -2.67      4.44     53.00     38.73     60.40     54.24      8.27 
   359       39.85      0.61794   0.16220   0.02844   0.57135        85.60     50.40     38.20      8.80    -26.67     69.40     48.02     60.76     56.37      7.65 
   360       37.33      0.73894   0.08653  -0.06637   0.59259        80.60     36.27     41.20      1.87    -41.67     93.50     41.43     61.20     50.29      8.64 
   361       36.38      0.17870   0.25672   0.03005   0.38049        82.40     34.00     46.00     -5.33    -29.44     66.50     46.03     61.09     56.92      5.68 
   362       45.46      0.50453   0.10195  -0.31992   0.71939        84.60     39.87     58.40      7.47     14.44     61.40     53.41     64.07     62.77      8.21 
   363       44.06      0.37049  -0.08473  -0.53761   0.55413       100.80     29.33     61.60      3.73    -15.00     69.20     44.44     64.51     69.75     12.22 
   364       43.65      0.69317   0.10756  -0.54256   0.88733        79.80     36.53     55.60     25.87      0.56     73.30     36.83     59.64     58.78      9.63 
   365       41.47      0.73277   0.21527  -0.41416   0.58658        89.60     42.40     59.60      1.60      1.67     70.60     31.98     58.33     52.34      6.54 
   366       42.25      0.39338  -0.06874  -0.44702   0.78802        79.00     46.40     57.80      5.33      5.56     44.80     47.70     59.16     62.86     13.89 
   367       41.39      0.69722   0.22673  -0.37476   0.80072        85.20     41.60     51.80      5.60    -10.00     66.80     43.57     63.93     55.56      9.88 
   368       36.31      0.71568   0.23814  -0.34936   0.84742        74.00     42.93     36.20      0.27    -15.56     81.20     27.22     60.18     54.56      2.10 
   369       42.41      0.60513   0.22005  -0.27593   0.79253        90.40     36.27     37.40      6.67     -3.33     92.30     44.29     61.75     52.29      6.05 
   370       41.66      0.51443   0.03427  -0.18524   0.60165        80.60     46.40     42.40      8.53     -1.67     67.00     47.06     60.62     61.13      4.51 
   371       41.05      0.36331   0.05751  -0.23781   0.81922        70.80     47.33     43.20     22.67    -10.56     55.90     50.32     62.25     59.37      9.20 
   372       38.17      0.63978   0.24306  -0.43318   0.72024        83.20     47.47     40.80    -16.00    -17.78     74.30     39.21     65.85     61.59      3.09 
   373       41.96      0.74196   0.13242  -0.46476   0.84016        87.00     42.40     36.80     13.87      6.11     64.20     52.54     54.95     52.65      9.07 
   374       43.21      0.39771   0.13837  -0.39425   0.83274        88.40     51.33     55.60      9.33    -10.56     64.70     40.00     58.15     68.93      6.23 
   375       45.35      0.49587   0.03949  -0.21080   0.69588        74.60     36.93     53.60     17.33      7.78     85.30     45.24     59.05     65.03      8.58 
   376       45.35      0.63671   0.14465  -0.27633   0.76823        91.60     31.07     60.40     36.27    -19.44     74.10     46.51     59.09     56.33     17.59 
   377       39.04      0.67528   0.16954  -0.21327   0.77311        78.40     43.07     41.40     15.20     -1.11     66.50     34.76     55.85     56.19      0.12 
   378       37.68      0.57655   0.24963  -0.29099   0.81161        88.00     38.27     38.20     -5.33    -15.56     73.10     33.65     62.69     61.77      2.04 
   379       39.16      0.58419   0.12976  -0.25171   0.71862        80.40     29.47     49.60     -0.27    -12.78     72.50     36.35     60.29     60.82     15.19 
   380       47.97      0.49134   0.22939  -0.22431   0.86180        83.20     47.20     52.00      0.53     36.67     70.50     57.14     58.04     59.23     15.19 
   381       42.76      0.47564   0.26407  -0.28399   0.77341        83.20     37.60     52.00     -0.53      3.89     69.20     48.57     59.82     63.90      9.94 
   382       37.71      0.48171   0.23328  -0.15252   0.90769        81.60     42.53     52.40    -14.40    -17.78     66.80     45.95     64.33     54.74      0.93 
   383       39.56      0.41408   0.31296  -0.19123   0.78101        81.80     40.13     55.00    -10.40      4.44     63.10     39.13     58.47     58.82      5.06 
   384       44.66      0.46191   0.19458  -0.31924   0.85407        84.20     41.20     61.00     19.73     -3.33     59.90     48.65     65.09     58.91     11.30 
   385       39.41      0.56921   0.21817  -0.16558   0.90338        87.60     34.40     36.60      6.13      3.33     66.40     40.24     59.60     58.59      1.17 
   386       48.10      0.47913   0.25117  -0.18567   0.90750        86.00     42.27     45.20     32.00     47.78     71.10     38.49     58.07     55.56      4.51 
   387       44.50      0.47959   0.22603  -0.13205   0.90954        79.60     44.53     38.40     38.93     -4.44     72.20     47.78     63.16     57.28      7.53 
   388       39.21      0.52501   0.19888  -0.17011   0.92686        75.80     27.07     26.80     16.80      2.78     66.90     56.90     57.64     61.09      0.31 
   389       37.74      0.55650   0.20554  -0.16123   0.94310        76.40     37.47     33.60      9.60    -14.44     70.90     51.11     59.85     50.84      2.04 
   390       36.24      0.38284   0.20922  -0.21711   0.87040        71.20     36.93     45.00     18.13    -26.67     48.50     45.56     59.13     57.87      6.73 
   391       42.77      0.49780   0.29692  -0.15613   0.86355        82.60     42.00     40.20      5.87     24.44     70.30     37.06     54.95     61.50      8.77 
   392       46.39      0.50051   0.19360  -0.22141   0.87823        79.80     43.07     52.00     14.93     35.00     61.90     46.27     62.25     56.24     12.47 
   393       41.81      0.38943   0.19550  -0.21058   0.90876        78.20     37.73     52.20     17.07     -6.67     65.50     49.44     60.91     64.31     -0.56 
   394       45.12      0.43403   0.20649  -0.24341   0.86388        82.60     48.00     35.40     22.13     30.56     63.40     43.33     57.96     65.35      2.47 
   395       41.52      0.48089   0.24476  -0.17743   0.91513        84.80     48.40     52.60    -13.87    -10.00     75.00     46.35     60.00     63.36      8.58 
   396       45.12      0.47592   0.25530  -0.18215   0.90468        83.20     32.67     58.00     12.53      6.11     81.60     52.78     63.45     62.63     -1.79 
   397       44.14      0.48583   0.24365  -0.18762   0.89975        80.00     34.00     42.00     29.33      7.78     67.90     46.43     62.98     53.74     17.28 
   398       45.09      0.47232   0.24382  -0.18574   0.91223        94.00     40.40     41.00     10.13     17.78     81.80     38.02     57.42     60.32     10.06 
   399       41.01      0.48377   0.25051  -0.19267   0.90579        85.80     45.33     59.20    -14.13     -2.22     70.00     47.14     55.09     57.87      5.99 
   400       42.31      0.46641   0.24293  -0.18091   0.90077        88.80     52.93     48.00     13.87    -22.78     60.50     52.30     61.71     56.24     11.48 
   401       45.60      0.47415   0.25438  -0.19498   0.91674        75.80     46.93     50.40     32.53      0.00     72.50     48.33     62.69     53.29     13.52 
   402       42.92      0.48422   0.25466  -0.18455   0.90916        74.20     43.60     41.20      7.73     13.33     67.20     54.37     60.00     58.05      9.57 
   403       40.23      0.48243   0.25888  -0.18883   0.90731        84.40     33.87     46.60     13.87      8.89     63.30     33.73     56.40     53.20      8.09 
   404       40.67      0.47860   0.24352  -0.18514   0.90161        83.00     33.33     51.00     30.93    -18.33     52.10     40.56     57.24     62.99     13.89 
   405       47.71      0.47913   0.25117  -0.18567   0.90750        87.20     54.67     60.20     38.93      8.89     60.00     42.62     61.96     60.05      2.59 
   406       32.66      1.01959   0.60916   0.20959   0.70674        65.40     35.87     25.80      6.13    -16.11     73.60     35.16     56.76     41.77      2.22 
   407       32.99      1.02714   0.96501   0.16409   0.75281        57.40     34.80     38.40      5.87     -2.22     68.60     23.17     58.11     43.76      1.98 
   408       33.90      1.12400   0.61258  -0.20958   0.98416        72.60     30.40     29.20     11.73    -13.89     69.80     33.17     59.82     42.22      3.95 
   409       35.33      1.72258   0.41128  -0.70716   0.58779        68.00     28.93     25.60     13.87     -3.33     82.10     31.98     56.87     40.59      8.70 
   410       36.66      1.16846   0.39932  -0.21304   0.60297        67.60     27.20     57.00     -5.87     -2.22     64.60     35.40     64.00     53.83      5.06 
   411       39.69      1.12842   0.46153  -0.61910   0.93841        81.40     41.20     52.00      1.07      6.67     74.30     27.14     58.98     49.98      4.14 
   412       47.25      0.49208   0.28815  -0.78015   0.85928        96.60     56.00     62.40     17.87      9.44     59.10     49.84     56.95     62.04      2.28 
   413       40.86      1.03389   0.38291  -0.94884   0.91770        82.80     39.87     51.60      6.67      1.67     71.30     35.95     66.73     48.98      3.09 
   414       42.37      0.42976   0.81671  -0.92450   0.99910        92.20     54.80     54.40      6.13    -13.33     44.10     42.46     62.62     68.07     12.22 
   415       47.99      0.17764   0.70234  -0.93600   0.52257        67.80     74.27     67.60     19.20     -5.00     54.50     56.27     64.51     77.32      3.46 
   416       45.78      0.69807   0.85747  -0.82013   0.54614        92.00     47.47     33.00     14.13     17.78     74.20     45.24     60.18     62.31     11.48 
   417       41.27      0.50412   0.85857  -0.49197   0.20960        78.00     41.47     50.60     14.93      2.78     67.30     36.59     56.62     57.51      6.91 
   418       44.54      0.00121   0.52103  -0.11393   0.57554        93.80     57.60     49.40     -4.53     -5.56     55.10     53.10     55.75     76.60     14.14 
   419       44.14      0.21222   0.90014  -0.43168   0.19078        76.80     56.13     45.00     29.33     -9.44     65.10     47.22     60.22     67.30      3.70 
   420       48.04      0.32658   0.45778  -0.00107   0.33858        85.80     40.00     42.00     25.33     22.22     83.10     50.87     62.69     58.23     10.19 
   421       39.37      0.75483   0.11021   0.27604   0.75616        82.20     28.27     38.80      0.80     -1.11     77.70     43.10     60.73     48.12     15.06 
   422       42.20      0.08802   0.13650  -0.05849   0.92693        74.60     47.47     57.20     -6.13      4.44     57.10     55.32     59.75     65.53      6.73 
   423       46.85      0.42922  -0.05759   0.03082   0.90072        81.20     54.27     45.00     16.27     -2.22     83.00     53.89     61.45     59.68     15.93 
   424       40.68      0.74550  -0.21280  -0.09445   0.75475        80.40     42.13     43.20     16.27    -12.78     79.90     35.32     53.38     55.19     13.83 
   425       39.95      0.78179  -0.18774  -0.30321   0.94945        77.80     40.53     53.20      0.00      1.11     69.20     37.14     61.93     52.97      5.62 
   426       37.81      1.04076  -0.43034  -0.25155   0.73183        71.80     25.87     55.20      4.80    -10.56     74.30     45.79     60.29     52.38     -1.79 
   427       40.75      0.92980  -0.21625  -0.53277   0.76725        86.20     34.27     42.40      0.53     18.89     71.60     38.49     61.31     47.53      6.23 
   428       41.44      1.03792   0.17380  -0.79091   0.79469        74.80     39.60     38.00     15.20     16.67     79.80     35.16     60.00     50.52      4.63 
   429       42.87      0.71965   0.28699  -0.57118   0.65030        92.20     50.80     47.60     18.13     11.67     47.30     44.92     57.56     56.78      1.73 
   430       42.30      0.65486   0.55429  -0.24189   0.75353        87.40     49.47     36.80     26.40    -11.67     75.10     46.03     58.00     54.15      1.30 
   431       47.99      0.26232   0.73268  -0.48665   0.51480        92.20     53.60     52.20      7.73     21.67     77.10     48.97     53.16     67.17      6.11 
   432       39.96      0.41377   0.47743  -0.12436   0.89280        74.40     39.33     51.60     14.67    -11.11     59.90     51.43     56.84     57.78      4.75 
   433       48.02      0.16817   0.41447  -0.12547   0.88702        91.00     58.13     57.00     35.20      4.44     36.80     46.19     62.76     71.61     17.04 
   434       40.64      0.34157   0.22040   0.22175   0.89746        78.60     35.33     41.40      5.33     -5.56     84.20     44.92     64.87     48.75      8.58 
   435       41.89      0.27769  -0.04448   0.24860   0.56721        83.20     38.40     39.40      8.27      1.67     68.50     58.49     58.76     58.73      3.46 
   436       36.92      0.67498   0.07159   0.34621   0.78577        75.60     25.07     36.40     18.40    -15.00     77.10     32.22     64.40     50.98      4.07 
   437       34.02      1.13017   0.18767   0.58698   0.48139        64.80     33.47     20.80     19.20     -4.44     64.90     37.06     61.60     36.69      6.11 
   438       41.72      0.65418  -0.09864   0.58737   0.59033        80.20     26.67     29.20      8.00     12.78     89.30     44.60     60.55     54.42     11.48 
   439       44.34      0.25093  -0.09362   0.27954   0.78125        74.80     33.87     51.60      6.13     17.22     71.10     54.60     61.38     60.27     12.47 
   440       38.47      0.28651  -0.36697   0.33049   0.85731        73.00     57.20     37.60     -4.53     -6.11     55.80     41.11     60.51     63.45      6.67 
   441       34.41      0.44330  -0.59291   0.30972   0.85907        72.60     39.20     32.40    -20.00     -5.56     68.30     36.98     58.55     55.42      6.17 
   442       36.21      0.64101  -0.66658   0.52995   0.97694        90.00     24.00     34.00    -26.67      5.00     78.00     38.10     59.64     52.24      7.78 
   443       28.83      0.76708  -0.78650   0.66770   0.95655        58.40     25.87     40.80    -17.07    -36.67     77.70     31.11     53.82     45.76      8.58 
   444       36.32      0.84106  -0.88223   0.36697   0.65672        72.80     32.13     32.20     22.93    -20.56     66.90     36.11     63.45     51.88      5.31 
   445       36.17      1.27170  -0.62805   0.54756   0.57139        64.20     29.87     32.00     21.33      6.67     76.20     23.33     59.93     43.31      4.88 
   446       33.88      1.20254  -0.64228   0.53504   0.54284        77.40     27.33     34.20     12.53    -18.33     70.50     27.22     56.69     45.94      5.31 
   447       39.38      0.87236  -0.50923   0.75179   0.59346        79.20     35.07     34.60     13.60     -7.22     82.90     40.24     59.85     40.09     15.49 
   448       37.98      0.73520  -0.57473   0.60467   0.39019        60.40     26.27     38.20      5.07     16.67     78.90     30.63     60.11     56.60      6.98 
   449       39.38      0.61056  -0.62647   0.41545   0.32760        71.80     46.67     44.00      4.27     -1.11     69.70     40.63     58.47     50.93      8.40 
   450       38.73      0.98029  -0.79426   0.34270   0.41614        77.40     33.73     39.40     13.33     -6.11     76.50     26.51     61.82     51.61     13.15 
   451       42.56      1.09542  -0.86091   0.51477   0.58798        77.20     41.60     25.80     10.67     36.11     77.90     37.54     57.60     45.53     15.68 
   452       38.13      0.79791  -0.84867   0.51979   0.68496        79.60     32.27     31.80      9.07      8.89     66.80     36.98     63.09     47.17      5.68 
   453       33.50      1.00883  -0.75150   0.66828   0.60191        62.60     36.93     26.40     -4.00     -4.44     68.20     35.63     55.09     49.16      9.38 
   454       36.09      1.25882  -0.62200   0.47112   0.85568        82.60     29.20     19.60    -17.07     30.00     72.80     33.97     62.87     39.41      7.53 
   455       45.73      0.87705  -0.87833   0.28012   0.73443        83.40     55.73     42.60      5.33     22.22     89.30     31.67     66.36     52.06      8.58 
   456       34.92      0.54357  -0.80418   0.33367   0.68610        68.00     23.33     39.20    -13.33    -17.78     77.80     43.89     56.18     58.64     13.27 
   457       40.03      0.90553  -0.75909   0.14256   0.53235        74.00     38.00     43.40      5.60     10.56     78.10     29.05     61.85     51.61      8.09 
   458       35.67      0.93288  -0.89804   0.03007   0.36311        80.40     41.47     47.60     -9.60    -18.89     62.00     29.37     63.13     53.61      7.59 
   459       36.03      1.23963  -0.69475   0.32498   0.48977        71.60     38.40     14.60     19.20     -2.78     79.20     33.49     57.42     46.35      2.78 
   460       34.62      0.82688  -0.58135   0.30244   0.65604        77.00     43.60     43.80    -15.73    -22.78     68.20     41.67     54.87     51.47      4.14 
   461       39.71      0.62843  -0.71627   0.05437   0.75413        74.80     41.60     40.80     -9.87     14.44     71.20     48.89     53.89     57.37      3.95 
   462       35.56      0.99505  -0.62358   0.19742   0.49469        80.00     25.47     43.60     18.13    -35.00     68.20     34.29     58.87     50.16     11.91 
   463       39.86      0.75556  -0.70510  -0.02549   0.63797        83.60     27.73     28.60      9.60     27.22     60.70     42.70     60.84     57.46      0.12 
   464       37.13      1.03744  -0.57895   0.17938   0.59148        72.80     32.13     37.80     11.20     -7.22     79.00     25.08     63.05     53.33      4.14 
   465       36.37      0.60712  -0.78374  -0.04484   0.75787        93.80     29.60     37.00     -7.20    -19.44     75.90     31.90     59.05     59.00      4.07 
   466       36.93      0.84739  -0.66712   0.13190   0.69480        77.20     26.53     46.20      7.20    -10.56     76.60     26.51     53.96     49.39     16.23 
   467       38.58      0.76028  -0.69518  -0.09561   0.50795        83.40     41.33     27.40     24.80    -14.44     66.30     35.87     60.33     56.10      4.69 
   468       38.93      1.00918  -0.76817   0.04188   0.60883        84.60     42.00     37.00      3.47    -17.78     74.70     41.03     60.44     48.21     15.68 
   469       41.84      1.19907  -0.69177   0.11379   0.46025        78.00     37.47     26.60     17.33     42.78     73.80     28.02     59.24     41.00     14.20 
   470       33.02      1.07540  -0.53496   0.05880   0.57475        65.00     31.20     31.40      6.67    -25.00     74.30     33.41     62.33     46.17      4.75 
   471       39.79      1.12282  -0.74053   0.07718   0.29796        68.00     35.20     32.40     18.93     10.56     79.20     31.35     61.60     50.34     10.37 
   472       34.83      1.33025  -0.53952   0.14273   0.59129        81.40     33.47     33.20     -1.60    -13.89     67.10     35.16     60.76     47.85      4.88 
   473       34.00      1.36972  -0.48781   0.01904   0.62669        64.40     31.73     36.00      8.27    -14.44     69.30     37.94     60.15     40.41      6.30 
   474       32.98      1.56050  -0.43431   0.03186   0.76204        62.00     41.47     20.20      4.80      3.33     65.60     29.13     56.84     43.81      2.65 
   475       32.99      1.60494  -0.52451   0.09687   0.59942        83.20     29.20     22.40     -8.00     12.78     63.00     19.37     66.40     41.63     -0.06 
   476       30.99      1.51816  -0.46199   0.01214   0.54507        72.20     13.87      7.20      4.53     -3.33     74.90     31.35     58.80     43.54      6.85 
   477       32.70      1.54248  -0.43751   0.05730   0.57862        72.20     39.47     16.80      9.60    -11.67     69.80     31.67     54.69     39.09      5.31 
   478       35.86      1.43393  -0.41860   0.16247   0.56915        70.00     24.13     30.80      8.27     18.89     69.50     31.27     58.25     41.72      5.80 
   479       33.44      1.34037  -0.40916   0.21073   0.55194        57.60     27.07     30.60     19.47    -14.44     73.10     27.54     56.04     50.39      7.10 
   480       34.09      1.55569  -0.30539   0.11739   0.47935        71.20     38.67     33.40     -4.53     -1.11     61.30     27.30     56.44     47.76     10.49 
   481       34.20      1.48740  -0.35169   0.07587   0.51387        68.20     35.47     30.60      4.53     -0.56     74.80     25.87     56.04     43.49      3.58 
   482       35.35      1.39359  -0.30568   0.15970   0.54058        75.60     28.40     24.00     14.93      7.78     69.20     24.21     61.31     44.90      3.21 
   483       35.67      1.23127  -0.18950   0.22668   0.50206        71.20     31.87     34.00     12.53     -7.22     78.90     28.33     58.55     38.00     10.56 
   484       32.66      1.07430  -0.12581   0.12439   0.43870        69.60     20.53     36.20    -12.80      1.67     65.80     37.86     60.29     44.26      3.21 
   485       36.10      1.06039  -0.23243   0.26703   0.59516        63.00     39.20     46.40      9.07    -18.89     75.30     32.06     59.35     50.98      4.57 
   486       37.63      1.00947  -0.19981   0.25273   0.62423        76.40     21.20     50.20     -8.53     12.22     70.70     37.14     60.04     47.76      9.20 
   487       39.00      0.99503  -0.15409   0.22612   0.68119        66.40     43.20     48.20     -6.40      7.22     78.40     35.71     61.64     45.03     10.62 
   488       33.19      1.01604  -0.15198   0.23506   0.73069        69.80     24.27     32.40    -14.67     -7.78     79.30     36.90     54.65     45.76     11.23 
   489       33.30      0.91486  -0.18136   0.16387   0.66727        70.00     27.87     33.00     -0.80    -17.22     81.60     33.10     57.78     44.44      3.21 
   490       33.10      1.03873  -0.13119   0.27585   0.71266        59.20     31.60     33.00     -5.60     -2.22     65.20     31.03     62.22     43.49     13.09 
   491       35.22      1.04271  -0.19799   0.24402   0.72093        64.00     27.07     29.20     18.93      6.11     70.80     32.70     55.45     45.99      1.98 
   492       35.99      0.93315  -0.17647   0.23934   0.64091        70.20     29.20     39.00     -8.53     -3.89     85.80     37.06     57.35     49.16      4.51 
   493       36.73      0.93804  -0.09591   0.26426   0.72512        80.20     27.33     34.00     -2.67     12.78     71.40     31.98     58.18     41.36     12.78 
   494       34.97      0.97423  -0.16018   0.17256   0.61749        74.40     30.00     45.80     20.27    -29.44     70.60     30.87     61.13     44.99      1.11 
   495       37.06      0.90144  -0.10575   0.23502   0.67442        74.40     39.07     25.20      7.47     -2.78     72.90     30.56     60.98     50.43     12.35 
   496       34.72      0.90633  -0.10549   0.23161   0.68107        68.80     31.87     47.20    -14.13      2.78     71.70     23.81     60.98     50.84      3.40 
   497       39.64      0.91598  -0.10216   0.24419   0.67566        77.80     22.27     33.00     18.13     30.00     73.30     33.89     59.71     48.39     -0.06 
   498       40.39      0.92158  -0.10372   0.24731   0.67056        68.60     27.20     32.20     23.73     30.00     70.00     40.24     57.42     47.80      6.73 
   499       40.94      0.91763  -0.10196   0.24668   0.66367        69.00     47.33     26.20      5.07     23.33     75.90     38.81     65.38     50.75      7.59 
   500       32.50      0.91882  -0.10955   0.25419   0.66518        68.40     31.73     36.20    -10.67    -22.78     65.00     37.94     61.27     50.02      7.90 
   501       28.27      0.93004  -0.09833   0.23784   0.66560        48.40     30.40     25.80     -4.80    -19.44     73.40     23.17     55.49     43.08      7.22 
   502       33.54      0.90367  -0.10052   0.24384   0.65947        65.80     36.93     34.00    -14.13      3.89     67.90     27.62     59.82     46.44      7.10 
   503       38.97      0.90294  -0.10775   0.24020   0.65660        71.60     30.27     32.80     -0.27     30.00     75.60     33.81     59.20     47.35      9.38 
   504       37.77      0.92578  -0.10498   0.25464   0.66293        70.20     36.13     40.20     17.33    -18.89     72.40     39.92     59.78     52.20      8.46 
   505       39.55      0.91347  -0.10549   0.24892   0.65478        74.20     40.40     44.60     10.93      2.22     86.30     25.00     59.96     46.17      5.68 
   506       34.82      0.91763  -0.10196   0.24668   0.66367        74.80     34.53     29.40      3.20     -4.44     72.50     28.02     60.65     49.34      0.25 
   507       32.57      0.74650  -0.16159   0.73278   0.35271        63.60     38.80     30.20     -6.13    -18.89     64.60     38.25     60.33     44.44     10.49 
   508       32.22      1.46999  -0.24251   0.33509   0.52588        71.60     20.67     22.80      3.20      9.44     65.00     29.68     64.51     37.55     -2.22 
   509       28.86      2.01097  -0.24748   0.67472   0.93279        48.40     27.20     42.80     -4.53     -5.56     68.70     16.11     56.55     36.73      2.22 
   510       28.18      2.16126  -0.55922   0.24164   0.48680        50.20     18.40     31.20    -11.47    -14.44     68.60     37.30     62.11     35.37      4.57 
   511       26.48      2.43085  -0.53253   0.37847   0.58585        46.20     26.67     21.20     17.33    -17.22     61.00     10.71     53.96     36.51      8.40 
   512       32.61      1.85597  -0.16754  -0.12369   0.25032        81.40     15.33     22.00     19.47      0.56     65.30     23.81     62.29     35.56      0.37 
   513       27.18      2.33274   0.12131  -0.55422   0.65753        49.80     21.33     26.00     -9.07     -2.22     61.30     25.16     58.18     36.24      5.12 
   514       30.90      1.32217  -0.00233  -0.11818   0.53011        65.60     23.73     40.00     -4.00    -42.78     76.80     42.46     59.27     43.72      4.20 
   515       32.89      1.43264   0.37015   0.27266   0.51613        35.00     27.60     36.40      2.13     16.11     70.80     29.37     65.49     41.77      4.26 
   516       32.90      1.42446  -0.04918  -0.20178   0.87773        63.40     24.40     37.80     -7.20      1.67     72.40     29.37     59.31     43.31      4.57 
   517       38.62      0.88992  -0.02863  -0.59278   0.77563        79.80     39.33     38.00      9.33    -10.56     68.90     34.60     60.65     53.29     12.84 
   518       45.08      0.51691   0.33167  -0.98310   0.67093        84.00     51.07     76.40     18.13     -5.00     48.50     48.25     57.85     69.21      2.41 
   519       38.00      1.03501   0.04770  -0.72020   0.65500        79.00     42.27     44.20     -3.20      6.67     69.10     31.19     54.25     50.43      6.05 
   520       42.36      0.20605   0.02212  -0.74330   0.38328        76.60     48.93     70.00     32.53      1.11     -8.60     46.83     60.07     81.04     15.06 
   521       41.57      0.04756   0.36421  -0.36823   0.28317        92.40     55.47     74.60    -14.40    -22.78     35.60     53.17     59.02     76.60      6.05 
   522       42.43      0.22624   0.41383  -0.70896   0.04204        71.80     55.47     64.20     -2.40    -15.56     46.70     56.67     62.47     77.91      7.04 
   523       47.78      0.50870  -0.01112  -0.77964   0.27653        99.00     46.40     62.40     13.87      9.44     55.80     55.87     61.56     67.07      6.36 
   524       40.98      1.05906   0.41541  -0.46897   0.66379        78.60     40.00     45.20     -3.20     12.78     70.70     45.16     63.27     50.88      6.42 
   525       33.91      1.65353   0.79066  -0.73626   0.50571        69.20     29.60     28.00     -0.80     -1.67     75.30     25.79     63.27     45.31      5.06 
   526       38.46      1.22402   0.27866  -0.83112   0.90325        73.20     39.87     45.80     25.87    -30.56     72.80     40.24     63.64     48.16      5.62 
